# NaN NaN NaN ;Mean Elev.(m), Avg Gradient(m/km), RMS Gradient(m/km) - SRTM1     
#   52.296  -4.260   9.503 ;Mean Elev.(m), Avg Gradient(m/km), RMS Gradient(m/km) - ASTER GDEM
#   60.316  -3.631   9.792 ;Mean Elev.(m), Avg Gradient(m/km), RMS Gradient(m/km) - GMTED2010 
  7 129.846867  62.572746    82.838    82.825  5 52461.10255887 49.051
  8 129.846817  62.580629    83.635    85.062  9 52496.10255777 27.013
  9 129.852154  62.571125    82.329    82.287  5 52531.10254513 46.779
 10 129.851839  62.570386    80.267    80.238  5 52566.10256601 46.367
 11 129.877213  62.631257    79.770    79.599 15 52601.10257020 28.723
 12 129.847954  62.573474    80.194    80.205  5 52636.10254390 26.067
 13 129.879534  62.624829    79.505    79.301 12 52671.10253999 21.789
 14 129.850985  62.573312    81.693    82.037  5 52706.10254557 20.123
 15 129.880595  62.630130    80.588    79.857 14 52741.10256795 14.843
 16 129.876251  62.627712    81.820    79.743 11 52776.10251309 28.560
 17 129.849019  62.573466    83.976    83.236  5 52811.10260028 27.887
 19 129.877337  62.619564    84.169    83.818  9 52881.10268369 19.873
 20 129.838453  62.576361    80.366    80.386  4 52916.10264997 40.168
 21 129.859493  62.572477    79.935    79.939  3 52951.10261055 26.984
 22 129.849881  62.572893    79.788    79.753  5 52986.10263064 25.397
 23 129.879110  62.623077    80.505    79.612 12 53021.10261046 20.625
 24 129.851831  62.570993    78.619    78.407  5 53056.10260975 24.264
 25 129.871271  62.631965    81.756    81.259 18 53091.10263585 15.772
 26 129.851433  62.572401    85.260    85.639  5 53126.10261762 11.670
 27 129.881144  62.627227    96.542    99.932  9 53161.10266871 24.633
 28 129.844902  62.574632    83.047    83.091  6 53196.10267709 50.116
 29 129.844629  62.573472    85.224    85.116  4 53231.10266121 21.355
 30 129.873547  62.633252    83.253    82.882 17 53266.10261949 22.526
 31 129.878499  62.621422    81.304    81.219 11 53301.10267152 44.894
 32 129.879626  62.623434    80.482    80.554 10 53336.10264183 25.372
 33 129.878225  62.632726    80.781    80.676 15 53371.10257754 19.863
 35 129.877235  62.631868    80.065    80.122 15 53441.10259934 18.494
 36 129.844895  62.576962    82.245    82.241  6 53476.10267684 13.829
 38 129.878707  62.629331    83.515    83.025 10 53546.10269754 21.634
 39 129.877695  62.625407    87.435    82.042  9 53581.10267211 29.177
 40 129.869463  62.626939    82.686    81.713 13 53616.10262691 21.648
 41 129.847151  62.572495    79.579    79.580  4 53651.10265108 39.385
 42 129.881110  62.629584    80.240    80.203 14 53686.10264696 22.721
 43 129.880061  62.631718    80.276    80.225 14 53721.10257257 20.214
 44 129.857088  62.571671    79.648    79.696  5 53756.10251239 22.225
 45 129.844603  62.575679    79.216    78.726  5 53791.10253936 20.944
 46 129.859333  62.572002    81.544    82.877  3 53826.10249962 18.594
 47 129.856950  62.589862    92.710    86.453  4 53861.10258745 23.960
 48 129.846893  62.573447    87.063    87.023  5 53896.10261034 29.398
 49 129.876447  62.630166    83.820    83.075 13 53931.10265045 21.902
 50 129.875985  62.629932    87.522    82.647  8 53966.10262717 37.843
 52 129.847610  62.572253    79.948    80.013  5 54036.10263999 44.136
 53 129.844452  62.576548    83.437    84.622  6 54071.10263369 17.587
 54 129.874750  62.632420    82.423    81.322 16 54106.10257485 16.284
 55 129.846106  62.571926    84.270    84.379  5 54141.10256735 15.797
 56 129.879674  62.630567    82.334    81.343 14 54176.10255606 14.560
 57 129.845687  62.574044    85.232    85.639  6 54211.10257388 18.291
 58 129.854206  62.587129    85.416    85.422  4 54246.10260099 49.004
 60 129.880311  62.622639    83.823    83.631  7 54316.10260337 23.115
 61 129.878709  62.629416    82.669    80.986 15 54351.10256963 25.090
 62 129.845815  62.573273    85.050    85.062  4 54386.10255237 20.177
 63 129.880879  62.631035    82.703    81.209 13 54421.10251912 18.622
 64 129.852706  62.572658    84.370    84.335  5 54456.10252490 15.538
 65 129.880736  62.626286    81.684    80.328 11 54491.10252123 15.762
 66 129.846977  62.571716    84.422    84.145  5 54526.10253811 13.848
 67 129.880686  62.631442    83.015    81.806 13 54561.10252873 10.365
 68 129.843626  62.576077    87.543    81.785  5 54596.10253306 30.817
 69 129.880500  62.622790    84.971    84.694  8 54631.10253744 37.296
 70 129.877492  62.620053    81.887    82.084  9 54666.10254425 44.038
 71 129.879964  62.630446    82.370    82.110 14 54701.10251102 32.565
 72 129.849281  62.573136    84.895    84.799  3 54736.10251322 19.072
 73 129.882491  62.627845    80.703    80.739 10 54771.10249227 45.490
 74 129.846533  62.571481    80.331    80.326  5 54806.10250739 25.475
 75 129.862353  62.599987    80.734    80.725  8 54841.10249333 19.557
 76 129.845712  62.575468    80.108    79.952  6 54876.10250793 20.117
 77 129.877009  62.630463    80.686    80.691 15 54911.10249289 15.308
 78 129.845443  62.573691    85.998    86.206  5 54946.10250068 25.431
 79 129.878310  62.620993    84.111    83.632  9 54981.10251737 35.489
 80 129.845103  62.578474    84.987    84.487  7 55016.10252757 46.191
 81 129.843567  62.576399    83.273    84.934  6 55051.10252240 25.177
 82 129.873942  62.627935    81.676    81.403 15 55086.10247753 39.756
 83 129.848586  62.572586    81.551    81.546  5 55121.10245698 50.552
 84 129.881696  62.631337    79.592    79.669 14 55156.10243689 29.417
 85 129.849225  62.573866    80.204    80.178  5 55191.10244603 27.711
 86 129.881275  62.629242    79.387    79.502 14 55226.10243778 20.796
 87 129.843951  62.573953    79.227    79.225  4 55261.10244200 19.906
 88 129.881187  62.632520    79.509    79.299 14 55296.10242224 17.940
 89 129.886256  62.631751    96.184   100.877  4 55331.10241069 27.691
 90 129.880468  62.626421    84.427    83.917 11 55366.10240516 22.144
 91 129.849191  62.573944    81.403    80.918  5 55401.10242830 33.870
 92 129.862308  62.600592    81.702    81.843 10 55436.10242737 35.240
 93 129.878254  62.633012    80.724    80.598 15 55471.10237317 41.330
