# NaN NaN NaN ;Mean Elev.(m), Avg Gradient(m/km), RMS Gradient(m/km) - SRTM1     
#   59.104  -0.926   3.890 ;Mean Elev.(m), Avg Gradient(m/km), RMS Gradient(m/km) - ASTER GDEM
#   36.111  -2.134   7.159 ;Mean Elev.(m), Avg Gradient(m/km), RMS Gradient(m/km) - GMTED2010 
  8 128.297195  63.568423    66.370    66.337 29 52496.51173743 36.465
 10 128.307492  63.545382    66.005    65.834 12 52566.51174084 42.978
 11 128.310386  63.545085    66.820    65.944 19 52601.51175244 26.823
 13 128.311395  63.543834    67.147    66.791 19 52671.51172191 17.537
 14 128.301654  63.546601    66.627    65.912  7 52706.51172072 16.518
 15 128.313012  63.541441    67.134    66.765 18 52741.51175213 15.700
 16 128.310622  63.563721    65.574    65.472 31 52776.51169985 40.862
 19 128.305051  63.545691    68.133    67.101  8 52881.51186625 24.434
 20 128.299657  63.568643    66.917    66.899 32 52916.51182770 50.942
 23 128.299996  63.566893    66.746    67.357 31 53021.51179561 14.525
 26 128.301117  63.547389    66.397    65.923  8 53126.51179052 17.084
 28 128.310828  63.544930    68.597    68.710 19 53196.51185063 51.302
 29 128.299396  63.567379    67.993    68.084 30 53231.51183700 49.049
 30 128.305328  63.566378    68.616    68.669 33 53266.51180624 25.184
 32 128.311608  63.544401    67.105    66.410 19 53336.51182398 14.551
 33 128.307635  63.565660    67.443    67.584 31 53371.51176453 12.503
 34 128.304487  63.546038    67.467    66.788  7 53406.51179710 10.811
 35 128.301120  63.569830    67.707    67.951 30 53441.51178760 10.296
 37 128.309028  63.543512    70.139    70.272 11 53511.51186435 51.636
 38 128.310219  63.542951    68.959    69.118 15 53546.51188138 47.777
 39 128.296349  63.566185    69.346    69.562 25 53581.51185823 46.897
 40 128.298821  63.568973    68.980    68.998 32 53616.51181385 26.500
 41 128.304195  63.545631    66.808    66.542  7 53651.51182448 26.965
 42 128.307232  63.543824    66.117    65.906  8 53686.51182977 22.155
 43 128.306920  63.565669    66.768    67.057 32 53721.51175956 16.250
 44 128.305917  63.546308    66.842    66.064 11 53756.51168601 14.776
 45 128.295388  63.569720    66.991    67.275 29 53791.51171690 13.403
 48 128.305561  63.546042    71.075    71.399  9 53896.51178440 28.100
 50 128.307599  63.545414    67.844    67.965 12 53966.51181034 50.209
 52 128.309820  63.542378    65.824    65.742 13 54036.51181174 40.416
 53 128.313014  63.543913    67.023    65.884 21 54071.51180614 16.600
 54 128.302254  63.569134    67.777    67.601 31 54106.51176252 13.467
 55 128.301917  63.545875    67.282    65.576  6 54141.51174057 11.759
 56 128.295951  63.569141    67.887    67.832 29 54176.51174407 11.271
 57 128.302492  63.545518    67.143    66.525  6 54211.51174745 10.938
 58 128.304732  63.547521    71.829    71.986 10 54246.51177753 51.969
 60 128.312139  63.547238    68.560    68.790 24 54316.51178599 44.627
 61 128.300197  63.566484    67.392    67.387 31 54351.51175684 50.407
 62 128.309139  63.542970    66.603    66.655 10 54386.51172446 41.882
 63 128.297541  63.566350    66.024    65.715 27 54421.51170654 23.853
 65 128.295404  63.568509    67.155    67.265 28 54491.51170868 14.466
 66 128.306256  63.545116    66.600    65.507  9 54526.51171069 13.166
 67 128.298464  63.567049    68.228    68.558 31 54561.51171678  9.916
 68 128.310393  63.543586    66.830    67.623 17 54596.51170629 40.691
 69 128.307325  63.546132    69.503    69.856 14 54631.51172033 38.516
 70 128.310905  63.541703    67.588    67.778 12 54666.51172553 42.983
 71 128.300801  63.567859    68.903    68.692 31 54701.51169875 27.039
 73 128.295493  63.567756    66.172    65.999 25 54771.51167935 40.085
 75 128.309593  63.547436    65.436    64.645 22 54841.51167140 17.487
 76 128.304279  63.545674    65.819    65.274  7 54876.51168148 15.681
 77 128.298580  63.566825    65.908    66.051 31 54911.51168030 13.171
 78 128.301302  63.546357    65.786    65.474  7 54946.51167455 37.448
 79 128.310425  63.542867    70.368    70.495 15 54981.51169962 50.148
 80 128.311760  63.542867    69.037    69.186 19 55016.51170015 49.175
 81 128.312579  63.544485    67.737    67.858 21 55051.51169530 44.418
 82 128.301972  63.566622    68.090    67.503 33 55086.51166430 26.670
 83 128.302267  63.547436    68.189    67.635  7 55121.51163021 35.549
 84 128.312924  63.546627    65.894    65.298 24 55156.51162043 24.679
 86 128.313336  63.545985    66.107    65.433 23 55226.51162100 17.776
 87 128.310809  63.542749    66.131    65.504 15 55261.51161426 16.852
 88 128.298240  63.568261    66.339    66.133 31 55296.51161062 14.333
 89 128.310410  63.543153    66.446    66.411 16 55331.51159488 47.745
 90 128.297251  63.565065    68.779    68.747 25 55366.51159193 45.144
 92 128.294845  63.567959    66.970    66.928 25 55436.51160995 47.006
 93 128.299946  63.571381    66.680    66.670 30 55471.51156155 48.375
