# NaN NaN NaN ;Mean Elev.(m), Avg Gradient(m/km), RMS Gradient(m/km) - SRTM1     
#   15.534  -0.853   4.188 ;Mean Elev.(m), Avg Gradient(m/km), RMS Gradient(m/km) - ASTER GDEM
#   21.406  -1.074   6.824 ;Mean Elev.(m), Avg Gradient(m/km), RMS Gradient(m/km) - GMTED2010 
  7 123.546435  66.605203    11.012    10.980 19 52447.12970540 16.912
  8 123.547549  66.606150    33.750    33.835 18 52482.12969516 17.680
  9 123.545015  66.605298    30.603    29.745 19 52517.12965000 28.666
 10 123.550912  66.595509    30.365    30.373 19 52552.12970041 51.789
 11 123.549526  66.599683    28.921    28.907 18 52587.12967612 21.844
 12 123.542917  66.606080    30.250    29.433 19 52622.12964260 14.698
 13 123.548709  66.593675    29.982    29.498 19 52657.12965135 13.432
 15 123.549356  66.597359    31.172    30.743 19 52727.12967711  8.682
 16 123.537653  66.611629    31.379    31.024 18 52762.12968954  7.709
 17 123.552998  66.585211    39.054    39.064 19 52797.12965493 50.433
 18 123.552471  66.585175    34.100    33.935 20 52832.12972691 36.133
 19 123.549967  66.589862    32.209    31.905 19 52867.12976924 20.795
 20 123.547173  66.604533    31.200    30.844 19 52902.12978865 21.544
 21 123.540508  66.608934    28.712    28.448 18 52937.12972763 41.961
 22 123.550002  66.596677    30.392    29.546 19 52972.12975845 23.319
 23 123.547141  66.605237    30.881    30.650 19 53007.12976834 11.831
 24 123.550235  66.590281    30.711    29.295 19 53042.12972506 10.211
 25 123.544117  66.604362    31.023    30.331 18 53077.12975581  7.673
 26 123.549602  66.593179    31.115    30.749 18 53112.12972789  7.404
 27 123.547895  66.599372    29.215    29.176 18 53147.12977042 42.652
 28 123.548643  66.594834    37.353    37.405 19 53182.12977482 19.378
 29 123.549955  66.603259    31.687    31.482 18 53217.12979683 18.108
 30 123.540598  66.609039    30.946    30.805 18 53252.12977424 30.962
 31 123.550806  66.595432    31.534    31.380 19 53287.12977325 24.139
 33 123.548828  66.605302    31.782    31.359 18 53357.12971467  8.801
 34 123.549441  66.589699    31.313    30.971 19 53392.12973163  7.381
 35 123.549121  66.603201    32.202    31.925 18 53427.12972473  6.829
 36 123.554548  66.590507    31.903    31.492 20 53462.12974182  6.059
 37 123.549575  66.605086    29.067    28.527 18 53497.12981421 38.959
 38 123.547632  66.598850    35.424    35.373 18 53532.12979527 15.127
 39 123.544752  66.606922    33.159    33.095 18 53567.12981622 17.061
 40 123.544662  66.605291    31.111    30.710 18 53602.12976104 21.835
 41 123.549396  66.593354    33.006    32.998 19 53637.12976064 50.017
 42 123.548697  66.602826    27.366    27.546 18 53672.12977983 38.426
 43 123.549290  66.604343    29.312    29.289 18 53707.12971143 19.267
 44 123.539826  66.609147    28.843    28.825 17 53742.12962291 14.761
 45 123.548224  66.591621    29.336    29.061 19 53777.12965056 13.426
 46 123.541226  66.607529    30.035    29.793 18 53812.12962549  9.845
 47 123.550974  66.595521    29.813    29.229 19 53847.12967917 10.766
 49 123.545970  66.604831    36.740    36.784 18 53917.12976012 14.127
 50 123.543444  66.606174    31.298    30.756 19 53952.12976507 26.568
 52 123.552712  66.593155    31.911    31.828 20 54022.12974524 42.153
 53 123.548269  66.590166    28.087    28.415 19 54057.12973811 27.669
 54 123.543511  66.605527    29.212    29.110 18 54092.12971859 18.277
 55 123.552180  66.587714    29.997    28.935 19 54127.12965516 14.045
 56 123.549357  66.604174    30.168    29.982 18 54162.12968724 11.935
 57 123.551518  66.592407    30.119    28.936 19 54197.12965667 10.754
 58 123.549225  66.596574    28.491    28.080 18 54232.12970162 36.837
 59 123.549972  66.599780    38.986    38.964 18 54267.12971909 51.138
 60 123.552389  66.602538    34.205    34.213 19 54302.12972298 51.492
 61 123.549624  66.605677    32.523    32.146 18 54337.12970924 19.029
 62 123.551070  66.593684    32.867    32.429 20 54372.12965731 23.901
 63 123.549847  66.604288    28.573    28.659 18 54407.12965464 39.698
 64 123.552501  66.586266    31.212    30.046 19 54442.12961811 13.145
 65 123.549411  66.598593    31.313    30.162 18 54477.12964413 10.897
 66 123.553251  66.589812    31.397    31.060 21 54512.12963300  9.931
 67 123.548694  66.603990    32.915    32.402 19 54547.12965718  5.752
 68 123.548739  66.596130    32.853    32.792 19 54582.12962749  4.964
 69 123.549867  66.599389    36.282    35.306 18 54617.12964794 24.273
 70 123.548501  66.600509    33.291    33.623 18 54652.12966030 20.370
 71 123.547651  66.605331    32.822    32.810 18 54687.12965037 44.684
 72 123.552674  66.588963    35.691    35.669 20 54722.12960845 16.168
 73 123.550037  66.603071    30.880    30.878 19 54757.12962607 37.595
 74 123.552906  66.590616    30.218    29.809 21 54792.12960180 20.470
 75 123.551569  66.598919    30.704    30.275 19 54827.12962415 15.151
 76 123.552180  66.591207    29.915    30.020 21 54862.12959545 14.132
 77 123.548375  66.604412    30.258    29.731 19 54897.12962377 10.856
 78 123.550543  66.593985    31.572    30.738 20 54932.12959109  6.858
 79 123.548343  66.599072    32.178    32.242 18 54967.12962525 30.652
 80 123.549956  66.603035    37.176    37.239 19 55002.12964459 16.099
 81 123.549670  66.599239    33.066    33.256 18 55037.12963153 22.435
 82 123.546940  66.606018    32.733    32.389 18 55072.12961743 25.590
 83 123.549047  66.589576    33.173    33.478 19 55107.12956549 19.646
 84 123.549285  66.604385    29.233    28.772 19 55142.12956839 25.363
 85 123.553071  66.587959    31.422    31.250 19 55177.12953613 14.974
 86 123.549696  66.600748    32.485    31.990 18 55212.12956355 12.071
 87 123.551094  66.593546    31.794    31.347 20 55247.12953804 10.829
 88 123.548556  66.605143    32.519    32.045 18 55282.12955654  8.195
 89 123.550998  66.602981    32.981    32.583 19 55317.12952512 13.163
 90 123.549628  66.604711    36.952    37.019 18 55352.12952876 17.876
 91 123.550665  66.592457    33.485    33.763 19 55387.12952686 21.563
 92 123.548665  66.599458    32.657    32.719 18 55422.12954764 22.437
 93 123.546078  66.605506    32.824    32.692 19 55457.12952053 18.210
