# NaN NaN NaN ;Mean Elev.(m), Avg Gradient(m/km), RMS Gradient(m/km) - SRTM1     
#   21.134  -0.860   5.544 ;Mean Elev.(m), Avg Gradient(m/km), RMS Gradient(m/km) - ASTER GDEM
#   25.561  -0.064   5.489 ;Mean Elev.(m), Avg Gradient(m/km), RMS Gradient(m/km) - GMTED2010 
  7    45.390 52460.12396406 15.19 124.331401  65.262831 12.620
  7    45.184 52460.12396470 15.05 124.328371  65.259731 12.620
  7    44.904 52460.12396535 14.17 124.325341  65.256631 12.620
  7    44.850 52460.12396599 13.92 124.322311  65.253531 12.620
  7    46.353 52460.12396664 14.35 124.319281  65.250431 12.620
  7    47.956 52460.12396857 15.37 124.310191  65.241121 12.620
  9    44.959 52530.12394129 20.85 124.341861  65.262032 22.752
  9    45.944 52530.12394194 16.64 124.338831  65.258932 22.752
  9    45.549 52530.12394258 17.71 124.335791  65.255832 22.752
  9    43.033 52530.12394323 19.09 124.332761  65.252732 22.752
  9    43.236 52530.12394387 21.36 124.329735  65.249634 20.970
  9    43.393 52530.12394452 24.25 124.326695  65.246524 20.970
  9    45.298 52530.12394645 20.32 124.317615  65.237224 20.970
  9    46.283 52530.12394710 20.64 124.314585  65.234124 20.970
 10    41.941 52565.12395960 40.26 124.341785  65.260870 26.300
 10    42.005 52565.12396025 43.13 124.338755  65.257770 26.300
 10    41.951 52565.12396089 49.10 124.335715  65.254670 26.300
 10    41.926 52565.12396154 49.46 124.332695  65.251570 26.300
 10    41.980 52565.12396218 49.46 124.329655  65.248470 26.300
 10    41.985 52565.12396283 48.27 124.326635  65.245370 26.300
 10    41.946 52565.12396476 41.09 124.317545  65.236060 26.300
 10    42.107 52565.12396540 39.93 124.314525  65.232960 26.300
 11    42.653 52600.12398475 19.12 124.323023  65.270339  5.736
 11    42.077 52600.12398540 20.08 124.319993  65.267239  5.736
 11    41.447 52600.12398604 22.11 124.316953  65.264139  5.736
 11    41.176 52600.12398668 24.25 124.313923  65.261029  5.736
 11    41.582 52600.12398733 23.82 124.310893  65.257929  5.736
 11    41.667 52600.12398797 25.22 124.307863  65.254829  5.736
 12    41.269 52635.12394270 19.06 124.335711  65.263772  4.660
 12    41.689 52635.12394334 19.49 124.332681  65.260662  4.660
 12    41.939 52635.12394398 19.96 124.329651  65.257562  4.660
 12    41.792 52635.12394463 21.92 124.326621  65.254462  4.660
 12    41.846 52635.12394527 22.09 124.323591  65.251362  4.660
 12    42.143 52635.12394656 22.02 124.317531  65.245162  4.660
 12    42.066 52635.12394721 20.95 124.314501  65.242062  4.660
 12    42.138 52635.12394785 20.19 124.311471  65.238952  4.660
 12    42.120 52635.12394850 19.47 124.308441  65.235852  4.660
 13    41.213 52670.12395202 16.33 124.327046  65.265615  4.371
 13    41.607 52670.12395266 17.35 124.324006  65.262515  4.371
 13    41.667 52670.12395331 17.55 124.320976  65.259415  4.371
 13    41.705 52670.12395395 18.73 124.317946  65.256315  4.371
 13    41.481 52670.12395460 22.08 124.314916  65.253205  4.371
 14    41.115 52705.12394196 16.19 124.338053  65.261036  4.386
 14    41.474 52705.12394260 17.77 124.335023  65.257936  4.386
 14    41.651 52705.12394325 17.31 124.331983  65.254836  4.386
 14    41.586 52705.12394389 18.83 124.328953  65.251736  4.386
 14    41.472 52705.12394454 20.67 124.325923  65.248636  4.386
 14    41.644 52705.12394518 20.09 124.322893  65.245536  4.386
 14    41.941 52705.12394583 17.89 124.319873  65.242426  4.386
 14    42.129 52705.12394647 15.99 124.316843  65.239326  4.386
 14    42.135 52705.12394712 15.66 124.313813  65.236226  4.386
 14    42.278 52705.12394776 14.79 124.310783  65.233126  4.386
 15    43.210 52740.12397665  8.84 124.324894  65.266944  2.034
 15    42.448 52740.12397730  9.04 124.321864  65.263834  2.034
 15    41.916 52740.12397794  9.51 124.318824  65.260734  2.034
 15    41.903 52740.12397859  9.74 124.315794  65.257634  2.034
 15    41.828 52740.12397923  9.56 124.312774  65.254534  2.034
 16    41.514 52775.12392370 34.51 124.323968  65.269148 19.384
 16    41.541 52775.12392434 36.63 124.320938  65.266038 19.384
 16    41.482 52775.12392498 32.69 124.317908  65.262938 19.384
 16    41.721 52775.12392563 31.33 124.314878  65.259838 19.384
 16    41.623 52775.12392627 34.73 124.311858  65.256738 19.384
 16    41.541 52775.12392692 40.34 124.308828  65.253638 19.384
 17    46.243 52810.12399852 22.01 124.337023  65.263635 18.931
 17    45.740 52810.12399916 21.90 124.333993  65.260535 18.931
 17    46.046 52810.12399981 18.07 124.330963  65.257435 18.931
 17    45.739 52810.12400045 17.92 124.327933  65.254335 18.931
 17    46.147 52810.12400110 17.18 124.324903  65.251235 18.931
 17    46.579 52810.12400174 16.59 124.321873  65.248135 18.931
 17    47.599 52810.12400239 17.03 124.318843  65.245035 18.931
 17    47.950 52810.12400303 17.49 124.315813  65.241925 18.931
 17    48.262 52810.12400368 19.34 124.312783  65.238825 18.931
 17    48.073 52810.12400432 25.03 124.309753  65.235725 18.931
 18    44.594 52845.12405482 21.40 124.337676  65.262775  7.523
 18    44.216 52845.12405546 20.84 124.334646  65.259675  7.523
 18    45.191 52845.12405611 20.25 124.331616  65.256575  7.523
 18    43.785 52845.12405675 20.04 124.328586  65.253475  7.523
 18    43.878 52845.12405740 19.70 124.325556  65.250375  7.523
 18    43.787 52845.12405804 19.48 124.322526  65.247275  7.523
 18    43.827 52845.12405869 18.97 124.319496  65.244175  7.523
 18    43.995 52845.12405933 18.27 124.316466  65.241065  7.523
 18    46.442 52845.12405998 17.96 124.313436  65.237965  7.523
 18    48.120 52845.12406062 20.73 124.310406  65.234865  7.523
 19    43.922 52880.12409207 18.63 124.330487  65.266044 12.887
 19    43.769 52880.12409271 17.42 124.327457  65.262944 12.887
 19    43.431 52880.12409336 16.54 124.324427  65.259834 12.887
 19    42.805 52880.12409400 16.91 124.321387  65.256734 12.887
 19    43.091 52880.12409465 16.57 124.318357  65.253634 12.887
 19    43.114 52880.12409529 18.94 124.315337  65.250534 12.887
 20    43.619 52915.12404983 18.12 124.324738  65.266281 15.557
 20    44.395 52915.12405047 16.10 124.321708  65.263181 15.557
 20    43.562 52915.12405112 16.51 124.318678  65.260081 15.557
 20    43.995 52915.12405176 16.14 124.315648  65.256971 15.557
 20    42.998 52915.12405241 19.42 124.312618  65.253871 15.557
 21    43.669 52950.12401031 18.27 124.344163  65.258145  3.919
 21    41.883 52950.12401096 19.27 124.341133  65.255045  3.919
 21    41.781 52950.12401160 20.25 124.338103  65.251935  3.919
 21    41.677 52950.12401225 21.23 124.335073  65.248835  3.919
 21    41.805 52950.12401547 19.38 124.319923  65.233335  3.919
 21    41.804 52950.12401611 19.36 124.316893  65.230225  3.919
 22    43.798 52985.12403387 11.36 124.337282  65.263767  2.273
 22    42.804 52985.12403452 12.42 124.334242  65.260667  2.273
 22    42.489 52985.12403516 12.11 124.331212  65.257567  2.273
 22    42.172 52985.12403581 12.20 124.328182  65.254467  2.273
 22    42.217 52985.12403645 12.61 124.325152  65.251357  2.273
 22    42.254 52985.12403710 13.09 124.322122  65.248257  2.273
 22    42.206 52985.12403774 12.85 124.319092  65.245157  2.273
 22    42.179 52985.12403839 12.82 124.316072  65.242057  2.273
 22    42.139 52985.12403903 13.34 124.313042  65.238957  2.273
 22    41.893 52985.12403968 13.76 124.310012  65.235847  2.273
 23    42.601 53020.12402459  9.29 124.325783  65.266254  2.028
 23    41.839 53020.12402524  9.24 124.322743  65.263154  2.028
 23    41.946 53020.12402588  9.66 124.319723  65.260054  2.028
 23    41.990 53020.12402652  9.97 124.316693  65.256954  2.028
 23    41.983 53020.12402717 10.37 124.313663  65.253854  2.028
 24    43.323 53055.12401163  8.71 124.339860  65.261510  1.910
 24    43.008 53055.12401227  8.28 124.336830  65.258410  1.910
 24    42.681 53055.12401292  8.60 124.333790  65.255310  1.910
 24    41.968 53055.12401356  8.93 124.330760  65.252200  1.910
 24    41.945 53055.12401421  9.08 124.327730  65.249100  1.910
 24    42.263 53055.12401485  9.15 124.324700  65.246000  1.910
 24    42.493 53055.12401550  9.53 124.321680  65.242900  1.910
 24    41.861 53055.12401614  9.74 124.318650  65.239800  1.910
 24    41.977 53055.12401679 10.34 124.315620  65.236700  1.910
 24    41.691 53055.12401743 10.42 124.312590  65.233590  1.910
 25    42.262 53090.12404771  7.77 124.318576  65.273156  2.041
 25    41.822 53090.12404835  7.84 124.315546  65.270056  2.041
 25    41.537 53090.12404899  8.20 124.312516  65.266956  2.041
 25    41.810 53090.12404964  8.33 124.309486  65.263856  2.041
 25    41.927 53090.12405028  8.31 124.306456  65.260756  2.041
 25    41.895 53090.12405093  9.05 124.303426  65.257656  2.041
 25    41.795 53090.12405157  9.43 124.300396  65.254546  2.041
 26    43.936 53125.12401913 10.33 124.338575  65.263100  2.335
 26    43.331 53125.12401978  9.67 124.335545  65.260000  2.335
 26    42.391 53125.12402042  9.25 124.332515  65.256900  2.335
 26    42.347 53125.12402107  8.52 124.329475  65.253790  2.335
 26    42.434 53125.12402171  8.28 124.326445  65.250690  2.335
 26    42.566 53125.12402236  8.02 124.323415  65.247590  2.335
 26    43.021 53125.12402300  7.76 124.320385  65.244490  2.335
 26    43.077 53125.12402365  7.96 124.317365  65.241390  2.335
 26    42.746 53125.12402429  8.27 124.314335  65.238290  2.335
 26    43.136 53125.12402493  6.96 124.311305  65.235180  2.335
 27    48.150 53160.12407906 48.88 124.328990  65.267617 48.118
 27    48.166 53160.12407971 51.16 124.325960  65.264517 48.118
 27    48.155 53160.12408035 51.78 124.322930  65.261407 48.118
 27    48.162 53160.12408099 52.88 124.319900  65.258307 48.118
 27    48.070 53160.12408164 56.47 124.316860  65.255207 48.118
 27    48.052 53160.12408228 51.85 124.313830  65.252107 48.118
 28    46.051 53195.12407615 52.12 124.330636  65.263395 40.352
 28    45.885 53195.12407680 52.77 124.327606  65.260285 40.352
 28    45.939 53195.12407744 52.16 124.324566  65.257185 40.352
 28    46.019 53195.12407808 52.05 124.321536  65.254085 40.352
 28    46.094 53195.12407873 50.96 124.318516  65.250985 40.352
 29    45.295 53230.12406423 14.44 124.330945  65.264225 15.016
 29    45.174 53230.12406488 13.76 124.327915  65.261125 15.016
 29    45.075 53230.12406552 13.08 124.324885  65.258025 15.016
 29    44.769 53230.12406617 13.45 124.321855  65.254925 15.016
 29    44.995 53230.12406681 14.11 124.318825  65.251825 15.016
 30    42.745 53265.12403429 18.80 124.317610  65.271145 11.630
 30    43.053 53265.12403494 17.18 124.314580  65.268045 11.630
 30    43.082 53265.12403558 17.47 124.311550  65.264935 11.630
 30    42.973 53265.12403623 16.60 124.308520  65.261835 11.630
 30    43.462 53265.12403687 15.86 124.305490  65.258735 11.630
 30    43.853 53265.12403751 15.85 124.302460  65.255635 11.630
 31    42.692 53300.12408271 50.57 124.327377  65.264885 26.066
 31    42.763 53300.12408336 45.89 124.324347  65.261785 26.066
 31    42.697 53300.12408400 43.50 124.321317  65.258675 26.066
 31    42.590 53300.12408465 39.90 124.318287  65.255575 26.066
 31    42.836 53300.12408529 44.15 124.315257  65.252475 26.066
 32    42.911 53335.12405243 10.65 124.329410  65.266580  2.926
 32    42.594 53335.12405307 11.00 124.326380  65.263480  2.926
 32    42.635 53335.12405371 12.08 124.323340  65.260380  2.926
 32    42.718 53335.12405436 12.80 124.320310  65.257270  2.926
 32    42.663 53335.12405500 12.94 124.317280  65.254170  2.926
 32    42.453 53335.12405565 13.00 124.314250  65.251070  2.926
 33    42.634 53370.12399132  8.52 124.321461  65.269803  2.178
 33    42.501 53370.12399196  8.67 124.318431  65.266703  2.178
 33    42.487 53370.12399261  9.16 124.315401  65.263603  2.178
 33    42.771 53370.12399325  9.29 124.312371  65.260503  2.178
 33    42.640 53370.12399390  9.34 124.309341  65.257403  2.178
 33    42.553 53370.12399454 10.00 124.306321  65.254303  2.178
 35    42.826 53440.12401184  6.51 124.322075  65.269544  1.994
 35    42.554 53440.12401248  6.70 124.319045  65.266444  1.994
 35    42.547 53440.12401313  7.30 124.316015  65.263344  1.994
 35    42.802 53440.12401377  6.79 124.312985  65.260244  1.994
 35    42.669 53440.12401442  7.08 124.309955  65.257134  1.994
 35    42.676 53440.12401506  7.36 124.306925  65.254034  1.994
 36    43.491 53475.12407541  6.32 124.331596  65.265461  2.147
 36    42.912 53475.12407605  6.35 124.328566  65.262351  2.147
 36    42.794 53475.12407670  6.64 124.325536  65.259251  2.147
 36    42.818 53475.12407734  6.38 124.322506  65.256151  2.147
 36    42.852 53475.12407798  6.72 124.319476  65.253051  2.147
 37    47.962 53510.12409166 28.26 124.330120  65.264710 29.940
 37    47.966 53510.12409230 29.00 124.327080  65.261610 29.940
 37    47.967 53510.12409295 28.44 124.324050  65.258510 29.940
 37    48.025 53510.12409359 30.44 124.321020  65.255410 29.940
 37    48.028 53510.12409424 30.00 124.317990  65.252300 29.940
 38    47.250 53545.12410746 20.82 124.326262  65.269544 22.050
 38    45.763 53545.12410810 17.73 124.323232  65.266444 22.050
 38    45.643 53545.12410874 16.53 124.320192  65.263344 22.050
 38    45.439 53545.12410939 16.16 124.317162  65.260244 22.050
 38    45.399 53545.12411003 16.97 124.314132  65.257144 22.050
 38    45.634 53545.12411068 16.30 124.311102  65.254034 22.050
 40    44.989 53615.12403883 16.96 124.318431  65.270545 14.604
 40    44.996 53615.12403948 16.56 124.315401  65.267445 14.604
 40    44.921 53615.12404012 16.12 124.312371  65.264345 14.604
 40    44.989 53615.12404077 15.68 124.309341  65.261245 14.604
 40    45.078 53615.12404141 15.31 124.306311  65.258145 14.604
 40    45.187 53615.12404206 15.75 124.303281  65.255045 14.604
 41    42.835 53650.12404981 48.00 124.335577  65.262506 30.962
 41    42.830 53650.12405045 54.15 124.332547  65.259396 30.962
 41    42.979 53650.12405110 51.43 124.329517  65.256296 30.962
 41    42.879 53650.12405174 53.58 124.326477  65.253196 30.962
 41    43.017 53650.12405239 53.34 124.323447  65.250096 30.962
 41    42.925 53650.12405303 53.15 124.320417  65.246996 30.962
 41    42.948 53650.12405368 53.05 124.317397  65.243896 30.962
 41    43.033 53650.12405432 49.78 124.314367  65.240786 30.962
 41    42.970 53650.12405497 53.41 124.311337  65.237686 30.962
 42    41.237 53685.12405969 17.23 124.326028  65.268538  4.736
 42    41.355 53685.12406034 17.62 124.322998  65.265438  4.736
 42    41.410 53685.12406098 19.01 124.319958  65.262338  4.736
 42    41.508 53685.12406162 20.10 124.316928  65.259238  4.736
 42    41.651 53685.12406227 20.92 124.313898  65.256128  4.736
 42    41.422 53685.12406291 22.12 124.310868  65.253028  4.736
 43    42.460 53720.12398574 12.33 124.325722  65.270481  2.666
 43    41.892 53720.12398639 12.90 124.322692  65.267381  2.666
 43    42.046 53720.12398703 13.61 124.319662  65.264281  2.666
 43    42.097 53720.12398768 13.85 124.316632  65.261181  2.666
 43    42.191 53720.12398832 14.08 124.313602  65.258081  2.666
 43    42.039 53720.12398897 14.39 124.310572  65.254981  2.666
 44    43.122 53755.12391152 11.35 124.342829  65.259478  2.565
 44    42.830 53755.12391216 11.06 124.339799  65.256368  2.565
 44    42.255 53755.12391281 12.59 124.336759  65.253268  2.565
 44    42.229 53755.12391345 12.65 124.333729  65.250168  2.565
 44    42.092 53755.12391410 13.75 124.330699  65.247068  2.565
 44    42.226 53755.12391668 12.46 124.318589  65.234658  2.565
 44    42.142 53755.12391732 12.16 124.315559  65.231558  2.565
 45    42.581 53790.12394029  8.25 124.331926  65.266307  2.009
 45    42.758 53790.12394094  8.17 124.328886  65.263207  2.009
 45    42.223 53790.12394158  8.70 124.325856  65.260107  2.009
 45    42.113 53790.12394223  8.78 124.322826  65.257007  2.009
 45    42.170 53790.12394287  9.14 124.319796  65.253897  2.009
 45    42.128 53790.12394351  9.17 124.316766  65.250797  2.009
 46    43.620 53825.12389769  7.75 124.343878  65.256969  1.684
 46    43.249 53825.12389833  7.94 124.340848  65.253859  1.684
 46    42.740 53825.12389898  8.01 124.337818  65.250759  1.684
 46    42.286 53825.12389962  8.42 124.334788  65.247659  1.684
 46    42.306 53825.12390220  8.99 124.322670  65.235256  2.951
 46    42.098 53825.12390284  9.16 124.319640  65.232156  2.951
 46    42.169 53825.12390349  9.83 124.316610  65.229046  2.951
 47    41.025 53860.12399019 25.02 124.332519  65.265562  8.581
 47    41.442 53860.12399084 21.29 124.329489  65.262452  8.581
 47    41.960 53860.12399148 20.08 124.326459  65.259352  8.581
 47    42.053 53860.12399213 19.55 124.323429  65.256252  8.581
 47    42.245 53860.12399277 20.01 124.320399  65.253152  8.581
 47    42.224 53860.12399342 15.67 124.317369  65.250052  8.581
 48    47.431 53895.12400836 35.96 124.335343  65.264038 29.970
 48    46.972 53895.12400900 27.28 124.332313  65.260928 29.970
 48    46.529 53895.12400965 23.82 124.329283  65.257828 29.970
 48    46.117 53895.12401029 22.36 124.326243  65.254728 29.970
 48    45.962 53895.12401094 22.61 124.323223  65.251628 29.970
 48    47.255 53895.12401223 21.80 124.317163  65.245428 29.970
 48    47.335 53895.12401287 25.25 124.314133  65.242318 29.970
 48    47.942 53895.12401352 28.10 124.311103  65.239218 29.970
 49    44.287 53930.12406158 44.63 124.321767  65.268112 35.430
 49    44.254 53930.12406222 40.49 124.318730  65.265010 35.967
 49    44.208 53930.12406287 40.16 124.315700  65.261910 35.967
 49    44.216 53930.12406351 46.06 124.312670  65.258800 35.967
 49    44.201 53930.12406416 45.14 124.309640  65.255700 35.967
 50    42.355 53965.12403940 40.87 124.323325  65.271501 22.531
 50    42.319 53965.12404004 35.49 124.320295  65.268401 22.531
 50    42.227 53965.12404069 33.39 124.317255  65.265301 22.531
 50    42.236 53965.12404133 41.97 124.314227  65.262198 33.982
 50    42.228 53965.12404198 51.58 124.311197  65.259098 33.982
 50    42.242 53965.12404262 49.46 124.308167  65.255998 33.982
 50    42.227 53965.12404327 47.23 124.305137  65.252888 33.982
 51    46.527 54000.12399782 21.33 124.343602  65.256153 21.096
 51    46.194 54000.12399847 18.80 124.340572  65.253053 21.096
 51    45.661 54000.12399911 20.52 124.337542  65.249953 21.096
 51    45.283 54000.12399976 19.50 124.334502  65.246853 21.096
 51    45.498 54000.12400233 27.68 124.322392  65.234443 21.096
 51    45.777 54000.12400298 32.93 124.319362  65.231343 21.096
 51    45.944 54000.12400362 40.39 124.316332  65.228243 21.096
 52    42.201 54035.12404072 39.37 124.335361  65.262815 18.002
 52    42.197 54035.12404137 43.52 124.332321  65.259715 18.002
 52    42.153 54035.12404201 43.51 124.329291  65.256615 18.002
 52    41.859 54035.12404265 33.63 124.326261  65.253515 18.002
 52    41.780 54035.12404330 31.15 124.323231  65.250415 18.002
 52    41.737 54035.12404394 28.76 124.320201  65.247315 18.002
 52    41.729 54035.12404459 25.70 124.317171  65.244215 18.002
 52    41.616 54035.12404523 25.25 124.314151  65.241105 18.002
 52    41.303 54035.12404588 24.59 124.311121  65.238005 18.002
 53    43.219 54070.12403449 14.19 124.331058  65.266358  4.036
 53    42.797 54070.12403513 15.04 124.328028  65.263248  4.036
 53    42.524 54070.12403578 16.26 124.324998  65.260148  4.036
 53    42.639 54070.12403642 16.49 124.321968  65.257048  4.036
 53    42.753 54070.12403707 17.04 124.318938  65.253948  4.036
 53    42.739 54070.12403771 16.90 124.315908  65.250848  4.036
 54    42.546 54105.12398815 10.29 124.320734  65.271675  2.140
 54    42.550 54105.12398879 10.62 124.317704  65.268575  2.140
 54    42.424 54105.12398944 10.79 124.314664  65.265465  2.140
 54    42.477 54105.12399008 11.07 124.311638  65.262368  2.460
 54    42.695 54105.12399073 11.23 124.308608  65.259268  2.460
 54    42.698 54105.12399137 11.96 124.305578  65.256168  2.460
 54    42.578 54105.12399202 12.15 124.302548  65.253058  2.460
 55    43.132 54140.12396671  8.25 124.333676  65.262422  2.059
 55    42.814 54140.12396735  8.41 124.330646  65.259322  2.059
 55    42.569 54140.12396800  8.53 124.327616  65.256222  2.059
 55    42.584 54140.12396864  8.74 124.324586  65.253122  2.059
 55    42.940 54140.12396929  8.60 124.321556  65.250022  2.059
 55    42.551 54140.12397058  9.74 124.315496  65.243812  2.059
 55    42.321 54140.12397122 10.13 124.312466  65.240712  2.059
 55    41.876 54140.12397187 10.02 124.309436  65.237612  2.059
 56    42.739 54175.12396844  8.52 124.324769  65.269010  2.085
 56    42.712 54175.12396908  8.22 124.321739  65.265910  2.085
 56    42.446 54175.12396973  8.46 124.318709  65.262810  2.085
 56    42.270 54175.12397037  8.70 124.315679  65.259710  2.085
 56    42.166 54175.12397101  8.62 124.312649  65.256610  2.085
 56    42.526 54175.12397166  8.65 124.309619  65.253500  2.085
 57    43.312 54210.12397314 10.65 124.332953  65.263460  2.938
 57    42.829 54210.12397378 10.23 124.329923  65.260350  2.938
 57    42.355 54210.12397443  9.78 124.326893  65.257250  2.938
 57    42.274 54210.12397507  9.63 124.323863  65.254150  2.938
 57    42.440 54210.12397572  9.40 124.320833  65.251050  2.938
 57    42.553 54210.12397765  8.26 124.311743  65.241740  2.938
 57    43.784 54210.12397829  7.79 124.308713  65.238640  2.938
 58    50.309 54245.12400310 46.09 124.332040  65.265970 41.135
 58    50.326 54245.12400374 48.51 124.329010  65.262870 41.135
 58    50.243 54245.12400439 48.40 124.325980  65.259770 41.135
 58    50.324 54245.12400503 49.49 124.322940  65.256660 41.135
 58    50.351 54245.12400568 48.24 124.319910  65.253560 41.135
 58    50.381 54245.12400632 49.23 124.316880  65.250460 41.135
 59    46.027 54280.12401481 44.58 124.330742  65.265152 25.288
 59    45.910 54280.12401545 44.76 124.327702  65.262052 25.288
 59    45.972 54280.12401610 42.83 124.324672  65.258952 25.288
 59    46.041 54280.12401674 42.88 124.321642  65.255842 25.288
 59    46.074 54280.12401739 38.22 124.318612  65.252742 25.288
 60    45.084 54315.12401424 16.87 124.328606  65.265288 15.724
 60    45.173 54315.12401488 16.29 124.325576  65.262188 15.724
 60    45.053 54315.12401553 15.41 124.322546  65.259088 15.724
 60    44.950 54315.12401617 14.79 124.319516  65.255978 15.724
 60    45.604 54315.12401682 13.81 124.316486  65.252878 15.724
 61    43.034 54350.12398227 19.61 124.324312  65.269499 17.527
 61    43.418 54350.12398291 17.56 124.321282  65.266399 17.527
 61    43.552 54350.12398356 16.50 124.318252  65.263299 17.527
 61    43.771 54350.12398420 16.18 124.315222  65.260199 17.527
 61    43.938 54350.12398485 18.96 124.312192  65.257099 17.527
 61    44.485 54350.12398549 16.98 124.309162  65.253989 17.527
 62    43.162 54385.12395309 23.90 124.333288  65.262852 23.074
 62    42.765 54385.12395374 24.85 124.330248  65.259742 23.074
 62    42.186 54385.12395438 27.19 124.327218  65.256642 23.074
 62    42.354 54385.12395502 29.17 124.324188  65.253542 23.074
 62    42.677 54385.12395567 34.86 124.321158  65.250442 23.074
 62    42.694 54385.12395696 41.06 124.315098  65.244242 23.074
 62    42.864 54385.12395760 39.63 124.312078  65.241142 23.074
 62    42.897 54385.12395825 37.90 124.309048  65.238032 23.074
 63    41.998 54420.12393231 23.11 124.324135  65.268031  4.168
 63    42.000 54420.12393296 19.92 124.321105  65.264931  4.168
 63    41.720 54420.12393360 17.10 124.318074  65.261827  3.947
 63    41.746 54420.12393425 18.27 124.315044  65.258727  3.947
 63    41.844 54420.12393489 17.99 124.312014  65.255627  3.947
 63    41.856 54420.12393554 17.49 124.308984  65.252517  3.947
 64    42.794 54455.12392511 12.12 124.338692  65.260593  2.580
 64    42.506 54455.12392575 12.11 124.335652  65.257493  2.580
 64    42.267 54455.12392639 13.09 124.332622  65.254393  2.580
 64    42.358 54455.12392704 13.43 124.329592  65.251293  2.580
 64    42.241 54455.12392768 14.13 124.326562  65.248193  2.580
 64    42.334 54455.12392833 14.04 124.323532  65.245093  2.580
 64    42.184 54455.12392897 14.30 124.320502  65.241983  2.580
 64    41.989 54455.12392962 14.69 124.317472  65.238883  2.580
 64    41.255 54455.12393026 14.96 124.314442  65.235783  2.580
 64    41.488 54455.12393091 14.59 124.311422  65.232683  2.580
 65    42.272 54490.12393274 10.90 124.327498  65.266309  2.660
 65    42.162 54490.12393338 11.46 124.324468  65.263209  2.660
 65    42.229 54490.12393403 12.20 124.321438  65.260109  2.660
 65    42.263 54490.12393467 12.37 124.318408  65.257009  2.660
 65    42.370 54490.12393532 12.46 124.315378  65.253899  2.660
 66    43.099 54525.12393799  8.46 124.333740  65.261780  2.181
 66    42.461 54525.12393864  8.89 124.330710  65.258680  2.181
 66    42.298 54525.12393928  8.86 124.327680  65.255580  2.181
 66    42.320 54525.12393993  8.99 124.324640  65.252480  2.181
 66    42.177 54525.12394057  9.61 124.321610  65.249380  2.181
 66    42.402 54525.12394122  9.96 124.318590  65.246270  2.181
 66    42.060 54525.12394186 10.30 124.315560  65.243170  2.181
 66    42.015 54525.12394251 10.34 124.312530  65.240070  2.181
 66    41.748 54525.12394315 10.66 124.309500  65.236970  2.181
 67    43.076 54560.12394131  6.89 124.324616  65.268402  1.986
 67    42.417 54560.12394196  7.00 124.321576  65.265302  1.986
 67    42.274 54560.12394260  6.97 124.318546  65.262202  1.986
 67    42.438 54560.12394324  7.62 124.315516  65.259092  1.986
 67    42.533 54560.12394389  7.59 124.312486  65.255992  1.986
 67    42.170 54560.12394453  8.29 124.309466  65.252892  1.986
 68    45.809 54595.12393302  2.17 124.330869  65.266281  2.386
 68    45.715 54595.12393367  2.03 124.327839  65.263171  2.386
 68    45.842 54595.12393431  2.33 124.324809  65.260071  2.386
 68    45.615 54595.12393496  1.51 124.321769  65.256971  2.386
 68    45.312 54595.12393560  1.49 124.318749  65.253871  2.386
 68    44.855 54595.12393625  1.19 124.315719  65.250771  2.386
 69    47.068 54630.12394715 48.90 124.330409  65.267209 42.956
 69    47.067 54630.12394780 51.12 124.327379  65.264109 42.956
 69    47.139 54630.12394844 52.71 124.324349  65.261009 42.956
 69    47.223 54630.12394909 49.42 124.321319  65.257909 42.956
 69    47.246 54630.12394973 51.76 124.318289  65.254809 42.956
 69    47.219 54630.12395038 51.82 124.315259  65.251709 42.956
 70    44.543 54665.12395394 17.19 124.329689  65.266482  9.680
 70    45.096 54665.12395458 16.27 124.326659  65.263372  9.680
 70    44.886 54665.12395523 17.21 124.323629  65.260272  9.680
 70    44.593 54665.12395587 16.26 124.320599  65.257172  9.680
 70    44.160 54665.12395652 16.81 124.317569  65.254072  9.680
 70    43.832 54665.12395716 18.00 124.314539  65.250972  9.680
 71    45.767 54700.12392400 16.39 124.324608  65.269152 21.405
 71    45.130 54700.12392464 14.61 124.321578  65.266052 21.405
 71    45.099 54700.12392529 14.64 124.318548  65.262952 21.405
 71    45.111 54700.12392593 14.54 124.315518  65.259852 21.405
 71    45.110 54700.12392657 14.69 124.312488  65.256742 21.405
 71    45.178 54700.12392722 15.96 124.309458  65.253642 21.405
 72    44.983 54735.12391319 44.49 124.336493  65.262732 19.688
 72    45.018 54735.12391384 46.14 124.333463  65.259632 19.688
 72    45.024 54735.12391448 48.11 124.330433  65.256532 19.688
 72    45.048 54735.12391513 43.87 124.327393  65.253432 19.688
 72    44.999 54735.12391577 41.90 124.324363  65.250332 19.688
 72    44.942 54735.12391642 44.24 124.321333  65.247232 19.688
 72    44.956 54735.12391706 49.52 124.318303  65.244122 19.688
 72    45.115 54735.12391771 51.14 124.315283  65.241022 19.688
 72    45.151 54735.12391835 51.87 124.312253  65.237922 19.688
 72    45.193 54735.12391900 49.20 124.309223  65.234822 19.688
 73    41.923 54770.12390504 41.19 124.327397  65.265764 15.990
 73    41.791 54770.12390569 40.51 124.324367  65.262664 15.990
 73    41.872 54770.12390633 34.84 124.321327  65.259564 15.990
 73    41.651 54770.12390698 31.91 124.318297  65.256464 15.990
 73    41.691 54770.12390762 32.12 124.315277  65.253364 15.990
 74    42.835 54805.12390734 14.01 124.333721  65.261805  2.994
 74    42.349 54805.12390798 14.76 124.330691  65.258705  2.994
 74    42.228 54805.12390863 15.88 124.327651  65.255605  2.994
 74    42.068 54805.12390927 15.65 124.324621  65.252505  2.994
 74    42.089 54805.12390992 15.42 124.321591  65.249405  2.994
 74    41.977 54805.12391056 15.74 124.318561  65.246295  2.994
 74    42.065 54805.12391121 15.53 124.315541  65.243195  2.994
 74    42.133 54805.12391185 15.56 124.312511  65.240095  2.994
 74    41.905 54805.12391249 16.19 124.309481  65.236995  2.994
 75    42.272 54840.12389949 12.51 124.330637  65.266198  3.046
 75    42.342 54840.12390013 12.57 124.327607  65.263098  3.046
 75    42.426 54840.12390078 12.48 124.324567  65.259988  3.046
 75    42.522 54840.12390142 13.16 124.321537  65.256888  3.046
 75    42.451 54840.12390207 13.09 124.318507  65.253788  3.046
 75    42.539 54840.12390271 14.34 124.315477  65.250688  3.046
 76    42.820 54875.12390764 10.06 124.331984  65.263580  2.277
 76    42.296 54875.12390829 10.78 124.328944  65.260480  2.277
 76    42.256 54875.12390893 11.16 124.325914  65.257380  2.277
 76    42.400 54875.12390958 10.94 124.322884  65.254280  2.277
 76    42.229 54875.12391022 10.73 124.319854  65.251180  2.277
 76    42.209 54875.12391216 11.99 124.310774  65.241870  2.277
 76    41.836 54875.12391280 12.44 124.307744  65.238770  2.277
 77    42.707 54910.12390507  9.39 124.322458  65.270189  2.461
 77    42.071 54910.12390571  9.90 124.319418  65.267089  2.461
 77    41.979 54910.12390635 10.67 124.316388  65.263979  2.461
 77    42.090 54910.12390700 10.10 124.313358  65.260879  2.461
 77    42.284 54910.12390764 10.58 124.310328  65.257779  2.461
 77    42.513 54910.12390829 10.50 124.307308  65.254679  2.461
 78    43.493 54945.12389999 16.81 124.334078  65.264237 11.259
 78    42.862 54945.12390063 16.93 124.331048  65.261137 11.259
 78    42.028 54945.12390128 19.50 124.328018  65.258037 11.259
 78    42.670 54945.12390192 22.00 124.324978  65.254937 11.259
 78    40.644 54945.12390257 27.49 124.321948  65.251837 11.259
 78    43.811 54945.12390450 23.68 124.312868  65.242527 11.259
 78    43.958 54945.12390514 21.82 124.309838  65.239427 11.259
 79    47.735 54980.12392618 31.80 124.329813  65.267239 29.367
 79    47.831 54980.12392683 35.56 124.326783  65.264139 29.367
 79    47.763 54980.12392747 33.17 124.323753  65.261039 29.367
 79    47.487 54980.12392812 24.92 124.320723  65.257939 29.367
 79    47.011 54980.12392876 23.75 124.317693  65.254839 29.367
 79    46.852 54980.12392941 22.34 124.314663  65.251739 29.367
 80    44.605 55015.12392978 19.99 124.328378  65.264775 17.464
 80    44.906 55015.12393043 20.15 124.325348  65.261665 17.464
 80    44.765 55015.12393107 20.48 124.322308  65.258565 17.464
 80    44.344 55015.12393172 22.73 124.319278  65.255465 17.464
 80    44.923 55015.12393236 23.35 124.316248  65.252365 17.464
 81    44.898 55050.12392358 16.45 124.329817  65.265047 12.536
 81    44.903 55050.12392422 16.27 124.326787  65.261937 12.536
 81    44.465 55050.12392487 17.66 124.323757  65.258837 12.536
 81    44.247 55050.12392551 18.70 124.320717  65.255737 12.536
 81    42.874 55050.12392616 22.98 124.317697  65.252637 12.536
 82    43.560 55085.12388994 48.77 124.320753  65.269703 38.550
 82    43.596 55085.12389058 48.68 124.317723  65.266603 38.550
 82    43.597 55085.12389122 48.37 124.314693  65.263503 38.550
 82    43.590 55085.12389187 47.91 124.311663  65.260403 38.550
 82    43.561 55085.12389251 41.80 124.308633  65.257293 38.550
 82    43.490 55085.12389316 42.77 124.305603  65.254193 38.550
 83    43.846 55120.12385649 25.97 124.337816  65.264069 21.059
 83    43.540 55120.12385713 23.28 124.334786  65.260969 21.059
 83    43.007 55120.12385778 23.05 124.331746  65.257869 21.059
 83    43.244 55120.12385842 22.29 124.328716  65.254769 21.059
 83    43.369 55120.12385907 22.14 124.325686  65.251669 21.059
 83    43.481 55120.12385971 37.02 124.322656  65.248569 21.059
 83    43.843 55120.12386036 38.43 124.319626  65.245469 21.059
 83    43.649 55120.12386100 35.77 124.316606  65.242359 21.059
 83    43.686 55120.12386164 37.60 124.313576  65.239259 21.059
 83    43.802 55120.12386229 40.14 124.310546  65.236159 21.059
 84    42.785 55155.12384973 19.92 124.326232  65.268637  4.396
 84    41.945 55155.12385038 20.46 124.323202  65.265537  4.396
 84    41.715 55155.12385102 20.96 124.320172  65.262437  4.396
 84    41.530 55155.12385167 22.41 124.317132  65.259327  4.396
 84    41.683 55155.12385231 22.83 124.314102  65.256227  4.396
 84    41.791 55155.12385296 22.75 124.311082  65.253127  4.396
 85    43.279 55190.12384585 15.83 124.336102  65.263495  2.791
 85    42.852 55190.12384650 15.77 124.333072  65.260395  2.791
 85    42.396 55190.12384714 16.16 124.330042  65.257295  2.791
 85    42.240 55190.12384779 16.71 124.327002  65.254195  2.791
 85    42.150 55190.12384843 17.14 124.323972  65.251095  2.791
 85    42.027 55190.12384907 17.22 124.320942  65.247995  2.791
 85    43.059 55190.12384972 16.89 124.317912  65.244895  2.791
 85    42.137 55190.12385036 16.98 124.314892  65.241785  2.791
 85    42.085 55190.12385101 17.38 124.311862  65.238685  2.791
 85    42.160 55190.12385165 17.60 124.308832  65.235585  2.791
 86    41.263 55225.12384992 14.16 124.326922  65.267304  3.020
 86    41.628 55225.12385056 14.21 124.323892  65.264204  3.020
 86    41.942 55225.12385121 14.19 124.320852  65.261104  3.020
 86    41.787 55225.12385185 15.34 124.317822  65.257994  3.020
 86    41.601 55225.12385250 15.16 124.314792  65.254894  3.020
 86    42.296 55225.12385314 15.86 124.311772  65.251794  3.020
 87    43.498 55260.12384139 12.06 124.333128  65.266154  2.407
 87    43.029 55260.12384203 12.00 124.330098  65.263054  2.407
 87    42.375 55260.12384268 12.07 124.327068  65.259954  2.407
 87    42.360 55260.12384332 12.54 124.324038  65.256854  2.407
 87    42.727 55260.12384397 12.62 124.320998  65.253754  2.407
 87    42.761 55260.12384461 13.13 124.317968  65.250654  2.407
 88    42.464 55295.12383538 11.69 124.324499  65.269737  2.675
 88    42.158 55295.12383603 11.47 124.321469  65.266637  2.675
 88    41.883 55295.12383667 11.97 124.318439  65.263537  2.675
 88    41.927 55295.12383732 12.37 124.315409  65.260437  2.675
 88    42.308 55295.12383796 11.82 124.312379  65.257327  2.675
 88    42.589 55295.12383860 11.22 124.309349  65.254227  2.675
 89    41.656 55330.12382255 35.58 124.330003  65.267568 24.271
 89    41.561 55330.12382319 32.77 124.326973  65.264458 24.271
 89    41.644 55330.12382384 39.09 124.323943  65.261358 24.271
 89    41.705 55330.12382448 43.65 124.320903  65.258258 24.271
 89    41.844 55330.12382513 36.96 124.317873  65.255158 24.271
 89    41.390 55330.12382577 37.83 124.314853  65.252058 24.271
 90    47.753 55365.12381645 18.95 124.327975  65.268721 21.090
 90    44.741 55365.12381709 18.46 124.324935  65.265621 21.090
 90    44.981 55365.12381773 17.79 124.321905  65.262511 21.090
 90    44.865 55365.12381838 17.61 124.318875  65.259411 21.090
 90    45.504 55365.12381902 16.77 124.315845  65.256311 21.090
 90    45.625 55365.12381967 16.59 124.312815  65.253211 21.090
 91    46.086 55400.12382865 14.36 124.335660  65.262815 12.789
 91    46.002 55400.12382929 13.84 124.332630  65.259715 12.789
 91    45.684 55400.12382994 13.36 124.329600  65.256615 12.789
 91    45.205 55400.12383058 12.96 124.326560  65.253515 12.789
 91    44.592 55400.12383123 14.05 124.323530  65.250415 12.789
 91    44.413 55400.12383187 17.34 124.320500  65.247315 12.789
 91    44.506 55400.12383252 19.74 124.317470  65.244205 12.789
 91    44.600 55400.12383316 21.57 124.314450  65.241105 12.789
 91    44.615 55400.12383381 20.99 124.311420  65.238005 12.789
 92    43.422 55435.12383322 44.89 124.330804  65.267025 34.509
 92    43.144 55435.12383387 52.19 124.327774  65.263925 34.509
 92    43.191 55435.12383451 52.21 124.324744  65.260815 34.509
 92    43.053 55435.12383516 48.24 124.321714  65.257715 34.509
 92    43.201 55435.12383580 45.85 124.318674  65.254615 34.509
 92    43.060 55435.12383645 43.61 124.315654  65.251515 34.509
 93    43.045 55470.12378699 18.34 124.320321  65.269554 18.372
 93    42.744 55470.12378764 17.92 124.317291  65.266454 18.372
 93    42.389 55470.12378828 19.33 124.314261  65.263354 18.372
 93    42.593 55470.12378893 19.66 124.311231  65.260244 18.372
 93    42.600 55470.12378957 21.32 124.308201  65.257144 18.372
 93    42.770 55470.12379021 26.49 124.305171  65.254044 18.372
