# NaN NaN NaN ;Mean Elev.(m), Avg Gradient(m/km), RMS Gradient(m/km) - SRTM1     
# NaN NaN NaN ;Mean Elev.(m), Avg Gradient(m/km), RMS Gradient(m/km) - ASTER GDEM
# NaN NaN NaN ;Mean Elev.(m), Avg Gradient(m/km), RMS Gradient(m/km) - GMTED2010 
 11 127.408678  72.683100     2.868     2.995 11 52615.14232838 19.133
 15 127.393749  72.678597     5.027     5.089 14 52755.14236934  9.869
 20 127.392628  72.678391     2.255     2.259 15 52930.14241331 49.508
 23 127.402968  72.681475     1.540     1.577 13 53035.14238710 12.981
 25 127.385478  72.676313     2.071     1.943 15 53105.14239003  9.541
 43 127.405924  72.682285     3.832     3.375 12 53735.14231710 19.310
 49 127.427036  72.688703     6.930     6.930  2 53945.14243069 25.207
 50 127.414667  72.685257     6.763     6.722 10 53980.14237908 23.524
 54 127.381364  72.675086     3.465     3.468 15 54120.14232163 15.903
 56 127.402584  72.681326     3.907     3.868 12 54190.14231662 10.468
 61 127.403533  72.682158     6.641     6.592 13 54365.14232285 24.211
 63 127.413734  72.683869     1.435     1.517  9 54435.14227629 14.446
 65 127.416776  72.685354     3.341     3.461  9 54505.14228990 10.221
 67 127.412138  72.684165     3.819     3.933 10 54575.14229115  8.784
 71 127.405596  72.682255     6.403     6.758 12 54715.14226977 25.327
 77 127.394330  72.678819     2.485     2.119 14 54925.14225501 16.812
 82 127.389776  72.677716     3.820     4.277 15 55100.14223156 34.045
 84 127.418044  72.685024     1.767     1.981  4 55170.14219487 15.566
 86 127.412068  72.684186     2.361     2.404 10 55240.14220163 12.437
 88 127.412295  72.684542     4.101     4.107 11 55310.14218519  9.650
 93 127.393163  72.678626     1.403     1.417 15 55485.14211973 40.733
