# NaN NaN NaN ;Mean Elev.(m), Avg Gradient(m/km), RMS Gradient(m/km) - SRTM1     
#    8.454   0.371   1.922 ;Mean Elev.(m), Avg Gradient(m/km), RMS Gradient(m/km) - ASTER GDEM
#    1.000  -1.091   2.737 ;Mean Elev.(m), Avg Gradient(m/km), RMS Gradient(m/km) - GMTED2010 
 15 128.401186  72.074656     0.025     0.060 10 52736.48360604 21.842
 16 128.413705  72.073262     0.197     0.176 10 52771.48358012 29.326
 20 128.415488  72.072621     3.225     3.196 10 52911.48368960 26.994
 23 128.400940  72.074477    -0.010    -0.004 10 53016.48367944 21.906
 25 128.396977  72.073434     0.027     0.024  9 53086.48369351 18.201
 28 128.397754  72.073588     7.785     8.245  9 53191.48371047 20.157
 29 128.400395  72.074276     0.230     0.030 10 53226.48371442 32.767
 30 128.403770  72.075600     0.728    -0.019 11 53261.48368834 35.863
 32 128.395039  72.072402    -0.159    -0.126  8 53331.48369381 26.744
 35 128.406980  72.073896     0.190     0.163 11 53436.48365690 25.247
 38 128.390935  72.073508     4.292     4.564  7 53541.48374579 22.235
 39 128.402339  72.073150     0.747     0.208 10 53576.48373494 31.122
 40 128.403907  72.077030    10.308    10.782 11 53611.48368730 22.989
 42 128.393399  72.073011    -0.218    -0.258  7 53681.48370730 20.980
 43 128.411153  72.073338    -0.153    -0.227 11 53716.48363449 25.053
 45 128.400617  72.074290     0.188     0.178 10 53786.48358353 19.607
 46 128.427536  72.071433    -0.009    -0.109 11 53821.48353838 20.990
 48 128.394782  72.072419     1.646     1.577  7 53891.48364032 27.285
 50 128.395897  72.073886     1.764     2.237  8 53961.48368822 26.309
 53 128.400018  72.073580     0.112     0.025  9 54066.48367615 22.942
 54 128.406552  72.074965     0.150     0.108 11 54101.48363815 24.704
 56 128.402823  72.074320     0.281     0.306 11 54171.48361457 20.060
 58 128.395197  72.071978     0.255     0.234  7 54241.48364143 33.504
 59 128.394842  72.072066     1.808     1.582  8 54276.48365621 22.223
 61 128.408173  72.074994     4.306     4.636 11 54346.48363094 24.594
 63 128.400824  72.073807    -0.007    -0.014 10 54416.48357983 22.584
 65 128.394826  72.073563    -0.051    -0.036  8 54486.48357644 19.542
 67 128.399754  72.076273     0.176     0.223 11 54556.48358739 19.822
 69 128.397500  72.072746     4.081     4.132  8 54626.48358799 18.783
 71 128.404658  72.073853     1.462     1.859 11 54696.48357254 27.985
 73 128.394115  72.073282     0.512     0.508  8 54766.48355147 32.583
 75 128.395249  72.072897    -0.058    -0.054  8 54836.48354359 24.540
 77 128.406479  72.073865     0.164     0.172 11 54906.48355140 24.077
 80 128.395948  72.073576     2.574     2.148  8 55011.48357434 21.392
 81 128.393335  72.072104     1.011     1.188  7 55046.48356585 23.033
 82 128.408824  72.074145     0.725    -0.149 10 55081.48353870 32.348
 84 128.394901  72.073494    -0.160    -0.169  8 55151.48349636 22.409
 86 128.397661  72.073054     0.288     0.324  8 55221.48349459 22.237
 88 128.402098  72.076717     0.202     0.253 12 55291.48348376 21.413
 90 128.396660  72.074766     5.456     6.641  9 55361.48346157 20.468
 92 128.395891  72.072189     0.102     0.196  7 55431.48347638 26.166
 93 128.418407  72.071744     0.621    -0.056 11 55466.48343589 28.090
