# NaN NaN NaN ;Mean Elev.(m), Avg Gradient(m/km), RMS Gradient(m/km) - SRTM1     
#    4.097  -0.061   6.079 ;Mean Elev.(m), Avg Gradient(m/km), RMS Gradient(m/km) - ASTER GDEM
#    1.223  -0.036   0.583 ;Mean Elev.(m), Avg Gradient(m/km), RMS Gradient(m/km) - GMTED2010 
  6 127.249760  72.597808     6.527     6.876  8 52440.14238215 22.094
  7 127.256968  72.599302     3.114     1.332  8 52475.14237952 32.059
  8 127.251254  72.597915     2.295     1.280  7 52510.14233862 31.195
 10 127.261660  72.597290     1.255     1.211  6 52580.14237873 29.071
 11 127.236792  72.596776     1.650     1.735  9 52615.14234772 20.339
 14 127.265817  72.600367     1.369     1.457  8 52720.14236197 16.464
 15 127.230481  72.596588     1.628     1.682 11 52755.14238772 13.733
 19 127.252259  72.597690     3.672     1.729  8 52895.14248175 29.508
 20 127.229406  72.596372     2.734     2.706 12 52930.14243168 46.100
 22 127.250115  72.598039     1.701     1.689  8 53000.14245608 15.437
 23 127.233977  72.596584     1.724     1.785 10 53035.14240612 14.370
 24 127.261468  72.597360     1.871     1.955  6 53070.14242404 15.239
 25 127.230864  72.598611     1.592     1.594 13 53105.14240743 10.827
 27 127.261878  72.597324     7.736     7.694  6 53175.14246448 16.079
 28 127.254377  72.598227     2.191     1.101  8 53210.14248247 26.801
 29 127.249672  72.597429     2.518     1.389  7 53245.14245066 28.843
 31 127.259746  72.595691     2.505     2.530  5 53315.14245076 27.670
 32 127.255897  72.598521     2.012     2.000  8 53350.14241612 24.523
 34 127.258695  72.594167     2.558     2.664  3 53420.14240093 21.689
 36 127.257767  72.599109     1.892     1.873  7 53490.14249096 19.197
 37 127.262395  72.597284     6.290     6.297  5 53525.14247588 30.057
 38 127.246702  72.598304     3.431     4.096  8 53560.14250371 27.202
 39 127.246709  72.596732     2.342     1.408  8 53595.14244218 26.180
 41 127.262315  72.599929     2.690     2.741  9 53665.14245806 31.796
 42 127.252470  72.598075     1.838     1.813  8 53700.14241347 19.618
 43 127.234102  72.595951     2.051     2.011 10 53735.14233644 19.588
 45 127.245073  72.597155     1.846     1.836  7 53805.14231752 20.221
 47 127.255326  72.591872     2.616     2.616  2 53875.14238473 11.854
 49 127.243554  72.596640     2.458     1.657  8 53945.14245132 28.763
 50 127.239894  72.597498     2.790     1.943  9 53980.14239874 28.698
 54 127.232496  72.600256     3.459     2.530 15 54120.14233839 16.982
 55 127.263363  72.600423     2.709     1.898  8 54155.14236759 14.048
 56 127.236466  72.597872     2.724     2.088 10 54190.14233531 13.131
 57 127.261505  72.596503     2.135     2.135  5 54225.14237914 12.289
 58 127.267882  72.601561     8.548     8.673  8 54260.14239854 21.303
 59 127.264826  72.600449     4.029     4.997  9 54295.14240268 29.784
 60 127.251466  72.597866     2.347     1.431  8 54330.14239639 30.422
 61 127.234546  72.597265     2.811     2.286 10 54365.14234187 33.323
 62 127.264037  72.599169     2.545     2.543  7 54400.14233722 27.890
 63 127.238989  72.596104     1.640     1.551  8 54435.14229596 17.978
 65 127.242002  72.597592     1.778     1.761  8 54505.14230956 14.991
 66 127.263001  72.599747     1.731     1.657  8 54540.14233577 13.291
 67 127.237396  72.596397     1.855     1.847  9 54575.14231081 12.147
 68 127.262250  72.599703     2.840     1.893  8 54610.14232796 28.462
 69 127.256769  72.598097     4.934     4.950  8 54645.14233614 23.217
 70 127.258576  72.599585     3.701     1.641  8 54680.14233714 28.289
 71 127.233753  72.595924     3.204     2.777 10 54715.14228911 23.117
 72 127.257578  72.593593     3.922     4.177  3 54750.14230874 20.521
 73 127.246709  72.597542     2.029     2.026  7 54785.14227727 26.556
 75 127.248731  72.597760     2.141     2.138  7 54855.14227358 22.417
 76 127.258084  72.599598     1.974     1.943  8 54890.14230494 22.354
 77 127.231110  72.596800     2.234     2.294 11 54925.14227338 18.791
 78 127.259921  72.595296     2.353     2.395  3 54960.14230336 10.437
 79 127.256709  72.598877     7.622     7.811  8 54995.14232471 22.931
 80 127.257433  72.599207     4.192     2.480  8 55030.14231454 26.470
 81 127.253784  72.598615     3.971     2.558  8 55065.14230536 26.500
 82 127.226589  72.595695     2.952     2.682 12 55100.14224993 26.284
 83 127.260805  72.595774     3.067     3.077  4 55135.14225082 24.498
 84 127.240413  72.595824     2.276     2.409  8 55170.14221486 14.676
 85 127.258784  72.594393     2.774     2.871  4 55205.14224419 13.580
 86 127.237326  72.596425     2.255     2.304  9 55240.14222129 12.755
 87 127.251672  72.597553     2.055     2.050  8 55275.14223787 12.221
 88 127.237541  72.596776     2.204     2.246  8 55310.14220485 10.308
 89 127.260587  72.599111     4.268     2.383  8 55345.14220593 24.931
 90 127.249148  72.597926     3.519     2.553  7 55380.14220022 23.340
 92 127.246646  72.596972     2.913     1.905  7 55450.14221237 27.845
 93 127.229971  72.596606     2.086     2.093 12 55485.14213811 44.685
