# NaN NaN NaN ;Mean Elev.(m), Avg Gradient(m/km), RMS Gradient(m/km) - SRTM1     
#   32.021  -1.424   7.080 ;Mean Elev.(m), Avg Gradient(m/km), RMS Gradient(m/km) - ASTER GDEM
#   25.000  -2.546  17.397 ;Mean Elev.(m), Avg Gradient(m/km), RMS Gradient(m/km) - GMTED2010 
 13 125.244519  64.721841    52.652    52.652  2 52667.12007427 14.073
 15 125.244603  64.722912    53.273    53.273  2 52737.12008682  8.315
 19 125.250558  64.722401    50.893    50.893  2 52877.12020745 47.809
 20 125.244628  64.721830    51.363    51.363  2 52912.12016618 25.315
 27 125.246707  64.723668    54.187    54.187  2 53157.12019722 25.689
 28 125.251306  64.722305    53.874    53.874  2 53192.12018998 18.400
 29 125.248614  64.724127    52.000    52.000  2 53227.12019099 52.089
 30 125.236373  64.727629    50.853    50.853  2 53262.12016409 31.590
 31 125.244225  64.722043    50.922    50.922  2 53297.12020075 44.217
 32 125.247847  64.723014    52.126    52.126  2 53332.12017247 13.220
 36 125.250862  64.722580    53.070    53.070  2 53472.12018753  7.600
 37 125.244601  64.722635    52.984    52.984  2 53507.12021786 44.265
 39 125.240772  64.725757    52.253    52.253  2 53577.12021172 52.773
 40 125.236573  64.727548    55.190    55.190  2 53612.12016369 20.378
 42 125.240417  64.724929    50.290    50.290  2 53682.12018460 18.245
 45 125.247395  64.722115    53.491    53.491  2 53787.12006179 10.390
 47 125.248436  64.721991    50.506    50.506  2 53857.12010742 24.051
 49 125.240376  64.724411    52.188    52.188  2 53927.12018074 30.582
 53 125.245554  64.721581    51.044    51.044  2 54067.12015505 15.971
 56 125.241532  64.725710    52.620    52.620  2 54172.12009199  8.536
 58 125.248530  64.722853    57.133    57.133  2 54242.12012034 44.517
 59 125.249398  64.723776    52.468    52.468  2 54277.12013440 51.289
 60 125.248505  64.722918    54.185    54.185  2 54312.12013539 18.464
 65 125.248006  64.722535    52.534    52.534  2 54487.12005452 10.012
 68 125.249403  64.722582    52.673    52.673  2 54592.12005093  3.625
 69 125.245898  64.723544    54.751    54.751  2 54627.12006655 21.366
 70 125.246606  64.722545    51.206    51.206  2 54662.12007438 52.858
 73 125.246034  64.721852    50.544    50.544  2 54767.12002938 48.938
 75 125.247993  64.723926    51.289    51.289  2 54837.12002129 13.076
 77 125.239255  64.727085    52.573    52.573  2 54907.12002880  9.621
 79 125.247393  64.722968    54.170    54.170  2 54977.12004377 25.041
 80 125.243828  64.721863    52.476    52.476  2 55012.12005241 52.027
 81 125.247992  64.721401    52.838    52.838  2 55047.12004432 23.935
 82 125.238915  64.725568    50.996    50.996  2 55082.12001574 50.191
 86 125.243376  64.722253    52.344    52.344  2 55222.11997283 14.947
 89 125.247584  64.723975    50.092    50.092  2 55327.11994275 44.007
 93 125.238346  64.726262    50.559    50.559  2 55467.11991350 44.915
