# NaN NaN NaN ;Mean Elev.(m), Avg Gradient(m/km), RMS Gradient(m/km) - SRTM1     
#  178.661 -11.534  45.378 ;Mean Elev.(m), Avg Gradient(m/km), RMS Gradient(m/km) - ASTER GDEM
#  173.426 -10.734  44.543 ;Mean Elev.(m), Avg Gradient(m/km), RMS Gradient(m/km) - GMTED2010 
  7   179.525 52465.56283151 34.46 112.653929  59.580247 10.613
  7   179.040 52465.56283215 37.68 112.651789  59.583417 10.613
  8   175.034 52500.56282599 29.47 112.659559  59.580061  7.309
  8   174.967 52500.56282663 28.02 112.657419  59.583231  7.309
  9   176.249 52535.56281270 52.82 112.641346  59.575270 13.326
  9   176.185 52535.56281334 49.01 112.639206  59.578440 13.326
 10   173.907 52570.56284584 44.34 112.650288  59.580409 18.048
 10   173.764 52570.56284648 45.24 112.648138  59.583579 18.048
 11   174.759 52605.56281758 13.66 112.660391  59.579299  7.842
 11   174.894 52605.56281822 16.95 112.658241  59.582479  7.842
 11   174.744 52605.56281887 15.56 112.656101  59.585649  7.842
 12   174.287 52640.56280589 10.87 112.646343  59.577180  6.200
 12   174.438 52640.56280653 11.22 112.644203  59.580360  6.200
 13   173.382 52675.56279800 10.61 112.659679  59.580818  6.232
 13   173.427 52675.56279864 11.03 112.657539  59.583988  6.232
 14   173.372 52710.56281998 16.09 112.648056  59.577840  8.121
 14   173.553 52710.56282062 14.58 112.645906  59.581020  8.121
 16   179.601 52780.56278528 45.27 112.642905  59.577510  9.652
 16   179.043 52780.56278593 34.43 112.640753  59.580680  8.278
 17   176.291 52815.56286672 35.21 112.643440  59.575481 10.488
 17   175.952 52815.56286737 39.44 112.641290  59.578651 10.488
 18   174.787 52850.56291906 25.60 112.648106  59.578731  8.775
 18   174.815 52850.56291970 26.02 112.645956  59.581911  8.775
 19   176.846 52885.56295412 27.56 112.650401  59.580112  6.720
 19   176.898 52885.56295477 26.86 112.648251  59.583292  6.720
 20   180.346 52920.56290992  6.68 112.660231  59.581437  4.334
 20   181.255 52920.56291056  5.93 112.658081  59.584607  4.334
 21   173.346 52955.56287405 47.29 112.650406  59.580083 19.655
 21   173.193 52955.56287470 35.34 112.648266  59.583253 19.655
 22   174.502 52990.56288830 13.29 112.657522  59.582023  7.225
 22   174.389 52990.56288894 12.82 112.655382  59.585193  7.225
 25   173.607 53095.56289740 25.21 112.655363  59.580847 14.161
 25   173.520 53095.56289805 23.40 112.653223  59.584027 14.161
 26   174.286 53130.56286961  9.27 112.656050  59.579125  7.754
 26   174.106 53130.56287026 11.57 112.653900  59.582295  7.754
 28   176.601 53200.56294326 24.95 112.651927  59.580702  5.819
 28   176.413 53200.56294391 26.62 112.649782  59.583875  6.419
 30   177.150 53270.56287412 49.36 112.643900  59.576243 12.221
 30   176.985 53270.56287477 51.59 112.641750  59.579413 12.221
 31   174.820 53305.56293675 43.84 112.644582  59.575555 18.621
 31   174.778 53305.56293739 46.49 112.642432  59.578735 18.621
 33   175.224 53375.56283575  7.49 112.665916  59.583875  5.388
 33   175.175 53375.56283640  7.28 112.663766  59.587045  5.388
 36   173.708 53480.56294522  1.34 112.643529  59.578108  4.855
 36   173.751 53480.56294587  0.74 112.641379  59.581288  4.855
 37   184.011 53515.56295055 26.75 112.655442  59.579781  7.798
 37   180.010 53515.56295120 26.26 112.653292  59.582961  7.798
 38   177.803 53550.56297000 32.67 112.652016  59.578746  8.017
 38   177.688 53550.56297065 31.42 112.649866  59.581926  8.017
 39   175.232 53585.56292932 49.17 112.659737  59.582104 12.423
 39   175.219 53585.56292997 46.61 112.657587  59.585284 12.423
 40   175.108 53620.56288689 19.13 112.639044  59.573568  7.776
 40   174.001 53620.56288754 19.27 112.636894  59.576738  7.776
 41   174.437 53655.56291619 10.52 112.648827  59.578269  5.293
 41   181.154 53655.56291683 10.96 112.646677  59.581439  5.293
 42   174.059 53690.56290777 31.06 112.654379  59.580675 15.063
 42   173.855 53690.56290841 26.71 112.652229  59.583855 15.063
 43   174.407 53725.56283197 12.32 112.667078  59.583269  7.690
 43   174.338 53725.56283261 14.51 112.664928  59.586449  7.690
 44   173.967 53760.56277851  9.65 112.653645  59.579097  5.051
 44   173.817 53760.56277916  9.83 112.651505  59.582267  5.051
 45   173.342 53795.56279515  9.92 112.663029  59.582041  6.281
 45   173.235 53795.56279580 10.46 112.660889  59.585211  6.281
 46   173.491 53830.56277580  9.08 112.647078  59.578944  4.980
 46   173.530 53830.56277644  9.15 112.644928  59.582114  4.980
 47   174.365 53865.56285123 30.13 112.648210  59.576863 18.356
 47   174.317 53865.56285187 32.04 112.646070  59.580043 18.356
 48   183.341 53900.56287882 33.20 112.653282  59.578557  8.619
 48   183.266 53900.56287946 33.87 112.651142  59.581737  8.619
 49   183.734 53935.56292000  8.25 112.646391  59.576413  8.195
 49   183.755 53935.56292064  9.04 112.644251  59.579593  8.195
 50   176.379 53970.56288838 53.95 112.654522  59.580354 11.778
 50   176.197 53970.56288903 50.08 112.652372  59.583524 11.778
 51   175.794 54005.56286619 48.52 112.647534  59.576580 15.949
 51   175.773 54005.56286683 51.11 112.645384  59.579750 15.949
 52   173.373 54040.56289581 45.75 112.653935  59.578614 20.288
 52   173.567 54040.56289646 46.10 112.651785  59.581784 20.288
 53   175.549 54075.56289047 17.42 112.658216  59.581079  7.382
 53   175.721 54075.56289112 15.32 112.656066  59.584249  7.382
 54   174.738 54110.56283371 14.47 112.664829  59.583235  7.127
 54   174.806 54110.56283435 13.99 112.662679  59.586405  7.127
 55   174.468 54145.56282977 13.13 112.650896  59.576953  7.926
 55   174.432 54145.56283041 14.27 112.648756  59.580133  7.926
 55   174.445 54145.56283106 15.26 112.646606  59.583303  7.926
 56   174.079 54180.56281944 12.55 112.663013  59.581902  6.812
 56   174.060 54180.56282009 12.44 112.660873  59.585082  6.812
 57   174.295 54215.56283789 20.50 112.650438  59.577295 13.796
 57   174.500 54215.56283853 21.94 112.648288  59.580465 13.796
 58   183.785 54250.56286531 25.45 112.652032  59.579202  8.053
 58   183.027 54250.56286596 25.68 112.649882  59.582372  8.053
 59   179.444 54285.56287216 28.41 112.656397  59.581903  7.147
 59   179.450 54285.56287281 28.16 112.654247  59.585073  7.147
 60   175.127 54320.56286865 28.74 112.657705  59.579001  6.649
 60   175.129 54320.56286930 27.15 112.655565  59.582181  6.649
 61   174.681 54355.56283090 49.55 112.663291  59.582665 13.813
 61   174.789 54355.56283155 46.85 112.661151  59.585845 13.813
 62   174.971 54390.56280964 54.87 112.654108  59.581023 16.894
 62   174.830 54390.56281028 46.04 112.651958  59.584193 16.894
 63   173.266 54425.56278071 27.66 112.658453  59.581633 13.624
 63   173.211 54425.56278135 32.01 112.656313  59.584803 13.624
 64   174.301 54460.56278569 18.71 112.650578  59.578742  7.922
 64   174.334 54460.56278633 19.36 112.648428  59.581912  7.922
 65   173.726 54495.56278658 14.94 112.660136  59.580997  7.544
 65   173.722 54495.56278722 13.10 112.657986  59.584167  7.544
 66   173.533 54530.56279879 16.07 112.652966  59.580080  8.981
 66   173.454 54530.56279943 14.08 112.650826  59.583260  8.981
 67   173.412 54565.56279279 13.73 112.663962  59.581277  7.895
 67   173.445 54565.56279343 13.34 112.661822  59.584447  7.895
 68   177.121 54600.56279443 51.25 112.652993  59.580048 17.366
 68   176.282 54600.56279508 52.20 112.650843  59.583218 17.366
 69   184.687 54635.56280600 26.62 112.654872  59.578202  8.010
 69   181.241 54635.56280665 19.65 112.652722  59.581372  8.010
 69   183.780 54635.56280729 19.47 112.650582  59.584552  8.010
 70   176.453 54670.56281049 45.11 112.655995  59.579855 12.691
 70   176.610 54670.56281114 44.33 112.653845  59.583025 12.691
 71   179.423 54705.56277232 22.53 112.662592  59.580138  4.296
 71   179.491 54705.56277297 22.43 112.660442  59.583308  4.296
 72   176.239 54740.56277401 52.86 112.651233  59.579283 15.781
 72   176.128 54740.56277466 51.24 112.649093  59.582463 15.781
 73   173.873 54775.56275360 47.34 112.659739  59.581631 16.901
 73   173.898 54775.56275424 44.32 112.657599  59.584801 16.901
 74   176.103 54810.56276722 12.95 112.648308  59.577558  7.400
 74   176.008 54810.56276787 13.71 112.646158  59.580728  7.400
 75   175.053 54845.56275262 11.28 112.660279  59.579442  7.231
 75   175.183 54845.56275327 10.45 112.658139  59.582612  7.231
 76   174.529 54880.56277042 11.28 112.651754  59.578297  6.962
 76   174.477 54880.56277107 11.86 112.649614  59.581477  6.962
 77   174.070 54915.56275610 15.87 112.661763  59.580004  8.828
 77   173.926 54915.56275675 12.88 112.659623  59.583184  8.828
 79   181.804 54985.56278845 47.20 112.652007  59.578558 14.829
 79   181.506 54985.56278909 46.44 112.649867  59.581738 14.829
 80   177.504 55020.56278209 33.33 112.658452  59.579040  8.876
 80   177.447 55020.56278274 34.63 112.656312  59.582210  8.876
 81   176.271 55055.56277937 49.94 112.658162  59.580670 12.738
 81   175.886 55055.56278001 51.05 112.656012  59.583840 12.738
 82   177.671 55090.56273793 38.01 112.662153  59.580561 11.980
 82   177.561 55090.56273857 39.71 112.660003  59.583731 11.980
 83   175.060 55125.56271744 51.54 112.653324  59.579783 17.422
 83   174.941 55125.56271809 52.64 112.651184  59.582963 17.422
 84   175.354 55160.56269926 15.82 112.657927  59.581418  7.605
 84   175.552 55160.56269990 13.10 112.655787  59.584588  7.605
 85   174.864 55195.56270779  8.20 112.649120  59.577660  5.333
 85   175.156 55195.56270844  8.10 112.646980  59.580840  5.333
 86   173.828 55230.56270173  4.85 112.661687  59.580084  4.487
 86   173.718 55230.56270238  4.90 112.659547  59.583254  4.487
 87   173.698 55265.56270278  5.28 112.654630  59.578802  4.516
 87   173.755 55265.56270342  4.56 112.652490  59.581982  4.516
 88   173.809 55300.56268415  3.35 112.663105  59.581590  3.785
 88   173.881 55300.56268479  3.49 112.660955  59.584770  3.785
 89   182.096 55335.56267950 52.92 112.656077  59.580491 18.415
 89   181.883 55335.56268014 55.13 112.653927  59.583661 18.415
 90   176.664 55370.56267009 33.49 112.656415  59.581900  8.599
 90   176.807 55370.56267073 35.96 112.654265  59.585070  8.599
 91   176.323 55405.56268834 49.19 112.651705  59.580204 13.297
 91   176.282 55405.56268898 43.74 112.649565  59.583384 13.297
 92   177.162 55440.56268879 24.30 112.658508  59.581431  4.206
 92   180.961 55440.56268944 18.51 112.656358  59.584601  4.206
 93   175.286 55475.56263264 29.34 112.664423  59.582049  8.029
 93   180.803 55475.56263329 20.14 112.662273  59.585229  8.029
