# NaN NaN NaN ;Mean Elev.(m), Avg Gradient(m/km), RMS Gradient(m/km) - SRTM1     
#  182.054 -50.796  56.242 ;Mean Elev.(m), Avg Gradient(m/km), RMS Gradient(m/km) - ASTER GDEM
#  153.622  -3.680  55.432 ;Mean Elev.(m), Avg Gradient(m/km), RMS Gradient(m/km) - GMTED2010 
 10   163.589 52567.55893142 42.11 113.782780  60.028011 13.882
 10   163.704 52567.55893206 48.41 113.780580  60.031181 13.882
 12   164.145 52637.55890294  4.65 113.774386  60.026483  3.157
 12   163.992 52637.55890358  5.72 113.772189  60.029647  3.979
 13   163.469 52672.55890494  5.14 113.786065  60.028782  3.872
 13   163.437 52672.55890558  4.87 113.783865  60.031952  3.872
 13   163.662 52672.55890623  5.42 113.781665  60.035122  3.872
 14   162.892 52707.55890915  7.06 113.779344  60.027109  4.413
 14   162.815 52707.55890979  7.63 113.777144  60.030279  4.413
 17   165.839 52812.55896030 47.90 113.774395  60.023769 14.252
 17   166.567 52812.55896094 51.00 113.772195  60.026939 14.252
 20   164.072 52917.55900892  6.77 113.790013  60.032273  3.981
 20   163.909 52917.55900957  8.38 113.787819  60.035443  8.398
 20   172.166 52917.55901021  8.57 113.785619  60.038613  8.398
 22   163.846 52987.55898362 12.35 113.789066  60.030962  5.324
 22   163.978 52987.55898427 10.84 113.786866  60.034132  5.324
 22   163.803 52987.55898491 10.78 113.784666  60.037302  5.324
 23   163.068 53022.55897255  8.03 113.790442  60.033933  4.155
 23   163.109 53022.55897320  8.35 113.788242  60.037103  4.155
 24   164.488 53057.55896438  7.72 113.786374  60.029163  3.439
 24   162.751 53057.55896503  8.28 113.784174  60.032333  3.439
 24   163.175 53057.55896567  7.40 113.781984  60.035503  3.439
 25   162.784 53092.55900249  6.85 113.784096  60.030230  3.450
 25   163.162 53092.55900314  6.00 113.781896  60.033400  3.450
 26   170.865 53127.55897328  6.92 113.780797  60.028027 11.134
 26   169.413 53127.55897392 11.54 113.778597  60.031197 11.134
 28   173.367 53197.55903714 12.87 113.784897  60.028110 13.849
 28   174.505 53197.55903779 13.45 113.782697  60.031280 13.849
 28   173.872 53197.55903843 25.51 113.780497  60.034450 13.849
 29   168.961 53232.55901534 41.43 113.790619  60.034290 19.425
 29   167.984 53232.55901599 40.29 113.788419  60.037460 19.425
 30   165.574 53267.55898407  7.90 113.792333  60.035489  7.143
 30   172.491 53267.55898472  6.62 113.790133  60.038659  7.143
 30   172.528 53267.55898536 11.97 113.787933  60.041829  7.143
 31   164.616 53302.55903753 41.81 113.772415  60.023043 15.298
 31   164.671 53302.55903817 43.29 113.770215  60.026203 15.298
 33   165.533 53372.55894365  3.38 113.794116  60.034789  3.299
 33   165.467 53372.55894429  3.42 113.791916  60.037959  3.299
 33   165.302 53372.55894494  4.00 113.789726  60.041129  3.299
 35   165.619 53442.55896723  0.28 113.791490  60.035514  2.568
 35   164.229 53442.55896787  0.91 113.789300  60.038674  2.568
 38   168.454 53547.55906720 47.12 113.783266  60.027901 19.259
 38   168.393 53547.55906785 51.95 113.781066  60.031071 19.259
 39   163.652 53582.55903615 39.34 113.788328  60.029488 16.621
 39   166.600 53582.55903679 46.88 113.786128  60.032658 16.621
 39   166.326 53582.55903744 48.67 113.783928  60.035828 16.621
 40   163.489 53617.55899223 46.52 113.791154  60.031579 15.993
 40   165.721 53617.55899288 47.21 113.788954  60.034749 15.993
 40   164.733 53617.55899352 47.52 113.786764  60.037919 15.993
 43   163.088 53722.55893885  6.79 113.794449  60.034294  4.755
 43   163.154 53722.55893949  6.94 113.792249  60.037464  4.755
 43   162.925 53722.55894014  9.28 113.790059  60.040634  4.755
 44   162.460 53757.55887233  4.42 113.783326  60.028431  3.555
 44   162.429 53757.55887298  5.14 113.781126  60.031601  3.555
 46   163.176 53827.55886250  3.80 113.779554  60.025086  3.107
 46   162.589 53827.55886315  4.29 113.777354  60.028256  3.107
 47   162.930 53862.55894900 25.77 113.776826  60.026766 20.970
 47   163.206 53862.55894964 27.85 113.774626  60.029936 20.970
 48   173.849 53897.55897136 17.81 113.781861  60.028359 12.176
 48   174.942 53897.55897200 20.92 113.779661  60.031529 12.176
 50   166.920 53967.55899328 49.22 113.781840  60.029312 15.104
 50   166.814 53967.55899393 51.96 113.779640  60.032482 15.104
 53   164.988 54072.55899107 11.53 113.786061  60.030065  7.604
 53   164.769 54072.55899171 10.37 113.783871  60.033235  7.604
 54   164.068 54107.55894114  5.01 113.791615  60.035440  4.598
 54   163.846 54107.55894178  7.00 113.789425  60.038610  4.598
 55   163.092 54142.55892587  4.92 113.779723  60.026787  5.388
 55   163.255 54142.55892652  4.90 113.777523  60.029957  5.388
 56   163.040 54177.55892283  4.41 113.789963  60.030491  3.960
 56   163.153 54177.55892348  4.08 113.787763  60.033661  3.960
 56   162.956 54177.55892412  4.40 113.785563  60.036831  3.960
 57   162.956 54212.55893305 14.90 113.780304  60.026415 12.946
 57   162.989 54212.55893370 24.59 113.778104  60.029585 12.946
 60   164.117 54317.55896975 44.11 113.787930  60.029147 13.277
 60   164.709 54317.55897040 47.94 113.785740  60.032317 13.277
 60   164.540 54317.55897104 47.63 113.783540  60.035487 13.277
 62   164.930 54387.55890906 38.32 113.784624  60.027032 11.042
 62   164.628 54387.55890971 50.23 113.782424  60.030192 11.042
 62   164.651 54387.55891035 49.55 113.780224  60.033362 11.042
 64   163.508 54457.55888330 13.00 113.777268  60.027799  5.188
 64   163.245 54457.55888394 12.95 113.775068  60.030969  5.188
 65   162.805 54492.55888804  6.72 113.789367  60.029931  3.447
 65   163.076 54492.55888869  7.34 113.787167  60.033101  3.447
 65   162.973 54492.55888933  7.69 113.784977  60.036271  3.447
 68   166.725 54597.55889167 24.19 113.784748  60.027443 13.177
 68   166.725 54597.55889231 24.98 113.782548  60.030613 13.177
 68   166.558 54597.55889296 24.47 113.780348  60.033783 13.177
 69   173.941 54632.55890501 14.61 113.783013  60.028434 16.340
 69   174.932 54632.55890566 17.52 113.780813  60.031604 16.340
 72   168.394 54737.55887121 42.04 113.779577  60.026120 11.524
 72   169.172 54737.55887186 49.86 113.777377  60.029290 11.524
 73   163.758 54772.55885814 44.19 113.788310  60.031080 10.491
 73   163.683 54772.55885878 45.30 113.786120  60.034250 10.491
 73   163.010 54772.55885943 49.62 113.783917  60.037416 10.708
 74   164.632 54807.55886463  9.83 113.778161  60.025218  5.809
 74   164.770 54807.55886527  9.70 113.775961  60.028388  5.809
 75   166.820 54842.55885514  4.33 113.785922  60.030574  2.300
 75   166.342 54842.55885579  4.02 113.783722  60.033742  3.984
 76   163.467 54877.55886684  3.23 113.781965  60.026330  3.257
 76   163.551 54877.55886749  3.31 113.779765  60.029500  3.257
 76   163.355 54877.55886813  3.42 113.777565  60.032670  3.257
 78   164.117 54947.55885984 23.27 113.779889  60.027170 14.727
 78   164.168 54947.55886048 27.49 113.777689  60.030340 14.727
 81   165.571 55052.55887980 27.08 113.787263  60.029000  9.755
 81   165.502 55052.55888044 23.66 113.785063  60.032170  9.755
 81   165.288 55052.55888109 23.61 113.782867  60.035339  7.549
 82   167.920 55087.55884363 51.24 113.789747  60.033568 11.008
 82   167.178 55087.55884427 50.26 113.787547  60.036738 11.008
 83   164.636 55122.55881453 20.85 113.782764  60.025994  4.857
 83   164.466 55122.55881517 19.97 113.780564  60.029164  4.857
 83   164.282 55122.55881582 20.46 113.778364  60.032334  4.857
 84   164.475 55157.55880362 12.90 113.787076  60.030849  5.204
 84   164.309 55157.55880426 15.49 113.784876  60.034019  5.204
 85   164.272 55192.55880477  6.65 113.777119  60.027369  4.295
 85   164.138 55192.55880541  7.98 113.774929  60.030539  4.295
 86   162.936 55227.55880502  2.38 113.787197  60.031686  3.250
 86   162.795 55227.55880567  2.37 113.785003  60.034855  3.283
 87   164.151 55262.55880009  0.40 113.784157  60.028331  1.938
 87   163.032 55262.55880074  1.30 113.781957  60.031501  1.938
 89   302.048 55332.55878022  2.37 113.782687  60.031167  2.687
 89   301.675 55332.55878087  3.85 113.780487  60.034337  2.687
 91   173.344 55402.55878628 10.88 113.779818  60.026880  8.767
 91   174.067 55402.55878692 17.52 113.777618  60.030050  8.767
 93   164.894 55472.55873983 20.85 113.790651  60.035314  5.078
 93   164.336 55472.55874047 24.85 113.788451  60.038484  5.078
