# NaN NaN NaN ;Mean Elev.(m), Avg Gradient(m/km), RMS Gradient(m/km) - SRTM1     
#    8.000  -0.118   1.013 ;Mean Elev.(m), Avg Gradient(m/km), RMS Gradient(m/km) - ASTER GDEM
#    1.000   0.000   0.108 ;Mean Elev.(m), Avg Gradient(m/km), RMS Gradient(m/km) - GMTED2010 
 16 128.017966  72.283555     1.137     1.113  3 52771.48362686 27.334
 20 128.014189  72.285800     1.252     1.230  3 52911.48373698 38.283
 30 128.013438  72.282986     1.192     1.192  2 53261.48373444 44.432
 40 128.013538  72.284413     1.536     1.536  2 53611.48373340 26.687
 43 128.018125  72.282168     1.532     1.537  3 53716.48368091 21.806
 46 128.020945  72.287538     1.436     1.436  2 53821.48358641 17.891
 54 128.016232  72.282348     1.522     1.522  2 54101.48368424 25.520
 61 128.015091  72.283826     1.216     1.195  3 54346.48367736 34.597
 82 128.015770  72.282983     0.408     0.408  2 55081.48358511 27.843
 88 128.014450  72.282645     1.492     1.492  2 55291.48352953 14.171
 93 128.014471  72.286384     1.230     1.239  3 55466.48348359 37.548
