# NaN NaN NaN ;Mean Elev.(m), Avg Gradient(m/km), RMS Gradient(m/km) - SRTM1     
#  121.137     NaN     NaN ;Mean Elev.(m), Avg Gradient(m/km), RMS Gradient(m/km) - ASTER GDEM
#  127.192 -25.739  54.990 ;Mean Elev.(m), Avg Gradient(m/km), RMS Gradient(m/km) - GMTED2010 
  8 119.397867  60.224488   130.773   130.583  4 52485.54300585 50.159
  9 119.401206  60.226287   136.132   136.531  3 52520.54297145 27.438
 10 119.386194  60.219469   129.997   130.000  4 52555.54302174 42.911
 11 119.395366  60.223241   131.795   132.086  3 52590.54301130 36.464
 12 119.407262  60.227300   130.496   130.517  4 52625.54293990 18.562
 13 119.396446  60.223111   130.484   130.520  4 52660.54297674  9.804
 14 119.388107  60.219606   130.172   130.235  4 52695.54295587  8.459
 15 119.400727  60.225018   151.695   148.472  4 52730.54298617  5.504
 17 119.388744  60.220951   133.402   132.890  4 52800.54298927 28.476
 18 119.392191  60.221528   130.112   130.164  4 52835.54305681 47.389
 19 119.396871  60.223667   130.884   130.876  3 52870.54309829 21.536
 20 119.399445  60.224187   129.494   129.465  4 52905.54309870 14.222
 21 119.387447  60.219696   420.130   420.469  3 52940.54303015 41.364
 22 119.390188  60.221011   129.077   128.992  4 52975.54307678 28.370
 23 119.394538  60.222291   128.880   128.808  4 53010.54308100 20.638
 24 119.387898  60.220018   135.234   135.390  4 53045.54304361 12.196
 25 119.393501  60.223013   128.485   128.459  3 53080.54307803 11.235
 28 119.399973  60.225369   135.146   135.305  4 53185.54308553 23.508
 29 119.398793  60.224715   141.395   141.296  4 53220.54311126 38.701
 30 119.399206  60.226628   132.990   133.089  4 53255.54308833 43.282
 32 119.399853  60.226253   131.240   131.311  4 53325.54307380 31.020
 33 119.405359  60.226615   133.553   133.803  4 53360.54303284 30.505
 34 119.389419  60.219727   132.801   131.623  3 53395.54305098  6.802
 35 119.402686  60.228529   131.438   131.028  4 53430.54304483  9.045
 38 119.398304  60.225934   143.609   143.154  4 53535.54312170 17.454
 39 119.393998  60.222034   142.181   142.043  4 53570.54313105 36.436
 40 119.403835  60.228919   134.989   135.017  4 53605.54307958 41.493
 41 119.386282  60.220055   128.780   128.926  4 53640.54307801 30.448
 42 119.391524  60.220920   130.587   130.725  4 53675.54309764 40.897
 43 119.406696  60.227953   131.208   130.675  4 53710.54302846 35.974
 44 119.387838  60.219273   129.147   129.111  4 53745.54293696 11.870
 45 119.399440  60.224985   129.944   129.942  3 53780.54296907  9.893
 46 119.409473  60.229464   132.501   132.865  5 53815.54293918  8.121
 47 119.386538  60.219734   133.087   133.489  4 53850.54300381 24.564
 49 119.388282  60.220522   136.867   136.439  4 53920.54308301 19.282
 50 119.390314  60.221803   136.147   136.129  4 53955.54308138 19.185
 51 119.408931  60.229357   140.153   139.897  5 53990.54300095 37.194
 52 119.389571  60.221453   131.393   131.216  3 54025.54306522 43.118
 53 119.400246  60.226152   130.531   130.580  3 54060.54305883 23.762
 54 119.402997  60.227154   132.193   132.178  4 54095.54303366 34.654
 55 119.388023  60.220430   130.840   131.011  4 54130.54297857 10.371
 56 119.397966  60.225682   130.502   130.523  4 54165.54300523 10.583
 59 119.396995  60.225184   141.113   141.563  4 54270.54304032 28.401
 60 119.395385  60.224535   131.179   131.165  4 54305.54304295 44.628
 61 119.400918  60.226029   134.574   134.554  3 54340.54302551 38.568
 62 119.392887  60.222482   129.886   129.841  4 54375.54297699 31.460
 63 119.396838  60.223931   131.609   130.474  3 54410.54297158 41.544
 65 119.397506  60.223636   130.629   130.568  4 54480.54296263 13.832
 66 119.390246  60.220281   137.344   136.305  3 54515.54295441 10.579
 69 119.395336  60.224217   136.438   135.753  3 54620.54297006 22.143
 70 119.395543  60.223303   134.946   134.925  3 54655.54298030 17.339
 71 119.397926  60.226059   131.679   131.690  4 54690.54296655 47.351
 72 119.390920  60.220359   131.074   131.156  3 54725.54293054 35.070
 73 119.396434  60.223838   134.130   134.742  4 54760.54294260 43.508
 74 119.387311  60.218859   129.396   129.450  3 54795.54292348 28.479
 75 119.395966  60.223560   131.303   131.267  4 54830.54294274 12.765
 76 119.389964  60.221477   130.896   130.980  3 54865.54291889 10.777
 77 119.397886  60.224939   130.945   130.957  4 54900.54294187 10.881
 79 119.395744  60.222811   146.072   146.580  3 54970.54294351 12.988
 80 119.394361  60.223597   142.652   142.579  4 55005.54296313 30.220
 81 119.396985  60.224104   135.607   135.826  3 55040.54295100 11.216
 82 119.399756  60.225642   132.322   132.389  3 55075.54293339 49.247
 83 119.391856  60.221121   133.406   133.298  4 55110.54288304 45.117
 84 119.396148  60.223626   130.130   130.362  3 55145.54288602 28.486
 85 119.388031  60.220273   130.139   130.084  3 55180.54285978 17.767
 86 119.397973  60.223892   130.788   130.817  4 55215.54288066 13.004
 87 119.392472  60.221841   130.662   130.442  3 55250.54285679 10.428
 88 119.398704  60.225994   130.855   130.703  4 55285.54287483  9.932
 89 119.395142  60.224042   144.223   143.716  4 55320.54284792 17.339
 90 119.397114  60.223813   132.739   132.766  4 55355.54284836 51.195
 91 119.390341  60.221751   131.412   131.437  3 55390.54284830 40.886
 92 119.396616  60.224139   131.300   131.176  3 55425.54286540 36.195
 93 119.401270  60.227642   130.490   130.534  4 55460.54283419 46.283
