# NaN NaN NaN ;Mean Elev.(m), Avg Gradient(m/km), RMS Gradient(m/km) - SRTM1     
#   80.713  -2.473   6.206 ;Mean Elev.(m), Avg Gradient(m/km), RMS Gradient(m/km) - ASTER GDEM
#   72.397  -4.128   9.129 ;Mean Elev.(m), Avg Gradient(m/km), RMS Gradient(m/km) - GMTED2010 
  8 129.701326  61.851211    88.214    88.174  9 52496.51138479 47.662
  9 129.695669  61.826981    89.319    88.699 12 52531.51136667 27.328
 10 129.701867  61.839190    87.346    87.390 12 52566.51139046 41.176
 11 129.702634  61.840316    88.211    88.743 13 52601.51140238 25.164
 12 129.697299  61.831174    88.342    88.522 12 52636.51136545 19.722
 13 129.702576  61.840661    88.568    88.645 12 52671.51137217 18.738
 14 129.699872  61.835639    87.818    88.046 13 52706.51136937 15.923
 15 129.701442  61.841390    88.278    88.242 13 52741.51140304 14.117
 16 129.703952  61.858960    86.182    85.814  7 52776.51134979 28.605
 17 129.696700  61.829754    90.977    91.208 11 52811.51142215 22.200
 18 129.698256  61.831387    87.655    87.635 12 52846.51147750 44.954
 19 129.700279  61.837825    90.726    90.612 12 52881.51151555 19.613
 20 129.702335  61.852975    87.141    87.169  9 52916.51147539 50.785
 21 129.698572  61.833743    87.491    86.849 12 52951.51143274 27.781
 23 129.702681  61.851246    87.169    87.075 10 53021.51144329 22.591
 26 129.699460  61.836466    92.658    92.540 12 53126.51143917 14.436
 27 129.699248  61.833572    91.440    91.489 12 53161.51150121 24.805
 28 129.702325  61.841758    89.730    89.725 12 53196.51150089 44.282
 29 129.702327  61.851752    89.365    89.379  9 53231.51148469 47.533
 30 129.703628  61.855330    88.957    88.978  9 53266.51145489 35.995
 31 129.691972  61.832042    88.377    88.342  9 53301.51150243 47.549
 32 129.702858  61.841235    90.526    90.513 12 53336.51147424 18.302
 33 129.702336  61.859362    88.506    88.678  8 53371.51141415 18.728
 34 129.700071  61.838237    90.991    90.994 13 53406.51144640 12.746
 35 129.703563  61.854126    89.345    89.422  9 53441.51143529 13.154
 36 129.696840  61.832958    92.011    92.023 12 53476.51149975  4.862
 37 129.701673  61.838747    92.001    92.011 13 53511.51151430 51.364
 38 129.701269  61.839699    90.551    90.570 12 53546.51153164 49.092
 39 129.701443  61.847373    90.029    90.035 10 53581.51150527 46.714
 40 129.702403  61.851662    87.900    87.946 10 53616.51146121 41.322
 41 129.700935  61.836252    86.717    86.729 12 53651.51147346 49.119
 42 129.700916  61.837521    88.039    87.605 13 53686.51147939 24.234
 43 129.704158  61.856246    88.028    88.147  9 53721.51140853 19.580
 44 129.701795  61.838566    89.586    89.429 13 53756.51133531 16.536
 45 129.700939  61.850972    89.688    89.884 10 53791.51136394 16.071
 46 129.699485  61.833021    90.354    90.546 12 53826.51132277 13.113
 47 129.698329  61.833430    85.840    85.787 11 53861.51141249 34.102
 48 129.701035  61.838210    94.324    94.401 13 53896.51143369 33.294
 49 129.697824  61.834170    91.475    91.638 12 53931.51148349 22.132
 50 129.701208  61.839040    90.464    90.271 13 53966.51145996 46.155
 51 129.696018  61.831068    89.740    89.684 12 54001.51142065 41.310
 52 129.701386  61.839242    86.631    86.665 12 54036.51146200 43.492
 53 129.701846  61.843928    90.160    90.094 12 54071.51145705 20.196
 54 129.703298  61.854978    88.646    88.797  9 54106.51141053 20.407
 55 129.699982  61.834894    89.979    90.073 12 54141.51138922 15.418
 56 129.701103  61.850352    89.782    89.779 10 54176.51139111 15.575
 57 129.700405  61.834572    92.910    92.835 12 54211.51139610 11.864
 58 129.701446  61.838060    92.313    92.201 13 54246.51142650 39.883
 60 129.701164  61.847226    89.412    89.438 11 54316.51143689 28.428
 61 129.702657  61.850783    87.903    87.903 10 54351.51140453 49.501
 62 129.694566  61.847702    88.656    88.123  8 54386.51137634 41.775
 63 129.702541  61.847539    89.546    89.692 10 54421.51135358 30.317
 64 129.698308  61.833230    89.833    90.122 12 54456.51134656 19.915
 65 129.701919  61.848165    89.769    89.895 10 54491.51135539 17.488
 66 129.700477  61.838899    89.918    89.756 12 54526.51136031 14.721
 67 129.702216  61.849781    89.835    89.832  9 54561.51136414 12.679
 68 129.701777  61.840374    86.741    86.749 12 54596.51135655 36.063
 69 129.701340  61.839831    92.202    91.997 13 54631.51136995 29.089
 70 129.700858  61.840103    90.159    90.177 12 54666.51137612 26.072
 71 129.702124  61.853707    89.920    89.941  9 54701.51134676 34.806
 72 129.698993  61.834302    90.082    89.729 13 54736.51133509 24.080
 73 129.700757  61.849022    87.324    87.312 10 54771.51132639 48.474
 74 129.699514  61.832022    88.432    87.827 12 54806.51132830 21.828
 75 129.702368  61.842694    88.555    88.840 12 54841.51132134 19.707
 76 129.700878  61.836285    88.496    88.689 12 54876.51133045 17.312
 77 129.700972  61.851179    87.748    87.696 10 54911.51132799 17.518
 78 129.699325  61.835360    86.320    86.249 13 54946.51132320 44.113
 79 129.701702  61.839645    91.764    91.723 12 54981.51134988 24.043
 80 129.701787  61.841272    90.887    90.896 13 55016.51135073 37.590
 81 129.701462  61.844435    88.465    88.540 12 55051.51134621 44.478
 82 129.703047  61.852442    88.945    88.962  9 55086.51131230 29.047
 83 129.700445  61.836526    89.415    89.690 13 55121.51127886 28.043
 84 129.700439  61.848191    87.327    87.279 10 55156.51127166 26.434
 85 129.697838  61.834652    88.007    87.747 12 55191.51126823 21.834
 86 129.700838  61.847530    87.153    86.842 11 55226.51127223 18.048
 87 129.702137  61.839650    87.330    86.881 12 55261.51126452 14.810
 88 129.702071  61.850992    87.379    87.527  9 55296.51125798 13.586
 89 129.701670  61.839921    88.742    88.759 13 55331.51124514 45.442
 90 129.701090  61.847835    89.791    89.838 11 55366.51123929 36.724
 91 129.698814  61.835548    87.995    87.979 12 55401.51125050 42.543
 92 129.700261  61.849138    88.885    88.915 10 55436.51125699 35.328
 93 129.702559  61.855680    87.636    87.660  9 55471.51120923 49.251
