# NaN NaN NaN ;Mean Elev.(m), Avg Gradient(m/km), RMS Gradient(m/km) - SRTM1     
#   72.867     NaN     NaN ;Mean Elev.(m), Avg Gradient(m/km), RMS Gradient(m/km) - ASTER GDEM
#  124.699  -7.691  54.482 ;Mean Elev.(m), Avg Gradient(m/km), RMS Gradient(m/km) - GMTED2010 
  7 122.015144  60.565748   121.309   121.374  3 52444.53511118 30.788
  8 122.022391  60.566372   127.074   127.853  4 52479.53510417  8.959
  9 122.041968  60.566116   118.473   116.739  4 52514.53505028 28.653
 10 122.013170  60.565501   132.556   132.662  3 52549.53509588  8.234
 11 122.033524  60.565658   120.985   121.410  3 52584.53508096 35.681
 12 122.033075  60.566123   124.666   124.818  4 52619.53505939 13.445
 13 122.029695  60.566152   128.637   128.414  4 52654.53504483  8.355
 14 122.038571  60.564721   127.360   127.373  4 52689.53503943  6.633
 15 122.026966  60.565270   123.725   123.620  4 52724.53508414  6.320
 18 122.022587  60.566391   124.944   126.105  3 52829.53512606 26.677
 19 122.029688  60.565753   124.801   124.774  3 52864.53517018 16.783
 20 122.029685  60.565533   123.341   123.650  4 52899.53519927 19.291
 21 122.035011  60.566179   122.300   123.499  4 52934.53514278 37.376
 22 122.021096  60.565527   124.774   124.884  4 52969.53515844 15.153
 25 122.027600  60.564870   128.178   128.459  3 53074.53515685  3.436
 27 122.020964  60.565680   404.580   404.328  3 53144.53516835  2.328
 30 122.036036  60.565479   124.972   125.504  3 53249.53517406 41.341
 31 122.012593  60.565635   128.781   129.504  4 53284.53517044 14.947
 32 122.029964  60.566049   123.341   123.478  4 53319.53515844 28.799
 39 122.025389  60.565952   130.531   131.252  3 53564.53522472 11.380
 40 122.037157  60.565860   125.651   125.404  3 53599.53516614 26.410
 41 122.013269  60.566200   119.206   120.461  4 53634.53516331 31.408
 42 122.020410  60.565887   119.203   118.598  4 53669.53518456 40.755
 45 122.029655  60.565556   131.426   131.466  4 53774.53505135  4.411
 46 122.042172  60.565607   132.243   131.831  3 53809.53503469  1.849
 48 122.026958  60.564962   405.340   406.062  3 53879.53510581  1.413
 49 122.018504  60.566758   132.289   132.259  4 53914.53516235 36.379
 50 122.022350  60.563949   119.846   119.846  2 53949.53517230 41.661
 51 122.033506  60.568213   134.277   134.277  2 53984.53511112  9.476
 52 122.021002  60.565308   122.869   122.427  4 54019.53514600 27.067
 53 122.034401  60.566276   127.904   127.919  4 54054.53513646 11.899
 54 122.035991  60.565148   130.619   130.695  4 54089.53512622  6.684
 55 122.017461  60.565981   129.491   129.037  3 54124.53505188  3.116
 57 122.018427  60.565846   132.356   132.086  4 54194.53505405  2.304
 60 122.029502  60.564939   120.082   120.070  4 54299.53512667 46.676
 61 122.033807  60.565521   125.835   126.723  4 54334.53511673 35.836
 63 122.030644  60.565492   122.601   124.425  3 54404.53506070 35.867
 64 122.013284  60.566715   125.342   125.248  3 54439.53501877 12.301
 70 122.024390  60.565219   128.073   128.118  4 54649.53506195 40.476
 71 122.032530  60.565806   125.723   126.023  3 54684.53505810 23.544
 73 122.026555  60.565060   117.733   117.878  3 54754.53503171 30.219
 74 122.016734  60.565280   124.249   123.907  3 54789.53499987 21.751
 76 122.018828  60.565360   128.635   128.539  4 54859.53499297  6.449
 77 122.030359  60.564916   130.485   130.733  3 54894.53502875  5.197
 80 122.025516  60.565801   132.992   133.718  4 54999.53504958 12.795
 81 122.026098  60.565202   126.494   126.282  3 55034.53503597 24.011
 82 122.034864  60.565372   128.080   127.412  4 55069.53502543 22.861
 84 122.028807  60.565176   120.993   119.220  3 55139.53497242 33.276
 85 122.016944  60.566618   127.276   127.411  4 55174.53493400 10.952
 86 122.025930  60.565152   129.854   129.668  3 55209.53496830  7.459
 87 122.018781  60.566447   128.503   129.669  3 55244.53494006  4.385
 88 122.030749  60.566204   131.158   131.351  4 55279.53496213  1.604
 91 122.018413  60.566015   124.913   126.181  3 55384.53492619 37.558
 92 122.026260  60.566462   122.422   120.607  3 55419.53495215 40.015
 93 122.035447  60.566186   129.793   130.075  3 55454.53492989 12.249
 94 122.043149  60.565942   118.282   117.334  4 55489.53484893 42.314
