# NaN NaN NaN ;Mean Elev.(m), Avg Gradient(m/km), RMS Gradient(m/km) - SRTM1     
#    9.055 -21.026  65.950 ;Mean Elev.(m), Avg Gradient(m/km), RMS Gradient(m/km) - ASTER GDEM
#   10.038 -21.721  68.322 ;Mean Elev.(m), Avg Gradient(m/km), RMS Gradient(m/km) - GMTED2010 
  8 127.617628  70.787202    36.216    37.208 21 52485.13278793 11.635
  9 127.611910  70.787159    17.720    19.050 22 52520.13275225 14.177
 11 127.619741  70.787413     4.876     4.417 20 52590.13279081 13.510
 12 127.614143  70.786448     6.523     5.394 21 52625.13272392  6.906
 13 127.625529  70.787099     6.849     6.519 19 52660.13275689  5.059
 14 127.643705  70.783716     4.995     4.565 12 52695.13273699  4.228
 15 127.629221  70.786781    32.646    31.401 17 52730.13276826  3.313
 17 127.626862  70.773510    22.045    22.055  6 52800.13277039 29.157
 18 127.632173  70.779546    51.988    46.692 10 52835.13283729  6.653
 19 127.629813  70.784104    28.270    31.543 17 52870.13287812 13.440
 20 127.589459  70.767598    48.487    48.487  2 52905.13288497  1.981
 21 127.587623  70.779294     4.730     4.647 19 52940.13281579 29.196
 22 127.631235  70.785304     2.764     2.727 17 52975.13285822 18.470
 23 127.618209  70.787272     2.829     2.791 21 53010.13286309 12.770
 24 127.634472  70.784546     3.264     3.199 16 53045.13282473  9.751
 25 127.615332  70.787511     3.940     3.834 20 53080.13285883  5.992
 26 127.632123  70.784745     3.684     3.706 17 53115.13282927  5.187
 27 127.638350  70.795977     2.596     3.032 13 53150.13287382 30.221
 29 127.618176  70.785378    10.654    10.356 20 53220.13289302 12.009
 30 127.582885  70.774361    35.710    43.010  4 53255.13287284  6.817
 31 127.632096  70.784723     6.727     6.704 17 53290.13287865 46.510
 32 127.627752  70.787218     5.189     5.178 19 53325.13285348 15.927
 33 127.616700  70.786680     5.323     5.059 21 53360.13281393 10.494
 34 127.637117  70.786214     5.995     5.343 16 53395.13283177  5.254
 35 127.613517  70.785531     8.949     8.418 21 53430.13282553  3.909
 36 127.639414  70.784237    35.454    36.548 14 53465.13285192  1.366
 37 127.623436  70.789415     8.356     7.972 18 53500.13291349  9.193
 38 127.619686  70.785573   113.764   118.776 14 53535.13290144 37.117
 39 127.604449  70.780435    34.661    29.691 16 53570.13291433 39.212
 42 127.619604  70.785465     5.225     4.982 20 53675.13287944 16.764
 43 127.612303  70.786392     4.710     4.460 21 53710.13280970 12.223
 45 127.628801  70.786019     6.475     5.880 18 53780.13274970  3.838
 46 127.594926  70.782308    10.656     7.303 20 53815.13272180  4.547
 47 127.633056  70.785202    15.887     6.933 17 53850.13278422  1.912
 49 127.585388  70.767074    43.844    45.225  3 53920.13286804  5.164
 51 127.605351  70.785317    11.349    11.031 21 53990.13278181 11.628
 52 127.637439  70.784369     6.294     6.195 15 54025.13284593 43.248
 53 127.629836  70.785486     6.659     5.593 18 54060.13283918 10.166
 54 127.605306  70.785407     9.929     9.474 21 54095.13281558  4.011
 55 127.641759  70.783955     7.615     7.310 13 54130.13275881  1.528
 56 127.619337  70.788971     8.983     8.430 20 54165.13278582  2.430
 57 127.634851  70.784730    17.760    10.588 15 54200.13276184  0.695
 58 127.595629  70.764147    75.068    75.068  2 54235.13280500  1.015
 59 127.600212  70.771945   104.682   113.549  7 54270.13282369  5.659
 60 127.617044  70.780666    23.975    15.725 16 54305.13282476 34.684
 61 127.616959  70.786878     9.236     9.334 21 54340.13280666 35.737
 62 127.632039  70.786036     9.019     9.024 17 54375.13275758 33.317
 63 127.621025  70.786104     5.515     5.572 20 54410.13275300 16.758
 64 127.641221  70.784627     5.408     5.410 14 54445.13272061  7.043
 65 127.625672  70.786433     6.241     6.103 18 54480.13274359  4.560
 66 127.639805  70.784271    16.541     7.570 14 54515.13273520  2.979
 67 127.634216  70.798673    37.753    37.548 12 54550.13275446  1.806
 68 127.627459  70.785194    48.738    49.153 13 54585.13273091  0.355
 69 127.660474  70.808116   206.268   209.238  3 54620.13274558  1.767
 70 127.601004  70.773414    48.278    44.557 11 54655.13276399  7.514
 71 127.578151  70.762094    42.835    45.735  4 54690.13275289  7.501
 72 127.638185  70.784422    38.149    37.957 15 54725.13271100  7.615
 73 127.621122  70.786678     5.315     5.057 19 54760.13272403 40.771
 74 127.641578  70.785047     5.709     5.242 14 54795.13270426  4.277
 75 127.622956  70.785188     8.334     8.552 18 54830.13272385  2.295
 76 127.652738  70.794098    27.158    18.112  8 54865.13269710  0.748
 77 127.627096  70.793520    26.553    24.580 16 54900.13272169  0.705
 78 127.639753  70.790203    47.242    40.482  4 54935.13269021  0.331
 79 127.605604  70.772732     6.391     6.639  9 54970.13272720 17.327
 80 127.594473  70.769513    43.037    44.760  9 55005.13274785  9.223
 81 127.597673  70.769451    18.030    20.761  7 55040.13273533  8.170
 83 127.634342  70.785277     8.313     7.839 16 55110.13266415  9.633
 84 127.619508  70.786488     5.982     5.547 20 55145.13266745 16.328
 85 127.642179  70.784745     5.305     4.978 14 55180.13263992  3.705
 86 127.621883  70.787258     8.228     7.994 20 55215.13266177  2.542
 87 127.636716  70.785536    34.168    37.523 15 55250.13263726  0.822
 88 127.615978  70.787540    38.556    41.277 21 55285.13265561  0.969
 91 127.621930  70.778164    10.548    10.756 12 55390.13263038 22.598
 92 127.617410  70.781875    12.671    12.239 17 55425.13264715  9.574
 93 127.613439  70.786167    10.328     9.996 21 55460.13261562 11.199
