# NaN NaN NaN ;Mean Elev.(m), Avg Gradient(m/km), RMS Gradient(m/km) - SRTM1     
#  120.079   7.207  33.891 ;Mean Elev.(m), Avg Gradient(m/km), RMS Gradient(m/km) - ASTER GDEM
#  124.000   4.013  31.705 ;Mean Elev.(m), Avg Gradient(m/km), RMS Gradient(m/km) - GMTED2010 
  8 120.700008  60.410481   123.502   123.518  5 52482.53906017 49.863
  9 120.707184  60.417049   122.526   122.539  4 52517.53901694 20.881
 10 120.691421  60.401835   123.447   123.409  5 52552.53906381 50.406
 11 120.704384  60.414390   120.824   120.817  5 52587.53904371 46.255
 12 120.706652  60.414203   121.592   121.613  4 52622.53900631 26.448
 13 120.701466  60.410740   120.718   120.719  5 52657.53901603 21.318
 15 120.701636  60.411345   120.256   120.241  5 52727.53904050 20.388
 17 120.699197  60.407586   128.438   128.391  5 52797.53901896 28.098
 18 120.697708  60.408500   124.675   124.685  5 52832.53909062 19.754
 19 120.702918  60.413718   124.281   124.247  4 52867.53913424 42.212
 20 120.702363  60.412181   123.188   123.201  5 52902.53915333 50.825
 21 120.706941  60.417769   121.641   121.639  4 52937.53909296 49.383
 22 120.696596  60.406883   122.038   122.048  4 52972.53912217 24.280
 23 120.697838  60.408183   121.260   121.241  4 53007.53913270 19.192
 24 120.692853  60.402571   122.814   122.764  5 53042.53908717 12.395
 25 120.700851  60.409053   120.510   120.542  4 53077.53912114 12.720
 26 120.687870  60.405444   141.012   141.012  2 53112.53909128  3.568
 27 120.697225  60.406738   128.935   128.949  5 53147.53913542 48.983
 28 120.703439  60.413189   129.045   129.023  5 53182.53913821 28.712
 29 120.700763  60.410322   127.180   127.181  4 53217.53916152 37.259
 30 120.704207  60.414771   125.382   125.400  4 53252.53914021 33.743
 31 120.690449  60.401143   123.743   123.778  5 53287.53913666 52.915
 32 120.704875  60.414326   122.803   122.792  5 53322.53911466 31.133
 33 120.708660  60.418962   131.275   131.110  4 53357.53908135 15.063
 34 120.694358  60.403999   124.489   124.462  5 53392.53909389  9.544
 35 120.707577  60.414682   127.521   121.528  3 53427.53909052 10.764
 38 120.705277  60.413687   129.123   129.119  4 53532.53916136 29.551
 39 120.699708  60.408556   127.528   127.562  5 53567.53918114 22.208
 40 120.706661  60.417279   125.710   125.641  4 53602.53912744 32.853
 41 120.693812  60.403212   122.930   122.910  4 53637.53912308 52.694
 42 120.696675  60.405907   121.343   121.282  4 53672.53914408 48.713
 43 120.709075  60.419073   122.721   122.723  4 53707.53907783 20.297
 44 120.712202  60.423274   122.080   122.075  5 53742.53899014 17.929
 45 120.704471  60.409589   121.145   121.145  2 53777.53901352 13.610
 46 120.710305  60.420845   120.599   120.645  5 53812.53899206 11.120
 47 120.694829  60.403664   120.715   120.761  5 53847.53904294 23.188
 49 120.696536  60.405363   127.189   127.220  4 53917.53912541 37.083
 50 120.697299  60.405154   122.198   122.167  5 53952.53912954 35.519
 52 120.696079  60.407184   122.994   123.009  5 54022.53910874 45.937
 53 120.704513  60.413883   122.511   122.552  5 54057.53910178 34.191
 54 120.706211  60.416796   122.919   122.902  4 54092.53908434 24.943
 55 120.695542  60.403854   121.865   121.870  5 54127.53901760 19.867
 56 120.701870  60.411163   122.258   122.363  4 54162.53905246 15.629
 57 120.696872  60.405859   127.054   123.739  4 54197.53902013  3.066
 59 120.701650  60.410803   127.860   127.865  5 54267.53908431 25.604
 60 120.702045  60.411270   125.597   125.623  4 54302.53908837 44.487
 61 120.703892  60.413770   123.895   123.863  4 54337.53907504 29.773
 62 120.698831  60.407568   123.372   123.429  5 54372.53902073 19.048
 63 120.701429  60.412170   121.536   121.507  4 54407.53901997 50.306
 64 120.694257  60.404044   122.780   122.799  4 54442.53898014 21.426
 65 120.701710  60.411315   124.105   124.201  5 54477.53900862 15.054
 66 120.695215  60.405915   123.229   123.229  5 54512.53899576 13.393
 67 120.703456  60.413092   120.706   120.674  4 54547.53902284 16.696
 69 120.701768  60.410269   127.791   127.807  5 54617.53901295 40.501
 70 120.700390  60.409269   125.062   125.067  4 54652.53902499 26.212
 71 120.703686  60.413377   126.079   126.105  5 54687.53901603 22.407
 72 120.695729  60.404690   126.612   126.651  4 54722.53897121 30.490
 73 120.702084  60.410440   123.204   123.149  5 54757.53899077 51.612
 74 120.693801  60.403401   121.960   121.869  4 54792.53896423 41.092
 75 120.700279  60.409022   121.914   121.918  4 54827.53898852 23.839
 76 120.696182  60.406815   121.120   121.127  5 54862.53895886 20.250
 77 120.702678  60.410884   120.994   121.033  4 54897.53898879 21.074
 78 120.697122  60.406305   122.957   122.981  4 54932.53895442 11.287
 79 120.701056  60.410205   250.499   254.909  4 54967.53898995  3.761
 80 120.698810  60.409152   129.449   129.461  4 55002.53900953 26.655
 81 120.702382  60.410656   124.866   124.856  4 55037.53899623 43.036
 82 120.704129  60.414395   126.622   126.599  4 55072.53898342 31.293
 83 120.695594  60.405459   125.158   125.220  5 55107.53892761 31.576
 84 120.702454  60.410624   121.024   120.990  4 55142.53893341 45.947
 85 120.694197  60.405125   122.930   122.945  5 55177.53889889 23.337
 86 120.700787  60.411105   121.467   121.459  4 55212.53892825 24.278
 87 120.697076  60.408187   120.858   120.869  5 55247.53890112 18.485
 88 120.702753  60.412268   120.676   120.715  5 55282.53892220 16.558
 89 120.700432  60.410242   121.075   121.056  5 55317.53889110 32.427
 90 120.702470  60.412927   127.026   126.994  4 55352.53889474 50.646
 91 120.695376  60.405279   127.826   127.829  4 55387.53888994 37.539
 92 120.702241  60.411177   126.581   123.754  4 55422.53891234 14.810
 93 120.704851  60.415540   124.132   124.093  4 55457.53888619 43.999
