# NaN NaN NaN ;Mean Elev.(m), Avg Gradient(m/km), RMS Gradient(m/km) - SRTM1     
#    3.313  -0.982  14.043 ;Mean Elev.(m), Avg Gradient(m/km), RMS Gradient(m/km) - ASTER GDEM
#    1.411   0.055   0.751 ;Mean Elev.(m), Avg Gradient(m/km), RMS Gradient(m/km) - GMTED2010 
  8 127.837727  72.735215     2.751     2.751  2 52507.48175560 23.444
 11 127.838902  72.735201     0.173     0.173  2 52612.48175262 18.139
 13 127.845423  72.736724     0.502     0.465  3 52682.48170883 15.200
 15 127.833985  72.734966     2.253     2.253  2 52752.48179219  9.878
 20 127.846946  72.736854     0.900     0.895  3 52927.48184030 48.585
 23 127.842719  72.738164     1.396     1.416  3 53032.48181117 11.338
 25 127.846701  72.737079     1.635     1.400  3 53102.48181437  8.201
 28 127.833711  72.733639     4.459     4.459  2 53207.48188617 23.675
 29 127.840614  72.736746     5.127     5.188  3 53242.48185415 25.822
 32 127.834574  72.736811     0.621     0.621  2 53347.48182806 20.506
 34 127.836096  72.736276     0.641     0.641  2 53417.48180678 19.794
 37 127.833742  72.734798     3.482     3.482  2 53522.48188342 38.580
 39 127.845892  72.739150     5.398     5.453  3 53592.48184595 28.671
 42 127.839626  72.736046     0.565     0.523  3 53697.48182612 20.582
 43 127.847801  72.739916     0.753     0.753  2 53732.48174912 20.312
 45 127.846463  72.737219     0.547     0.597  3 53802.48172470 15.601
 50 127.844681  72.735579     5.240     5.235  3 53977.48180913 26.734
 52 127.832733  72.735111     0.018     0.018  2 54047.48182674 42.396
 54 127.846119  72.741044     0.566     0.566  2 54117.48175147 16.336
 56 127.846161  72.738548     0.492     0.555  3 54187.48174453 12.145
 58 127.834891  72.733115     4.979     4.979  2 54257.48180385 32.013
 60 127.835227  72.737009     1.125     1.125  2 54327.48180284 46.271
 61 127.847990  72.739216     5.445     5.445  2 54362.48175228 30.456
 63 127.843314  72.738281    -0.028    -0.036  3 54432.48170193 14.666
 65 127.839871  72.737233     1.318     1.382  3 54502.48171694 11.098
 66 127.832103  72.736176     0.973     0.973  2 54537.48173979 10.537
 67 127.846296  72.737326     1.740     1.735  3 54572.48171835  8.912
 69 127.836606  72.734341     4.982     4.982  2 54642.48174152 23.591
 71 127.844404  72.739828     4.327     4.327  2 54712.48169804 29.750
 73 127.838655  72.735456     0.321     0.321  2 54782.48168370 25.332
 75 127.843201  72.734389     0.686     0.657  3 54852.48168094 19.541
 77 127.845961  72.739759     0.458     0.449  3 54922.48168223 15.655
 80 127.835743  72.736169     4.691     4.691  2 55027.48171940 24.691
 81 127.833432  72.735508     4.452     4.452  2 55062.48171204 25.141
 82 127.848221  72.739423     5.458     5.458  2 55097.48165995 29.710
 84 127.844193  72.734582     0.917     0.879  3 55167.48162152 15.092
 86 127.845498  72.735415     1.268     1.308  3 55237.48162884 12.025
 87 127.834741  72.734437     1.200     1.200  2 55272.48164162 11.160
 88 127.846060  72.739288     1.532     1.532  2 55307.48161190 10.262
 89 127.835252  72.733272     2.760     2.760  2 55342.48161102 30.008
 90 127.840684  72.735282     5.193     5.244  3 55377.48160497 26.313
 92 127.838157  72.735216     4.776     4.776  2 55447.48161949 24.980
