# NaN NaN NaN ;Mean Elev.(m), Avg Gradient(m/km), RMS Gradient(m/km) - SRTM1     
#   29.006  -0.904   3.347 ;Mean Elev.(m), Avg Gradient(m/km), RMS Gradient(m/km) - ASTER GDEM
#   29.136  -1.444   6.070 ;Mean Elev.(m), Avg Gradient(m/km), RMS Gradient(m/km) - GMTED2010 
  6 124.738269  64.955315    49.780    49.780  2 52441.12206259 41.811
  7 124.742851  64.955023    48.255    48.255  2 52476.12205932 50.593
  8 124.743835  64.953535    49.877    51.206  3 52511.12201197 25.767
  9 124.753817  64.947968    46.931    46.937  3 52546.12203339 50.017
 10 124.745597  64.950008    45.681    45.721  3 52581.12205547 32.973
 11 124.734968  64.957213    46.300    46.300  2 52616.12202436 17.845
 12 124.751919  64.947404    47.800    46.066  3 52651.12200260 16.823
 13 124.741743  64.953719    47.037    47.037  2 52686.12199193 13.810
 14 124.743383  64.949774    49.687    50.618  3 52721.12204236 11.487
 16 124.756234  64.947251    50.362    50.362  2 52791.12201532 44.940
 17 124.753739  64.946999    48.476    48.474  3 52826.12208465 51.124
 18 124.754864  64.947859    46.832    46.832  2 52861.12213009 48.311
 19 124.741382  64.954221    47.377    47.389  3 52896.12215965 50.218
 20 124.733876  64.958912    45.933    45.933  2 52931.12210706 45.091
 21 124.755647  64.948059    46.346    46.317  3 52966.12210501 19.207
 22 124.740639  64.956837    46.316    46.316  2 53001.12213447 11.050
 23 124.735701  64.958477    46.299    46.299  2 53036.12208339  9.531
 24 124.744690  64.951491    46.883    46.883  2 53071.12210599  9.069
 25 124.732282  64.959677    46.222    46.222  2 53106.12208449  7.701
 26 124.750027  64.949133    46.160    45.640  3 53141.12211335 39.165
 28 124.743678  64.954785    49.173    49.173  2 53211.12216149 25.520
 29 124.740288  64.953013    47.258    47.258  2 53246.12213009 26.581
 30 124.751952  64.948565    47.686    47.686  2 53281.12211568 31.655
 31 124.747880  64.950364    47.181    47.175  3 53316.12212745 22.305
 32 124.743430  64.952505    49.443    49.443  2 53351.12209287 12.230
 33 124.753046  64.948142    47.252    47.195  3 53386.12207796  9.476
 34 124.749845  64.950136    47.177    47.182  3 53421.12208122  9.208
 35 124.757124  64.945309    48.255    48.255  2 53456.12208738  7.446
 36 124.742296  64.954395    47.302    47.302  2 53491.12217131 23.813
 37 124.747012  64.949534    49.382    49.379  4 53526.12215469 51.883
 38 124.739245  64.957945    49.789    49.789  2 53561.12218176 33.309
 39 124.741423  64.952875    47.285    47.285  2 53596.12212139 35.074
 40 124.752287  64.947975    48.155    48.164  3 53631.12211610 51.788
 41 124.743193  64.952960    45.763    45.798  3 53666.12213855 45.697
 42 124.743291  64.952762    46.632    46.632  2 53701.12208970 16.478
 44 124.752620  64.949066    48.431    48.276  3 53771.12200420 10.011
 45 124.739950  64.953975    46.720    46.720  2 53806.12199521  9.395
 47 124.748066  64.948167    49.025    49.070  3 53876.12206351 42.323
 48 124.743736  64.952872    50.870    50.870  2 53911.12211136 25.377
 50 124.736743  64.955429    48.866    48.866  2 53981.12207492 30.864
 51 124.755506  64.946558    48.308    48.308  2 54016.12209750 25.437
 52 124.752304  64.949838    46.593    46.442  3 54051.12209689 19.055
 53 124.742490  64.953994    47.012    47.012  2 54086.12208855 15.347
 54 124.732873  64.960954    48.927    48.927  2 54121.12201323 11.281
 55 124.744282  64.951769    47.635    47.622  3 54156.12204800  8.416
 56 124.735391  64.957216    47.377    47.377  2 54191.12201168  7.859
 57 124.746191  64.950648    48.669    48.632  3 54226.12205931 21.515
 58 124.746150  64.951212    51.371    51.127  3 54261.12207906 30.581
 59 124.744219  64.951196    49.849    48.857  3 54296.12208353 24.076
 60 124.742524  64.953965    47.019    47.019  2 54331.12207481 28.500
 61 124.735838  64.957126    48.613    48.613  2 54366.12201772 33.018
 62 124.744332  64.950667    45.786    45.837  3 54401.12201747 38.866
 63 124.739741  64.957249    46.273    46.273  2 54436.12197373 18.240
 64 124.750561  64.947755    46.826    46.824  3 54471.12200205 13.654
 65 124.739405  64.957874    49.003    49.003  2 54506.12198651 10.618
 66 124.745842  64.951863    49.375    47.867  3 54541.12201625  8.223
 67 124.737204  64.956623    47.687    47.687  2 54576.12198817  7.140
 68 124.744961  64.952091    51.073    51.084  3 54611.12200786 46.429
 69 124.743852  64.952000    49.912    49.912  2 54646.12201539 22.666
 70 124.743257  64.953639    50.574    50.574  2 54681.12201611 20.270
 71 124.738011  64.958194    50.318    50.318  2 54716.12196496 27.142
 72 124.748340  64.950931    47.377    47.461  3 54751.12198782 23.323
 73 124.740796  64.956359    46.305    46.305  2 54786.12195479 21.556
 74 124.750279  64.950925    46.957    47.004  3 54821.12198113 15.022
 75 124.739685  64.953367    46.542    46.542  2 54856.12195150 11.980
 76 124.743696  64.954874    46.841    46.841  2 54891.12198443 10.778
 77 124.734555  64.958110    46.835    46.835  2 54926.12194943  8.692
 78 124.746060  64.950203    47.934    46.871  4 54961.12198338 40.337
 79 124.743145  64.953813    50.827    50.564  3 54996.12200435 22.499
 80 124.743527  64.953090    48.444    48.444  2 55031.12199422 53.542
 81 124.741130  64.952994    48.627    48.627  2 55066.12198406 20.137
 82 124.733794  64.958866    47.670    47.670  2 55101.12192499 52.633
 83 124.746313  64.949695    46.545    46.566  4 55136.12193040 33.247
 84 124.738207  64.955074    46.220    46.220  2 55171.12189222 19.321
 85 124.748159  64.950633    46.938    47.056  3 55206.12192362 15.621
 86 124.737774  64.958038    46.815    46.815  2 55241.12189755 12.510
 87 124.742531  64.954445    46.913    46.913  2 55276.12191707 12.361
 88 124.736988  64.955752    46.258    46.258  2 55311.12188212 22.343
 89 124.744424  64.952402    51.088    51.088  2 55346.12188657 51.236
 90 124.741318  64.954482    48.022    47.929  3 55381.12187893 25.758
 91 124.749369  64.950017    47.693    47.696  3 55416.12190622 51.051
 92 124.741583  64.955781    47.689    47.689  2 55451.12188965 51.645
 93 124.735848  64.958782    45.715    45.715  2 55486.12181331 41.107
