# NaN NaN NaN ;Mean Elev.(m), Avg Gradient(m/km), RMS Gradient(m/km) - SRTM1     
#  -27.996 -41.894  52.992 ;Mean Elev.(m), Avg Gradient(m/km), RMS Gradient(m/km) - ASTER GDEM
#    1.040 -13.021  61.240 ;Mean Elev.(m), Avg Gradient(m/km), RMS Gradient(m/km) - GMTED2010 
 10     3.160 52561.14049304 46.82 126.963283  72.063150 30.478
 10     3.039 52561.14049368 46.31 126.957883  72.060240 30.478
 10     3.118 52561.14049432 44.46 126.952493  72.057340 30.478
 10     2.939 52561.14049497 40.50 126.947103  72.054430 30.478
 10     2.981 52561.14049561 42.99 126.941713  72.051520 30.478
 10     2.824 52561.14049626 40.47 126.936323  72.048620 30.478
 10     2.825 52561.14049690 38.64 126.930933  72.045710 30.478
 10     2.859 52561.14049755 41.06 126.925543  72.042810 30.478
 10     2.918 52561.14049819 48.40 126.920153  72.039900 30.478
 10     2.895 52561.14049884 47.72 126.914773  72.036990 30.478
 10     2.959 52561.14049948 48.19 126.909393  72.034080 30.478
 10     3.051 52561.14050013 50.01 126.904013  72.031180 30.478
 10     3.396 52561.14050206 28.89 126.887883  72.022460 30.478
 10     3.281 52561.14050271 31.37 126.882505  72.019552  7.288
 10     3.400 52561.14050335 31.18 126.877135  72.016642  7.288
 10     3.421 52561.14050400 30.73 126.871765  72.013732  7.288
 11     0.843 52596.14050186 18.73 126.966196  72.075565  2.161
 11     0.964 52596.14050251 19.51 126.960796  72.072665  2.161
 11     1.116 52596.14050315 21.23 126.955386  72.069755  2.161
 11     1.070 52596.14050380 21.93 126.949996  72.066855  2.161
 11     1.159 52596.14050444 22.82 126.944596  72.063945  2.161
 11     0.839 52596.14050509 24.56 126.939205  72.061038  6.074
 11     0.846 52596.14050573 26.11 126.933815  72.058138  6.074
 11     0.813 52596.14050638 25.92 126.928415  72.055228  6.074
 11     0.854 52596.14050702 26.32 126.923025  72.052318  6.074
 11     0.870 52596.14050767 26.55 126.917645  72.049418  6.074
 11     0.789 52596.14050831 26.63 126.912255  72.046508  6.074
 11     0.877 52596.14050895 26.42 126.906865  72.043598  6.074
 11     1.207 52596.14050960 26.37 126.901485  72.040698  6.074
 11     2.250 52596.14051024 24.87 126.896105  72.037788  6.074
 11     2.833 52596.14051089 23.79 126.890725  72.034878  6.074
 11     3.252 52596.14051153 22.36 126.885345  72.031978  6.074
 11     3.447 52596.14051218 22.77 126.879965  72.029068  6.074
 11     3.523 52596.14051282 23.84 126.874595  72.026158  6.074
 11     3.483 52596.14051347 24.70 126.869225  72.023248  6.074
 12     1.225 52631.14044266 21.76 126.960835  72.058328  4.299
 12     1.347 52631.14044331 22.30 126.955435  72.055418  4.299
 12     1.416 52631.14044395 22.80 126.950045  72.052518  4.299
 12     1.309 52631.14044460 23.55 126.944655  72.049608  4.299
 12     1.199 52631.14044524 24.07 126.939265  72.046708  4.299
 12     1.202 52631.14044589 22.90 126.933875  72.043798  4.299
 12     1.190 52631.14044653 22.09 126.928485  72.040888  4.299
 12     1.203 52631.14044718 21.87 126.923105  72.037988  4.299
 12     1.184 52631.14044782 21.73 126.917715  72.035078  4.299
 12     1.304 52631.14044847 21.02 126.912335  72.032168  4.299
 12    15.948 52631.14045104 17.19 126.890825  72.020548  4.299
 12    16.078 52631.14045169 16.66 126.885455  72.017638  4.299
 12    16.174 52631.14045233 16.84 126.880085  72.014728  4.299
 12    16.029 52631.14045298 16.29 126.874715  72.011818  4.299
 15     0.863 52736.14047246 16.25 126.969709  72.074110  3.510
 15     1.125 52736.14047310 17.55 126.964309  72.071210  3.510
 15     1.027 52736.14047375 18.66 126.958909  72.068300  3.510
 15     1.112 52736.14047439 19.35 126.953509  72.065400  3.510
 15     1.020 52736.14047504 21.16 126.948119  72.062490  3.510
 15     1.127 52736.14047568 20.77 126.942729  72.059580  3.510
 15     1.112 52736.14047633 21.49 126.937329  72.056680  3.510
 15     1.181 52736.14047697 21.97 126.931939  72.053770  3.510
 15     1.206 52736.14047762 22.37 126.926559  72.050870  3.510
 15     1.071 52736.14047826 21.29 126.921169  72.047960  3.510
 15     1.089 52736.14047890 21.89 126.915779  72.045050  3.510
 15     1.139 52736.14047955 20.58 126.910399  72.042140  3.510
 15     1.189 52736.14048019 20.22 126.905019  72.039240  3.510
 15     2.087 52736.14048084 18.40 126.899639  72.036330  3.510
 15     2.502 52736.14048148 17.81 126.894259  72.033420  3.510
 15     3.121 52736.14048213 16.83 126.888879  72.030520  3.510
 15     3.413 52736.14048277 16.16 126.883503  72.027610  2.428
 15     3.625 52736.14048342 15.60 126.878133  72.024700  2.428
 15     3.728 52736.14048406 15.68 126.872763  72.021790  2.428
 15     4.914 52736.14048471 15.45 126.867393  72.018890  2.428
 17    13.739 52806.14050457 13.38 126.916573  72.033657  6.977
 17    14.498 52806.14050522 16.73 126.911193  72.030747  6.977
 17    21.133 52806.14050780 17.39 126.889683  72.019117  6.977
 17    18.198 52806.14050844 18.48 126.884303  72.016217  6.977
 17    12.963 52806.14050909 18.74 126.878933  72.013307  6.977
 17    13.410 52806.14050973 19.35 126.873563  72.010397  6.977
 18    -2.508 52841.14055898 14.93 126.960680  72.059156  4.641
 18    -0.439 52841.14055963 15.65 126.955280  72.056246  4.641
 18     0.223 52841.14056027 17.04 126.949894  72.053341 11.539
 18     1.136 52841.14056092 17.03 126.944504  72.050441 11.539
 18     2.065 52841.14056156 18.02 126.939104  72.047531 11.539
 18     2.444 52841.14056221 18.61 126.933724  72.044621 11.539
 18     3.632 52841.14056285 18.83 126.928334  72.041721 11.539
 18     4.267 52841.14056350 18.99 126.922944  72.038811 11.539
 18     5.343 52841.14056414 18.16 126.917564  72.035901 11.539
 18     6.897 52841.14056479 17.37 126.912184  72.033001 11.539
 18     7.719 52841.14056543 17.45 126.906804  72.030091 11.539
 18     8.219 52841.14056736 20.12 126.890674  72.021371 11.539
 18     9.514 52841.14056801 18.58 126.885294  72.018461 11.539
 18     8.454 52841.14056865 19.19 126.879924  72.015551 11.539
 18     8.396 52841.14056930 19.84 126.874554  72.012651 11.539
 19     8.805 52876.14060694 21.29 126.879097  72.019249  8.159
 19     8.581 52876.14060758 22.55 126.873727  72.016339  8.159
 20     4.486 52911.14055988 13.15 126.965317  72.073376  2.504
 20     4.338 52911.14056053 13.68 126.959917  72.070466  2.504
 20     1.963 52911.14056117 14.84 126.954527  72.067566  2.504
 20     2.738 52911.14056182 15.58 126.949127  72.064656  2.504
 20     1.226 52911.14056246 16.55 126.943737  72.061756  2.504
 20    -0.033 52911.14056311 17.42 126.938347  72.058846  2.504
 20    -0.087 52911.14056375 19.25 126.932957  72.055936  2.504
 20    -0.109 52911.14056439 20.45 126.927567  72.053036  2.504
 20     1.895 52911.14056504 19.80 126.922177  72.050126  2.504
 20     1.809 52911.14056568 22.11 126.916793  72.047219  8.419
 20     2.364 52911.14056633 22.06 126.911413  72.044319  8.419
 20     2.823 52911.14056697 23.05 126.906023  72.041409  8.419
 20     3.367 52911.14056762 24.59 126.900643  72.038499  8.419
 20     3.484 52911.14056826 25.84 126.895263  72.035589  8.419
 20     3.777 52911.14056891 25.42 126.889893  72.032689  8.419
 20     6.136 52911.14056955 23.06 126.884513  72.029779  8.419
 20     6.876 52911.14057020 21.75 126.879143  72.026869  8.419
 20     7.490 52911.14057084 20.49 126.873773  72.023959  8.419
 20     8.019 52911.14057149 19.71 126.868393  72.021049  8.419
 23     1.325 53016.14054779 13.60 126.967588  72.077700  3.114
 23     1.409 53016.14054844 14.23 126.962188  72.074790  3.114
 23     1.374 53016.14054908 15.04 126.956788  72.071890  3.114
 23     1.340 53016.14054973 16.16 126.951388  72.068980  3.114
 23     1.265 53016.14055037 16.17 126.945998  72.066080  3.114
 23     1.288 53016.14055101 16.75 126.940598  72.063170  3.114
 23     1.264 53016.14055166 16.83 126.935208  72.060260  3.114
 23     1.233 53016.14055230 16.67 126.929818  72.057360  3.114
 23     1.201 53016.14055295 17.82 126.924426  72.054452  2.989
 23     1.255 53016.14055359 16.79 126.919036  72.051542  2.989
 23     1.220 53016.14055424 16.17 126.913656  72.048642  2.989
 23     1.183 53016.14055488 16.10 126.908266  72.045732  2.989
 23     1.202 53016.14055553 15.24 126.902886  72.042822  2.989
 23     1.295 53016.14055617 14.75 126.897506  72.039912  2.989
 23     1.385 53016.14055682 13.91 126.892126  72.037012  2.989
 23     1.151 53016.14055746 13.38 126.886746  72.034102  2.989
 23     1.165 53016.14055811 13.38 126.881366  72.031192  2.989
 23     1.580 53016.14055875 13.15 126.875996  72.028282  2.989
 23     1.736 53016.14055940 13.00 126.870616  72.025382  2.989
 23     2.115 53016.14056004 12.61 126.865246  72.022472  2.989
 24     1.467 53051.14052756 15.19 126.966095  72.059721  2.399
 24     1.420 53051.14052821 15.40 126.960705  72.056811  2.399
 24     1.524 53051.14052885 16.55 126.955305  72.053909  3.436
 24     1.340 53051.14052950 16.51 126.949915  72.050999  3.436
 24     1.326 53051.14053014 16.70 126.944525  72.048099  3.436
 24     1.266 53051.14053079 15.63 126.939135  72.045189  3.436
 24     1.210 53051.14053143 15.69 126.933745  72.042289  3.436
 24     1.193 53051.14053208 15.33 126.928365  72.039379  3.436
 24     1.169 53051.14053272 14.52 126.922975  72.036469  3.436
 24     1.187 53051.14053336 14.47 126.917595  72.033569  3.436
 24     1.227 53051.14053401 13.81 126.912215  72.030659  3.436
 24     1.955 53051.14053659 11.56 126.890705  72.019029  3.436
 24     3.007 53051.14053723 11.72 126.885335  72.016119  3.436
 24     6.007 53051.14053788 11.29 126.879955  72.013219  3.436
 24     6.556 53051.14053852 10.56 126.874585  72.010309  3.436
 25     1.234 53086.14056025  9.90 126.968788  72.082021  2.138
 25     1.374 53086.14056089 10.84 126.963378  72.079121  2.138
 25     1.316 53086.14056154 10.53 126.957978  72.076211  2.138
 25     1.245 53086.14056218 10.98 126.952578  72.073311  2.138
 25     1.169 53086.14056282 11.47 126.947178  72.070401  2.138
 25     1.208 53086.14056347 12.20 126.941788  72.067491  2.138
 25     1.160 53086.14056411 12.38 126.936388  72.064591  2.138
 25     1.047 53086.14056476 13.32 126.930998  72.061680  2.732
 25     1.028 53086.14056540 12.78 126.925608  72.058780  2.732
 25     1.045 53086.14056605 13.09 126.920208  72.055870  2.732
 25     1.098 53086.14056669 12.67 126.914828  72.052970  2.732
 25     1.153 53086.14056734 13.07 126.909438  72.050060  2.732
 25     1.254 53086.14056798 12.15 126.904048  72.047150  2.732
 25     1.233 53086.14056863 12.36 126.898668  72.044250  2.732
 25     1.708 53086.14056927 11.43 126.893288  72.041340  2.732
 25     1.720 53086.14056992 11.51 126.887908  72.038430  2.732
 25     2.478 53086.14057056 11.29 126.882528  72.035520  2.732
 25     2.420 53086.14057121 11.06 126.877148  72.032620  2.732
 25     2.081 53086.14057185 11.10 126.871778  72.029710  2.732
 25     2.544 53086.14057249 10.73 126.866398  72.026800  2.732
 26     1.449 53121.14053384  9.52 126.962274  72.062118  1.888
 26     1.382 53121.14053448 10.01 126.956874  72.059208  1.888
 26     1.439 53121.14053513 10.55 126.951479  72.056304  2.459
 26     1.362 53121.14053577 10.60 126.946089  72.053394  2.459
 26     1.188 53121.14053642 11.13 126.940699  72.050494  2.459
 26     1.220 53121.14053706 11.37 126.935299  72.047584  2.459
 26     1.032 53121.14053770 11.38 126.929919  72.044684  2.459
 26     1.042 53121.14053835 11.15 126.924529  72.041774  2.459
 26     1.128 53121.14053899 10.86 126.919139  72.038864  2.459
 26     1.123 53121.14053964 10.67 126.913759  72.035964  2.459
 26     1.279 53121.14054028 10.43 126.908379  72.033054  2.459
 26     6.080 53121.14054286  9.46 126.886869  72.021424  2.459
 26     6.255 53121.14054351  9.33 126.881489  72.018514  2.459
 26     6.753 53121.14054415  9.11 126.876119  72.015614  2.459
 26     7.000 53121.14054480  8.73 126.870749  72.012704  2.459
 28    11.205 53191.14058817 19.25 126.887417  72.024656  5.381
 28    13.319 53191.14058881 17.13 126.882047  72.021756  5.381
 28    12.752 53191.14058946 17.54 126.876677  72.018846  5.381
 28    14.227 53191.14059010 17.02 126.871297  72.015936  5.381
 29     6.159 53226.14059180  9.55 126.896245  72.034058  8.957
 29     6.145 53226.14059309 19.05 126.885495  72.028238  8.957
 29     6.713 53226.14059373 20.01 126.880115  72.025338  8.957
 29     8.651 53226.14059437 17.48 126.874745  72.022428  8.957
 29     8.801 53226.14059502 17.60 126.869375  72.019518  8.957
 30     4.978 53261.14056346  9.96 126.901517  72.047028 13.701
 30     6.929 53261.14056411 16.21 126.896137  72.044118 13.701
 30    11.994 53261.14056475 22.54 126.890757  72.041208 13.701
 30     5.950 53261.14056540 28.80 126.885377  72.038308 13.701
 30     3.786 53261.14056604 32.20 126.879997  72.035398 13.701
 30     6.956 53261.14056669 25.43 126.874617  72.032488 13.701
 30     8.293 53261.14056733 23.74 126.869247  72.029578 13.701
 30    10.401 53261.14056798 23.36 126.863867  72.026678 13.701
 31     5.097 53296.14059036 43.02 126.963932  72.067728  8.963
 31     5.109 53296.14059101 41.08 126.958532  72.064818  8.963
 31     4.982 53296.14059165 45.03 126.953143  72.061919 31.351
 31     5.039 53296.14059230 49.52 126.947743  72.059009 31.351
 31     4.956 53296.14059294 48.33 126.942353  72.056109 31.351
 31     5.025 53296.14059359 50.52 126.936953  72.053199 31.351
 31     5.100 53296.14059423 48.65 126.931563  72.050299 31.351
 31     5.020 53296.14059488 41.01 126.926173  72.047389 31.351
 31     5.105 53296.14059552 48.11 126.920783  72.044479 31.351
 31     5.069 53296.14059617 46.69 126.915403  72.041579 31.351
 31     5.074 53296.14059681 42.09 126.910013  72.038669 31.351
 31     5.020 53296.14059745 44.09 126.904633  72.035759 31.351
 31     5.020 53296.14059810 51.54 126.899253  72.032859 31.351
 31     4.912 53296.14059939 34.36 126.888493  72.027039 31.351
 31     4.973 53296.14060003 33.29 126.883123  72.024139 31.351
 31     4.907 53296.14060068 31.49 126.877743  72.021229 31.351
 31     4.902 53296.14060132 31.84 126.872373  72.018319 31.351
 32     2.140 53331.14056272 23.65 126.963679  72.068632  2.884
 32     2.173 53331.14056336 24.22 126.958279  72.065732  2.884
 32     2.224 53331.14056400 24.33 126.952879  72.062822  2.884
 32     2.182 53331.14056465 24.99 126.947490  72.059916  4.623
 32     2.237 53331.14056529 25.48 126.942090  72.057016  4.623
 32     2.264 53331.14056594 26.35 126.936700  72.054106  4.623
 32     2.407 53331.14056658 25.51 126.931310  72.051196  4.623
 32     2.442 53331.14056723 26.02 126.925930  72.048296  4.623
 32     2.544 53331.14056787 25.50 126.920540  72.045386  4.623
 32     2.587 53331.14056852 25.22 126.915150  72.042476  4.623
 32     2.579 53331.14056916 24.91 126.909770  72.039576  4.623
 32     2.589 53331.14056981 24.87 126.904390  72.036666  4.623
 32     2.663 53331.14057045 23.84 126.899010  72.033756  4.623
 32     2.730 53331.14057174 22.11 126.888260  72.027946  4.623
 32     2.905 53331.14057239 20.89 126.882880  72.025036  4.623
 32     3.332 53331.14057303 20.23 126.877510  72.022126  4.623
 32     3.270 53331.14057368 19.77 126.872130  72.019226  4.623
 35     1.895 53436.14052467 17.23 126.968058  72.077238  3.165
 35     1.768 53436.14052532 18.18 126.962658  72.074328  3.165
 35     1.821 53436.14052596 18.65 126.957258  72.071428  3.165
 35     1.801 53436.14052661 19.18 126.951858  72.068518  3.165
 35     1.758 53436.14052725 19.72 126.946468  72.065608  3.165
 35     1.872 53436.14052790 20.22 126.941068  72.062708  3.165
 35     1.749 53436.14052854 20.14 126.935675  72.059794  4.152
 35     1.828 53436.14052918 20.12 126.930285  72.056894  4.152
 35     1.954 53436.14052983 20.20 126.924895  72.053984  4.152
 35     1.966 53436.14053047 20.56 126.919515  72.051084  4.152
 35     1.962 53436.14053112 19.29 126.914125  72.048174  4.152
 35     2.027 53436.14053176 19.90 126.908745  72.045264  4.152
 35     1.936 53436.14053241 19.41 126.903365  72.042354  4.152
 35     2.092 53436.14053305 18.43 126.897975  72.039454  4.152
 35     2.382 53436.14053370 17.25 126.892605  72.036544  4.152
 35     2.868 53436.14053434 16.57 126.887225  72.033634  4.152
 35     2.858 53436.14053499 15.71 126.881845  72.030734  4.152
 35     3.208 53436.14053563 15.69 126.876475  72.027824  4.152
 35     3.219 53436.14053628 15.00 126.871095  72.024914  4.152
 35     2.948 53436.14053692 15.12 126.865725  72.022004  4.152
 36     1.605 53471.14057644 13.23 126.961331  72.062445  3.100
 36     1.694 53471.14057708 13.24 126.955931  72.059545  3.100
 36     1.624 53471.14057773 13.51 126.950541  72.056635  3.100
 36     1.593 53471.14057837 14.05 126.945141  72.053725  3.100
 36     1.594 53471.14057902 14.14 126.939751  72.050825  3.100
 36     1.697 53471.14057966 13.92 126.934361  72.047915  3.100
 36     1.639 53471.14058031 14.22 126.928971  72.045015  3.100
 36     1.662 53471.14058095 14.23 126.923591  72.042105  3.100
 36     1.731 53471.14058160 13.44 126.918201  72.039195  3.100
 36     1.925 53471.14058224 12.71 126.912821  72.036295  3.100
 36     2.258 53471.14058289 12.48 126.907441  72.033385  3.100
 36     3.147 53471.14058482 11.43 126.891301  72.024665  3.100
 36     3.410 53471.14058546 11.70 126.885931  72.021755  3.100
 36     4.273 53471.14058611 11.63 126.880551  72.018845  3.100
 36     3.940 53471.14058675 12.37 126.875181  72.015945  3.100
 37     3.383 53506.14060959 20.30 126.965929  72.072135  9.654
 37     3.247 53506.14061024 21.99 126.960529  72.069225  9.654
 37     3.160 53506.14061088 21.45 126.955129  72.066325  9.654
 37     2.978 53506.14061152 21.73 126.949739  72.063415  9.654
 37     3.115 53506.14061217 25.00 126.944339  72.060505  9.654
 37     3.089 53506.14061281 21.31 126.938949  72.057605  9.654
 37     3.003 53506.14061346 20.24 126.933556  72.054692  8.973
 37     3.347 53506.14061410 14.54 126.928166  72.051792  8.973
 37     3.082 53506.14061475 13.99 126.922776  72.048882  8.973
 37     2.961 53506.14061539 14.72 126.917396  72.045982  8.973
 37     2.978 53506.14061604 15.95 126.912006  72.043072  8.973
 37     3.040 53506.14061668 17.86 126.906626  72.040162  8.973
 37     3.447 53506.14061733 17.68 126.901236  72.037262  8.973
 37     3.524 53506.14061797 19.05 126.895856  72.034352  8.973
 37     4.805 53506.14061926 21.96 126.885106  72.028532  8.973
 37     3.814 53506.14061991 23.61 126.879726  72.025632  8.973
 37     3.691 53506.14062055 25.32 126.874356  72.022722  8.973
 37     3.677 53506.14062120 26.03 126.868986  72.019812  8.973
 38     9.350 53541.14062265 22.85 126.887269  72.029678  8.427
 38    10.619 53541.14062329 23.78 126.881899  72.026768  8.427
 38    11.658 53541.14062394 23.28 126.876519  72.023858  8.427
 38    11.966 53541.14062458 23.87 126.871149  72.020958  8.427
 39     5.786 53576.14061180 10.02 126.894559  72.038820 11.828
 39     6.301 53576.14061245 15.31 126.889179  72.035910 11.828
 39     7.360 53576.14061309 20.26 126.883799  72.033000 11.828
 39     7.866 53576.14061374 19.20 126.878429  72.030090 11.828
 39     8.829 53576.14061438 18.57 126.873049  72.027190 11.828
 39     9.062 53576.14061503 20.59 126.867679  72.024280 11.828
 41     2.750 53646.14056395  9.53 126.945231  72.049551  8.147
 41     3.236 53646.14056460 13.88 126.939841  72.046641  8.147
 41     3.064 53646.14056524 16.56 126.934451  72.043741  8.147
 41     4.473 53646.14056589 16.29 126.929061  72.040831  8.147
 41     4.562 53646.14056653 16.28 126.923681  72.037921  8.147
 41     4.073 53646.14056718 16.56 126.918291  72.035021  8.147
 41     4.777 53646.14056782 16.32 126.912911  72.032111  8.147
 41     6.435 53646.14057040 18.42 126.891401  72.020481  8.147
 41     6.451 53646.14057104 19.34 126.886031  72.017571  8.147
 42     2.389 53681.14057475 20.75 126.971656  72.078932  4.140
 42     2.428 53681.14057539 21.25 126.966256  72.076032  4.140
 42     2.475 53681.14057604 22.16 126.960856  72.073122  4.140
 42     2.609 53681.14057668 22.08 126.955456  72.070222  4.140
 42     2.627 53681.14057733 23.46 126.950056  72.067312  4.140
 42     2.717 53681.14057797 22.46 126.944656  72.064412  4.140
 42     2.629 53681.14057862 22.17 126.939266  72.061502  4.140
 42     2.522 53681.14057926 22.14 126.933870  72.058592  4.092
 42     2.467 53681.14057991 22.36 126.928480  72.055692  4.092
 42     2.483 53681.14058055 20.73 126.923090  72.052782  4.092
 42     2.498 53681.14058120 21.72 126.917700  72.049882  4.092
 42     2.487 53681.14058184 19.62 126.912320  72.046972  4.092
 42     2.451 53681.14058249 19.70 126.906930  72.044062  4.092
 42     2.399 53681.14058313 18.47 126.901550  72.041162  4.092
 42     2.727 53681.14058378 17.40 126.896170  72.038252  4.092
 42     2.790 53681.14058442 16.58 126.890790  72.035342  4.092
 42     2.670 53681.14058506 16.41 126.885410  72.032432  4.092
 42     2.838 53681.14058571 15.24 126.880030  72.029532  4.092
 42     3.113 53681.14058635 15.24 126.874660  72.026622  4.092
 42     3.464 53681.14058700 15.20 126.869280  72.023712  4.092
 43     2.288 53716.14050276 16.90 126.968795  72.077698  3.454
 43     2.471 53716.14050340 16.86 126.963395  72.074798  3.454
 43     2.334 53716.14050405 17.67 126.957995  72.071888  3.454
 43     2.551 53716.14050469 17.62 126.952595  72.068988  3.454
 43     2.524 53716.14050534 18.25 126.947205  72.066078  3.454
 43     2.480 53716.14050598 17.71 126.941805  72.063168  3.454
 43     2.480 53716.14050663 18.51 126.936415  72.060268  3.454
 43     2.364 53716.14050727 18.60 126.931024  72.057361  3.443
 43     2.468 53716.14050792 18.04 126.925634  72.054451  3.443
 43     2.414 53716.14050856 17.78 126.920244  72.051541  3.443
 43     2.568 53716.14050921 17.66 126.914864  72.048641  3.443
 43     2.417 53716.14050985 17.40 126.909474  72.045731  3.443
 43     2.828 53716.14051050 16.21 126.904094  72.042821  3.443
 43     3.172 53716.14051114 15.57 126.898714  72.039921  3.443
 43     3.191 53716.14051179 15.16 126.893334  72.037011  3.443
 43     3.026 53716.14051243 14.08 126.887954  72.034101  3.443
 43     2.957 53716.14051307 14.16 126.882584  72.031191  3.443
 43     3.020 53716.14051372 14.55 126.877204  72.028291  3.443
 43     3.477 53716.14051436 13.49 126.871834  72.025381  3.443
 43    13.479 53716.14051501 13.16 126.866464  72.022471  3.443
 44     2.393 53751.14042448 14.89 126.965232  72.055231  3.629
 44     2.340 53751.14042512 16.79 126.959832  72.052321  3.629
 44     2.472 53751.14042577 16.30 126.954442  72.049421  3.629
 44     2.397 53751.14042641 15.58 126.949052  72.046511  3.629
 44     2.447 53751.14042706 15.44 126.943662  72.043611  3.629
 44     2.389 53751.14042770 14.77 126.938272  72.040701  3.629
 44     2.260 53751.14042835 15.87 126.932892  72.037791  3.629
 44     2.255 53751.14042899 14.16 126.927502  72.034891  3.629
 44     2.381 53751.14042964 13.41 126.922122  72.031981  3.629
 44     2.494 53751.14043028 12.58 126.916742  72.029071  3.629
 44    17.103 53751.14043286 11.56 126.895232  72.017441  3.629
 44    16.660 53751.14043351 11.93 126.889862  72.014541  3.629
 44    16.808 53751.14043415 12.01 126.884492  72.011631  3.629
 44     5.618 53751.14043479 11.50 126.879122  72.008721  3.629
 45     1.825 53786.14045211 12.33 126.965921  72.070739  2.882
 45     1.888 53786.14045275 13.05 126.960531  72.067829  2.882
 45     2.010 53786.14045340 12.51 126.955131  72.064929  2.882
 45     2.053 53786.14045404 12.85 126.949731  72.062019  2.882
 45     2.149 53786.14045469 13.48 126.944339  72.059110  3.266
 45     1.986 53786.14045533 13.49 126.938949  72.056210  3.266
 45     2.010 53786.14045598 13.86 126.933559  72.053300  3.266
 45     2.079 53786.14045662 13.34 126.928169  72.050400  3.266
 45     2.163 53786.14045727 12.55 126.922789  72.047490  3.266
 45     2.139 53786.14045791 11.94 126.917399  72.044580  3.266
 45     2.181 53786.14045856 11.68 126.912019  72.041670  3.266
 45     2.493 53786.14045920 10.89 126.906639  72.038770  3.266
 45     2.613 53786.14045985 10.79 126.901259  72.035860  3.266
 45     2.618 53786.14046049 10.30 126.895879  72.032950  3.266
 45     2.858 53786.14046178 11.50 126.885129  72.027140  3.266
 45     2.294 53786.14046242 12.03 126.879749  72.024230  3.266
 45     2.938 53786.14046307 11.59 126.874379  72.021320  3.266
 45     5.382 53786.14046371 12.09 126.869009  72.018410  3.266
 46     1.559 53821.14040652 14.15 126.968689  72.084625  5.398
 46     1.610 53821.14040716 15.10 126.963279  72.081715  5.398
 46     1.656 53821.14040781 14.21 126.957879  72.078805  5.398
 46     1.646 53821.14040845 15.69 126.952479  72.075905  5.398
 46     1.670 53821.14040910 16.08 126.947089  72.072995  5.398
 46     1.689 53821.14040974 15.06 126.941689  72.070095  5.398
 46     1.582 53821.14041039 15.98 126.936299  72.067185  5.398
 46     1.604 53821.14041103 16.40 126.930909  72.064275  5.398
 46     1.523 53821.14041167 17.28 126.925519  72.061375  5.398
 46     1.518 53821.14041232 16.03 126.920129  72.058465  5.398
 46     1.605 53821.14041296 14.79 126.914739  72.055555  5.398
 46     1.545 53821.14041361 14.13 126.909349  72.052655  5.398
 46     1.682 53821.14041425 13.27 126.903969  72.049745  5.398
 46     1.846 53821.14041490 12.99 126.898589  72.046835  5.398
 46     3.488 53821.14041554 11.51 126.893199  72.043935  5.398
 46     3.531 53821.14041619 11.21 126.887820  72.041024  2.991
 46     3.691 53821.14041683 10.37 126.882450  72.038114  2.991
 46     3.784 53821.14041748 10.68 126.877070  72.035204  2.991
 46     3.543 53821.14041812 11.24 126.871690  72.032304  2.991
 46     3.142 53821.14041877 11.47 126.866320  72.029394  2.991
 46     3.132 53821.14041941 11.46 126.860950  72.026484  2.991
 47     1.360 53856.14049726 10.35 126.963474  72.065680  4.108
 47     1.467 53856.14049790 10.12 126.958084  72.062780  4.108
 47     1.497 53856.14049855 10.60 126.952684  72.059870  4.108
 47     1.557 53856.14049919 10.74 126.947294  72.056960  4.108
 47     1.378 53856.14049984 11.05 126.941894  72.054060  4.108
 47     1.472 53856.14050048 11.10 126.936504  72.051150  4.108
 47     1.583 53856.14050113 11.00 126.931114  72.048250  4.108
 47     1.520 53856.14050177 10.11 126.925732  72.045344  2.597
 47     1.649 53856.14050242 10.12 126.920342  72.042434  2.597
 47     2.034 53856.14050306  9.56 126.914962  72.039524  2.597
 47     2.369 53856.14050371  8.87 126.909572  72.036624  2.597
 47     2.872 53856.14050435  8.63 126.904192  72.033714  2.597
 47     4.629 53856.14050629  8.99 126.888062  72.024994  2.597
 47     5.747 53856.14050693  9.21 126.882682  72.022084  2.597
 47     6.173 53856.14050757  9.34 126.877312  72.019174  2.597
 47     6.528 53856.14050822  9.30 126.871932  72.016274  2.597
 48     7.593 53891.14050920 34.32 126.963850  72.063325 16.793
 48     8.111 53891.14050984 26.52 126.958460  72.060415 16.793
 48     8.034 53891.14051049 23.28 126.953060  72.057515 16.793
 48     7.956 53891.14051113 23.39 126.947670  72.054605 16.793
 48     8.217 53891.14051178 22.18 126.942280  72.051705 16.793
 48     8.197 53891.14051242 21.14 126.936890  72.048795 16.793
 48     8.147 53891.14051307 20.60 126.931500  72.045885 16.793
 48     8.122 53891.14051371 19.50 126.926120  72.042985 16.793
 48     8.094 53891.14051436 21.96 126.920730  72.040075 16.793
 48     8.026 53891.14051500 24.37 126.915350  72.037165 16.793
 48     8.104 53891.14051565 28.82 126.909970  72.034265 16.793
 48     8.236 53891.14051629 33.32 126.904590  72.031355 16.793
 48     8.325 53891.14051822 33.60 126.888460  72.022635 16.793
 48     8.258 53891.14051887 28.07 126.883090  72.019725 16.793
 48     7.776 53891.14051951 27.23 126.877720  72.016815 16.793
 48     7.924 53891.14052016 27.88 126.872350  72.013905 16.793
 49     5.308 53926.14057008 18.41 126.965736  72.073438  9.837
 49     6.468 53926.14057073 18.65 126.960336  72.070528  9.837
 49     7.003 53926.14057137 19.19 126.954936  72.067628  9.837
 49     7.073 53926.14057202 20.04 126.949536  72.064718  9.837
 49     7.868 53926.14057266 20.27 126.944136  72.061818  9.837
 49     7.519 53926.14057331 20.71 126.938746  72.058908  9.837
 49     7.568 53926.14057395 22.04 126.933356  72.055998  9.837
 49     7.415 53926.14057460 22.25 126.927956  72.053098  9.837
 49     6.973 53926.14057524 22.18 126.922566  72.050188  9.837
 49     7.252 53926.14057589 23.08 126.917186  72.047278  9.837
 49     7.090 53926.14057653 23.67 126.911792  72.044377 19.273
 49     6.595 53926.14057718 24.42 126.906412  72.041467 19.273
 49     6.140 53926.14057782 23.76 126.901032  72.038567 19.273
 49     6.198 53926.14057847 23.70 126.895642  72.035657 19.273
 49     6.694 53926.14057911 22.58 126.890262  72.032747 19.273
 49     7.127 53926.14057975 22.49 126.884882  72.029847 19.273
 49     8.171 53926.14058040 23.30 126.879512  72.026937 19.273
 49     8.348 53926.14058104 23.37 126.874132  72.024027 19.273
 49     8.351 53926.14058169 27.00 126.868762  72.021117 19.273
 50     7.827 53961.14056670 22.90 126.873371  72.029559 15.245
 50     7.819 53961.14056734 27.83 126.867991  72.026659 15.245
 51     5.106 53996.14050164 17.02 126.953249  72.044224  8.272
 51     5.005 53996.14050229 17.44 126.947859  72.041324  8.272
 51     5.539 53996.14050293 17.99 126.942469  72.038414  8.272
 51     6.098 53996.14050358 17.89 126.937079  72.035504  8.272
 51     7.127 53996.14050422 18.88 126.931699  72.032604  8.272
 51     7.683 53996.14050487 19.25 126.926309  72.029694  8.272
 51    18.092 53996.14050551 20.17 126.920929  72.026784  8.272
 52     5.628 54031.14055257 26.61 126.964726  72.060866  5.422
 52     5.610 54031.14055322 30.29 126.959336  72.057966  5.422
 52     5.590 54031.14055386 31.22 126.953936  72.055056  5.422
 52     5.613 54031.14055451 27.57 126.948546  72.052156  5.422
 52     5.548 54031.14055515 27.40 126.943156  72.049246  5.422
 52     5.520 54031.14055580 28.65 126.937766  72.046336  5.422
 52     5.585 54031.14055644 30.62 126.932376  72.043436  5.422
 52     5.565 54031.14055709 30.32 126.926996  72.040529 16.609
 52     5.644 54031.14055773 27.73 126.921606  72.037619 16.609
 52     5.529 54031.14055837 28.44 126.916226  72.034709 16.609
 52     5.461 54031.14055902 30.86 126.910846  72.031809 16.609
 52     5.553 54031.14056160 36.22 126.889336  72.020179 16.609
 52     5.651 54031.14056224 36.26 126.883966  72.017269 16.609
 52     5.746 54031.14056289 36.62 126.878586  72.014359 16.609
 52     5.666 54031.14056353 38.36 126.873226  72.011459 16.609
 53     2.027 54066.14054461 18.52 126.966787  72.071742  2.103
 53     2.138 54066.14054525 17.46 126.961387  72.068842  2.103
 53     1.961 54066.14054590 17.78 126.955987  72.065932  2.103
 53     1.931 54066.14054654 18.35 126.950591  72.063027  3.292
 53     1.956 54066.14054719 18.65 126.945201  72.060117  3.292
 53     1.891 54066.14054783 18.99 126.939811  72.057217  3.292
 53     1.663 54066.14054848 19.59 126.934421  72.054307  3.292
 53     1.865 54066.14054912 19.28 126.929031  72.051407  3.292
 53     1.926 54066.14054977 19.75 126.923641  72.048497  3.292
 53     2.044 54066.14055041 20.11 126.918261  72.045587  3.292
 53     1.963 54066.14055106 20.57 126.912871  72.042687  3.292
 53     1.999 54066.14055170 20.08 126.907491  72.039777  3.292
 53     2.349 54066.14055235 20.28 126.902111  72.036867  3.292
 53     2.705 54066.14055299 19.72 126.896731  72.033967  3.292
 53     3.053 54066.14055428 19.35 126.885981  72.028147  3.292
 53     3.137 54066.14055492 18.56 126.880601  72.025237  3.292
 53    14.681 54066.14055557 18.36 126.875231  72.022337  3.292
 53    14.555 54066.14055621 18.23 126.869861  72.019427  3.292
 54     2.591 54101.14050520 18.24 126.972318  72.082376  3.515
 54     2.733 54101.14050585 18.87 126.966918  72.079466  3.515
 54     2.700 54101.14050649 18.98 126.961518  72.076566  3.515
 54     2.870 54101.14050714 19.20 126.956118  72.073656  3.515
 54     2.800 54101.14050778 19.13 126.950718  72.070756  3.515
 54     2.759 54101.14050843 19.26 126.945318  72.067846  3.515
 54     2.671 54101.14050907 19.17 126.939928  72.064946  3.515
 54     2.627 54101.14050972 19.63 126.934538  72.062036  3.515
 54     2.655 54101.14051036 19.67 126.929148  72.059126  3.515
 54     2.533 54101.14051100 19.76 126.923758  72.056226  3.515
 54     2.425 54101.14051165 19.51 126.918368  72.053316  3.515
 54     2.432 54101.14051229 19.37 126.912978  72.050406  3.515
 54     2.392 54101.14051294 19.29 126.907598  72.047506  3.515
 54     2.468 54101.14051358 19.19 126.902208  72.044596  3.515
 54     2.603 54101.14051423 18.45 126.896835  72.041693  3.016
 54     3.167 54101.14051487 17.49 126.891445  72.038783  3.016
 54     3.599 54101.14051552 16.90 126.886075  72.035873  3.016
 54     3.670 54101.14051616 16.84 126.880695  72.032963  3.016
 54     3.988 54101.14051681 16.64 126.875315  72.030063  3.016
 54     3.950 54101.14051745 16.50 126.869945  72.027153  3.016
 54     3.920 54101.14051810 16.09 126.864575  72.024243  3.016
 55     2.253 54136.14047301 15.14 126.964005  72.061556  2.782
 55     2.454 54136.14047366 15.87 126.958605  72.058646  2.782
 55     2.495 54136.14047430 15.90 126.953215  72.055746  2.782
 55     2.335 54136.14047495 15.61 126.947815  72.052836  2.782
 55     2.389 54136.14047559 15.58 126.942425  72.049926  2.782
 55     2.468 54136.14047624 15.54 126.937035  72.047026  2.782
 55     2.503 54136.14047688 15.12 126.931653  72.044112  2.884
 55     2.518 54136.14047753 14.37 126.926263  72.041212  2.884
 55     2.431 54136.14047817 14.99 126.920873  72.038302  2.884
 55     2.372 54136.14047882 15.21 126.915493  72.035402  2.884
 55     2.514 54136.14047946 14.36 126.910113  72.032492  2.884
 55    15.346 54136.14048204 12.78 126.888603  72.020862  2.884
 55    12.915 54136.14048268 13.23 126.883233  72.017952  2.884
 55     4.664 54136.14048333 13.50 126.877853  72.015052  2.884
 55    15.547 54136.14048397 13.18 126.872483  72.012142  2.884
 57     1.590 54206.14047814 12.53 126.963614  72.061022  2.812
 57     1.713 54206.14047879 12.77 126.958214  72.058112  2.812
 57     1.731 54206.14047943 12.82 126.952824  72.055212  2.812
 57     1.633 54206.14048007 12.80 126.947424  72.052302  2.812
 57     1.674 54206.14048072 12.94 126.942034  72.049392  2.812
 57     1.660 54206.14048136 12.78 126.936644  72.046492  2.812
 57     1.722 54206.14048201 12.88 126.931264  72.043588  2.918
 57     1.799 54206.14048265 12.17 126.925874  72.040678  2.918
 57     1.769 54206.14048330 12.34 126.920484  72.037768  2.918
 57     1.771 54206.14048394 13.41 126.915104  72.034868  2.918
 57     2.083 54206.14048459 11.89 126.909724  72.031958  2.918
 57    15.326 54206.14048717 11.18 126.888214  72.020328  2.918
 57     4.809 54206.14048781 11.62 126.882844  72.017418  2.918
 57     5.026 54206.14048846 11.71 126.877464  72.014518  2.918
 57     5.256 54206.14048910 11.30 126.872094  72.011608  2.918
 59     9.153 54276.14052521 17.18 126.963598  72.068208  5.643
 59     9.743 54276.14052585 17.04 126.958198  72.065308  5.643
 59    10.019 54276.14052650 17.35 126.952808  72.062398  5.643
 59    10.224 54276.14052714 18.00 126.947408  72.059498  5.643
 59    10.069 54276.14052779 18.65 126.942018  72.056588  5.643
 59    10.827 54276.14052843 18.84 126.936628  72.053678  5.643
 59    10.598 54276.14052907 18.74 126.931238  72.050778  5.643
 59    10.308 54276.14052972 19.33 126.925848  72.047868  5.643
 59    10.059 54276.14053036 20.05 126.920468  72.044958  5.643
 59    10.234 54276.14053101 20.08 126.915074  72.042055  6.785
 59     9.417 54276.14053165 20.76 126.909694  72.039145  6.785
 59     9.555 54276.14053230 20.68 126.904314  72.036245  6.785
 59     8.689 54276.14053294 22.20 126.898934  72.033335  6.785
 59     9.044 54276.14053423 21.68 126.888174  72.027525  6.785
 59     9.115 54276.14053488 20.86 126.882804  72.024615  6.785
 59     9.188 54276.14053552 20.98 126.877434  72.021705  6.785
 59     9.487 54276.14053617 20.78 126.872054  72.018795  6.785
 61     7.725 54346.14049811 14.18 126.970305  72.081273  7.425
 61     7.908 54346.14049876 14.49 126.964905  72.078373  7.425
 61     6.747 54346.14049940 15.23 126.959505  72.075463  7.425
 61     5.391 54346.14050005 16.08 126.954105  72.072553  7.425
 61     4.744 54346.14050069 17.04 126.948705  72.069653  7.425
 61     3.125 54346.14050133 17.81 126.943315  72.066743  7.425
 61     2.433 54346.14050198 18.59 126.937915  72.063833  7.425
 61     1.879 54346.14050262 18.49 126.932525  72.060933  7.425
 61     2.291 54346.14050327 19.80 126.927135  72.058023  7.425
 61     1.915 54346.14050391 20.10 126.921745  72.055123  7.425
 61     3.256 54346.14050456 20.08 126.916355  72.052213  7.425
 61     4.546 54346.14050520 20.11 126.910975  72.049303  7.425
 61     4.341 54346.14050585 20.20 126.905585  72.046403  7.425
 61     4.845 54346.14050649 20.37 126.900205  72.043493  7.425
 61     5.739 54346.14050714 20.11 126.894827  72.040588 15.563
 61     6.300 54346.14050778 21.30 126.889447  72.037678 15.563
 61     7.155 54346.14050843 21.35 126.884067  72.034768 15.563
 61     7.409 54346.14050907 21.92 126.878697  72.031858 15.563
 61     8.288 54346.14050972 22.07 126.873317  72.028958 15.563
 61     7.933 54346.14051036 23.41 126.867947  72.026048 15.563
 62    -1.096 54381.14046388 14.78 126.964403  72.062845  2.924
 62    -1.741 54381.14046453 15.78 126.959003  72.059945  2.924
 62    -2.102 54381.14046517 16.61 126.953613  72.057035  2.924
 62    -1.225 54381.14046582 16.74 126.948213  72.054135  2.924
 62    -0.216 54381.14046646 17.17 126.942823  72.051225  2.924
 62     2.574 54381.14046710 17.62 126.937433  72.048315  2.924
 62     2.355 54381.14046775 18.51 126.932043  72.045415  2.924
 62     1.960 54381.14046839 19.90 126.926663  72.042505  2.924
 62     2.528 54381.14046904 20.66 126.921273  72.039605  2.924
 62     2.798 54381.14046968 21.16 126.915893  72.036695  2.924
 62     3.122 54381.14047033 21.62 126.910513  72.033785  2.924
 62     3.462 54381.14047097 23.43 126.905128  72.030877 21.065
 62     3.571 54381.14047291 36.77 126.888998  72.022157 21.065
 62     3.592 54381.14047355 42.15 126.883628  72.019247 21.065
 62     3.664 54381.14047420 42.38 126.878258  72.016347 21.065
 62     3.689 54381.14047484 47.02 126.872878  72.013437 21.065
 63     2.409 54416.14044806 12.18 126.967695  72.075458  3.242
 63     2.450 54416.14044871 12.61 126.962295  72.072548  3.242
 63     2.476 54416.14044935 12.87 126.956895  72.069638  3.242
 63     2.349 54416.14045000 13.60 126.951495  72.066738  3.242
 63     2.263 54416.14045064 14.12 126.946105  72.063828  3.242
 63     2.171 54416.14045129 15.39 126.940705  72.060928  3.242
 63     2.103 54416.14045193 16.38 126.935315  72.058018  3.242
 63     2.172 54416.14045258 16.68 126.929925  72.055108  3.242
 63     2.276 54416.14045322 17.43 126.924535  72.052208  3.242
 63     2.294 54416.14045386 18.19 126.919145  72.049298  3.242
 63     2.331 54416.14045451 18.37 126.913765  72.046388  3.242
 63     2.414 54416.14045515 18.47 126.908385  72.043488  3.242
 63     2.490 54416.14045580 17.97 126.902995  72.040578  3.242
 63     2.453 54416.14045644 18.09 126.897615  72.037668  3.242
 63     2.454 54416.14045709 18.12 126.892235  72.034768  3.242
 63     2.410 54416.14045773 17.82 126.886865  72.031860  2.715
 63     2.414 54416.14045838 16.73 126.881485  72.028950  2.715
 63     2.854 54416.14045902 15.98 126.876115  72.026040  2.715
 63     2.998 54416.14045967 15.66 126.870735  72.023130  2.715
 64     1.225 54451.14043308  9.90 126.962559  72.059074  2.283
 64     1.558 54451.14043372 10.15 126.957169  72.056174  2.283
 64     1.577 54451.14043437 10.94 126.951779  72.053264  2.283
 64     1.765 54451.14043501 11.00 126.946379  72.050354  2.283
 64     1.693 54451.14043566 11.15 126.940989  72.047454  2.283
 64     1.684 54451.14043630 11.67 126.935599  72.044544  2.283
 64     1.730 54451.14043695 11.98 126.930219  72.041644  2.283
 64     1.894 54451.14043759 11.62 126.924829  72.038734  2.283
 64     1.924 54451.14043824 11.92 126.919449  72.035824  2.283
 64     2.138 54451.14043888 11.66 126.914061  72.032922  2.406
 64     2.029 54451.14043953 11.60 126.908681  72.030012  2.406
 64     2.868 54451.14044146 11.11 126.892551  72.021292  2.406
 64     4.935 54451.14044211 10.64 126.887171  72.018382  2.406
 64     4.970 54451.14044275 10.99 126.881801  72.015482  2.406
 64     5.475 54451.14044339 11.06 126.876431  72.012572  2.406
 65     1.818 54486.14044568  8.31 126.963140  72.067380  2.304
 65     1.879 54486.14044632  8.91 126.957740  72.064480  2.304
 65     1.858 54486.14044697  9.68 126.952350  72.061570  2.304
 65     1.900 54486.14044761  9.78 126.946950  72.058660  2.304
 65     1.844 54486.14044826 10.41 126.941560  72.055760  2.304
 65     1.809 54486.14044890 11.10 126.936170  72.052850  2.304
 65     1.894 54486.14044955 11.28 126.930780  72.049950  2.304
 65     1.972 54486.14045019 11.20 126.925400  72.047040  2.304
 65     2.000 54486.14045083 11.91 126.920010  72.044130  2.304
 65     2.222 54486.14045148 11.96 126.914627  72.041227  2.506
 65     2.278 54486.14045212 11.86 126.909247  72.038317  2.506
 65     2.344 54486.14045277 11.97 126.903857  72.035417  2.506
 65     2.570 54486.14045341 11.63 126.898487  72.032507  2.506
 65     3.365 54486.14045470 10.57 126.887727  72.026697  2.506
 65     4.866 54486.14045535 10.53 126.882357  72.023787  2.506
 65     6.013 54486.14045599 10.40 126.876977  72.020877  2.506
 65     6.210 54486.14045664 10.66 126.871607  72.017967  2.506
 66     1.335 54521.14044623  8.56 126.960480  72.060917  2.465
 66     1.367 54521.14044687  9.01 126.955090  72.058007  2.465
 66     1.568 54521.14044752  9.49 126.949690  72.055097  2.465
 66     1.558 54521.14044816  9.52 126.944300  72.052197  2.465
 66     1.715 54521.14044881  9.74 126.938910  72.049287  2.465
 66     1.533 54521.14044945  9.79 126.933520  72.046387  2.465
 66     1.623 54521.14045009 10.14 126.928140  72.043477  2.465
 66     1.740 54521.14045074 10.11 126.922750  72.040567  2.465
 66     1.857 54521.14045138 10.05 126.917370  72.037667  2.465
 66     2.020 54521.14045203 10.08 126.911990  72.034757  2.465
 66     3.674 54521.14045267  9.53 126.906610  72.031847  2.465
 66     5.697 54521.14045461  9.17 126.890470  72.023127  2.465
 66     6.022 54521.14045525  9.38 126.885100  72.020217  2.465
 66     6.044 54521.14045590  9.58 126.879730  72.017317  2.465
 66     6.698 54521.14045654  9.62 126.874360  72.014407  2.465
 67     1.328 54556.14045413  6.50 126.971372  72.079424  1.451
 67     1.437 54556.14045477  6.96 126.965972  72.076524  1.451
 67     1.440 54556.14045542  7.17 126.960572  72.073614  1.451
 67     1.515 54556.14045606  7.58 126.955172  72.070714  1.451
 67     1.488 54556.14045670  7.86 126.949772  72.067804  1.451
 67     1.367 54556.14045735  8.40 126.944386  72.064895  2.472
 67     1.301 54556.14045799  8.92 126.938986  72.061995  2.472
 67     1.192 54556.14045864  9.53 126.933596  72.059085  2.472
 67     1.208 54556.14045928 10.35 126.928206  72.056175  2.472
 67     1.292 54556.14045993 10.26 126.922816  72.053275  2.472
 67     1.496 54556.14046057 10.25 126.917426  72.050365  2.472
 67     1.814 54556.14046122  9.73 126.912046  72.047455  2.472
 67     1.984 54556.14046186 10.28 126.906656  72.044555  2.472
 67     2.928 54556.14046251  9.67 126.901276  72.041645  2.472
 67     3.518 54556.14046315  9.11 126.895896  72.038735  2.472
 67     3.559 54556.14046380  9.13 126.890516  72.035835  2.472
 67     4.146 54556.14046444  8.85 126.885136  72.032925  2.472
 67     5.462 54556.14046509  8.93 126.879766  72.030015  2.472
 67     6.564 54556.14046573  9.44 126.874386  72.027105  2.472
 67     6.263 54556.14046637  9.54 126.869016  72.024195  2.472
 68     1.057 54591.14044128  7.04 126.962425  72.065409  2.663
 68     1.150 54591.14044192  7.37 126.957025  72.062499  2.663
 68     1.048 54591.14044257  7.55 126.951625  72.059599  2.663
 68     1.039 54591.14044321  8.80 126.946235  72.056689  2.663
 68     1.272 54591.14044386  8.94 126.940845  72.053789  2.663
 68     1.189 54591.14044450  9.30 126.935455  72.050879  2.663
 68     1.401 54591.14044515  9.39 126.930065  72.047969  2.663
 68     1.758 54591.14044579  8.71 126.924675  72.045069  2.663
 68     1.960 54591.14044644  8.90 126.919295  72.042159  2.663
 68     2.103 54591.14044708  9.10 126.913905  72.039249  2.663
 68     2.536 54591.14044772  8.80 126.908525  72.036349  2.663
 68     3.604 54591.14044837  8.38 126.903145  72.033439  2.663
 68     5.343 54591.14045030  8.24 126.887015  72.024719  2.663
 68     6.635 54591.14045095  8.41 126.881635  72.021809  2.663
 68     6.521 54591.14045159  8.40 126.876265  72.018899  2.663
 68     6.933 54591.14045224  8.19 126.870895  72.015989  2.663
 69    10.057 54626.14045633  8.09 126.965370  72.071670  1.699
 69    10.059 54626.14045698  8.34 126.959980  72.068760  1.699
 69    10.077 54626.14045762  8.69 126.954576  72.065857  4.032
 69    10.022 54626.14045827  9.28 126.949186  72.062947  4.032
 69     9.993 54626.14045891  9.93 126.943786  72.060047  4.032
 69     9.969 54626.14045956 10.15 126.938396  72.057137  4.032
 69    10.025 54626.14046020 10.53 126.933006  72.054237  4.032
 69     9.984 54626.14046085 11.07 126.927616  72.051327  4.032
 69     9.961 54626.14046149 11.37 126.922226  72.048417  4.032
 69     9.987 54626.14046214 12.11 126.916846  72.045517  4.032
 69    10.006 54626.14046278 12.77 126.911456  72.042607  4.032
 69     9.919 54626.14046343 14.16 126.906076  72.039697  4.032
 69     9.816 54626.14046407 14.58 126.900696  72.036797  4.032
 69     9.682 54626.14046472 15.77 126.895316  72.033887  4.032
 69     9.581 54626.14046536 16.28 126.889936  72.030977  4.032
 69     9.363 54626.14046600 18.12 126.884566  72.028067  4.032
 69     9.667 54626.14046665 18.50 126.879186  72.025167  4.032
 69     9.834 54626.14046729 19.51 126.873816  72.022257  4.032
 69     9.729 54626.14046794 21.37 126.868446  72.019347  4.032
 70     6.632 54661.14047207 19.72 126.903669  72.036368  8.023
 70     7.811 54661.14047271 21.73 126.898289  72.033458  8.023
 70     9.389 54661.14047400 22.32 126.887529  72.027648  8.023
 70    10.175 54661.14047464 21.25 126.882159  72.024738  8.023
 70    10.145 54661.14047529 21.50 126.876779  72.021828  8.023
 70    10.811 54661.14047593 22.15 126.871409  72.018928  8.023
 71     8.918 54696.14045023 11.87 126.887486  72.033032  5.720
 71     8.464 54696.14045087 16.62 126.882116  72.030122  5.720
 71     8.676 54696.14045152 18.43 126.876736  72.027212  5.720
 71     9.965 54696.14045216 17.48 126.871366  72.024302  5.720
 71    11.148 54696.14045280 16.85 126.865996  72.021392  5.720
 72     7.882 54731.14042177 14.19 126.962146  72.061656  5.198
 72     7.511 54731.14042242 14.88 126.956756  72.058756  5.198
 72     7.454 54731.14042306 15.22 126.951356  72.055846  5.198
 72     7.391 54731.14042370 15.29 126.945966  72.052936  5.198
 72     6.818 54731.14042564 16.64 126.929796  72.044226  5.198
 72     6.789 54731.14042628 16.54 126.924416  72.041316  5.198
 72     7.008 54731.14042693 16.87 126.919026  72.038406  5.198
 72     7.836 54731.14042757 16.91 126.913646  72.035506  5.198
 72     8.057 54731.14042822 17.56 126.908266  72.032596  5.198
 72     8.495 54731.14043015 26.78 126.892126  72.023876  5.198
 72     8.001 54731.14043080 20.58 126.886756  72.020966  5.198
 72     7.401 54731.14043144 22.09 126.881386  72.018056  5.198
 72     6.909 54731.14043209 22.80 126.876006  72.015156  5.198
 72     6.715 54731.14043273 23.78 126.870636  72.012246  5.198
 73     5.423 54766.14042046 20.62 126.966995  72.070738  3.112
 73     5.358 54766.14042110 21.52 126.961595  72.067838  3.112
 73     5.201 54766.14042175 29.97 126.956195  72.064928  3.112
 73     5.282 54766.14042239 29.13 126.950807  72.062025 14.950
 73     5.240 54766.14042304 27.44 126.945407  72.059115 14.950
 73     4.974 54766.14042368 26.15 126.940017  72.056215 14.950
 73     4.995 54766.14042432 27.64 126.934627  72.053305 14.950
 73     5.154 54766.14042497 25.82 126.929237  72.050405 14.950
 73     5.209 54766.14042561 24.79 126.923847  72.047495 14.950
 73     5.183 54766.14042626 26.21 126.918467  72.044585 14.950
 73     5.022 54766.14042690 24.00 126.913077  72.041685 14.950
 73     4.839 54766.14042755 26.80 126.907697  72.038775 14.950
 73     4.954 54766.14042819 29.33 126.902317  72.035865 14.950
 73     5.210 54766.14042884 33.24 126.896937  72.032965 14.950
 73     5.172 54766.14043013 35.39 126.886187  72.027145 14.950
 73     5.198 54766.14043077 36.51 126.880807  72.024235 14.950
 73     5.206 54766.14043142 38.98 126.875437  72.021335 14.950
 73     5.194 54766.14043206 37.39 126.870067  72.018425 14.950
 76     0.981 54871.14041369 16.15 126.964079  72.061141  3.721
 76     1.361 54871.14041434 17.22 126.958679  72.058241  3.721
 76     1.576 54871.14041498 17.04 126.953289  72.055331  3.721
 76     1.727 54871.14041563 17.28 126.947899  72.052431  3.721
 76     1.433 54871.14041627 18.24 126.942509  72.049521  3.721
 76     1.043 54871.14041692 18.27 126.937119  72.046621  3.721
 76     0.618 54871.14041756 18.60 126.931729  72.043711  3.721
 76     0.601 54871.14041821 18.02 126.926339  72.040801  3.721
 76     1.107 54871.14041885 17.57 126.920959  72.037901  3.721
 76     1.855 54871.14041950 16.45 126.915569  72.034991  3.721
 76     2.143 54871.14042014 16.41 126.910189  72.032081  3.721
 76    16.122 54871.14042272 17.79 126.888689  72.020461  3.721
 76    15.927 54871.14042336 17.48 126.883309  72.017551  3.721
 76    15.952 54871.14042401 17.63 126.877939  72.014641  3.721
 76     5.423 54871.14042465 18.34 126.872569  72.011731  3.721
 77     1.062 54906.14041877 14.51 126.968864  72.081097  1.921
 77     1.327 54906.14041942 15.05 126.963464  72.078197  1.921
 77     1.430 54906.14042006 15.58 126.958064  72.075287  1.921
 77     1.468 54906.14042071 16.81 126.952664  72.072387  1.921
 77     1.556 54906.14042135 17.01 126.947264  72.069477  1.921
 77     1.745 54906.14042199 17.81 126.941875  72.066569  4.060
 77     1.904 54906.14042264 18.92 126.936475  72.063669  4.060
 77     2.074 54906.14042328 18.86 126.931085  72.060759  4.060
 77     2.074 54906.14042393 19.69 126.925695  72.057859  4.060
 77     2.056 54906.14042457 20.43 126.920305  72.054949  4.060
 77     1.951 54906.14042522 19.05 126.914915  72.052039  4.060
 77     1.900 54906.14042586 19.54 126.909535  72.049139  4.060
 77     1.741 54906.14042651 18.98 126.904145  72.046229  4.060
 77     2.108 54906.14042715 18.06 126.898765  72.043319  4.060
 77     2.618 54906.14042780 17.07 126.893385  72.040409  4.060
 77     2.985 54906.14042844 16.93 126.888005  72.037509  4.060
 77     3.080 54906.14042909 16.48 126.882625  72.034599  4.060
 77     2.909 54906.14042973 16.71 126.877255  72.031689  4.060
 77     3.507 54906.14043038 16.54 126.871875  72.028779  4.060
 77     3.550 54906.14043102 17.54 126.866505  72.025879  4.060
 78     1.037 54941.14040574 14.09 126.961939  72.062243  3.335
 78     1.362 54941.14040639 14.38 126.956549  72.059343  3.335
 78     1.447 54941.14040703 14.27 126.951149  72.056433  3.335
 78     1.610 54941.14040768 15.03 126.945759  72.053533  3.335
 78     1.321 54941.14040832 15.20 126.940369  72.050623  3.335
 78     1.228 54941.14040897 14.99 126.934979  72.047723  3.335
 78     1.048 54941.14040961 15.09 126.929589  72.044813  3.335
 78     0.730 54941.14041026 16.43 126.924199  72.041903  3.335
 78     1.166 54941.14041090 14.82 126.918819  72.039003  3.335
 78     1.579 54941.14041154 13.96 126.913429  72.036093  3.335
 78     1.908 54941.14041219 13.24 126.908049  72.033183  3.335
 78    15.477 54941.14041412 12.41 126.891919  72.024463  3.335
 78    15.797 54941.14041477 12.57 126.886539  72.021553  3.335
 78    16.162 54941.14041541 12.13 126.881169  72.018653  3.335
 78    15.952 54941.14041606 12.83 126.875799  72.015743  3.335
 78    15.695 54941.14041670 12.51 126.870429  72.012833  3.335
 79     6.300 54976.14043304 28.16 126.967822  72.070101  5.892
 79     6.120 54976.14043368 22.06 126.962422  72.067191  5.892
 79     6.116 54976.14043433 21.07 126.957032  72.064289 18.591
 79     5.848 54976.14043497 22.13 126.951632  72.061379 18.591
 79     5.763 54976.14043561 18.85 126.946242  72.058479 18.591
 79     5.624 54976.14043626 17.84 126.940842  72.055569 18.591
 79     5.314 54976.14043690 18.57 126.935452  72.052669 18.591
 79     4.948 54976.14043755 19.24 126.930062  72.049759 18.591
 79     4.195 54976.14043819 20.80 126.924672  72.046849 18.591
 79     4.602 54976.14043884 22.06 126.919292  72.043949 18.591
 79     5.159 54976.14043948 23.27 126.913902  72.041039 18.591
 79     5.661 54976.14044013 24.50 126.908522  72.038129 18.591
 79     5.913 54976.14044077 29.57 126.903142  72.035229 18.591
 79     6.098 54976.14044142 36.07 126.897762  72.032319 18.591
 79     6.033 54976.14044271 38.36 126.887012  72.026509 18.591
 79     6.061 54976.14044335 33.90 126.881632  72.023599 18.591
 79     5.997 54976.14044400 32.31 126.876262  72.020689 18.591
 79     6.184 54976.14044464 33.55 126.870892  72.017779 18.591
 80     6.994 55011.14044268 11.60 126.966707  72.072979  3.540
 80     6.274 55011.14044333 12.52 126.961307  72.070079  3.540
 80     6.798 55011.14044397 12.53 126.955917  72.067169  3.540
 80     6.073 55011.14044462 12.93 126.950513  72.064264 10.940
 80     7.214 55011.14044526 13.13 126.945123  72.061364 10.940
 80     6.154 55011.14044591 14.05 126.939723  72.058454 10.940
 80     5.885 55011.14044655 14.39 126.934333  72.055544 10.940
 80     6.923 55011.14044720 15.24 126.928943  72.052644 10.940
 80     7.280 55011.14044784 15.05 126.923563  72.049734 10.940
 80     7.404 55011.14044848 16.31 126.918173  72.046824 10.940
 80     8.309 55011.14044913 15.96 126.912783  72.043924 10.940
 80     8.317 55011.14044977 16.40 126.907403  72.041014 10.940
 80     8.152 55011.14045042 17.05 126.902023  72.038104 10.940
 80     8.834 55011.14045106 18.29 126.896643  72.035204 10.940
 80     9.240 55011.14045235 19.88 126.885883  72.029384 10.940
 80     9.571 55011.14045300 20.61 126.880513  72.026474 10.940
 80     8.468 55011.14045364 21.99 126.875143  72.023574 10.940
 80     8.551 55011.14045429 23.06 126.869763  72.020664 10.940
 81     0.216 55046.14043515 14.61 126.962765  72.066714  4.555
 81    -1.309 55046.14043580 15.95 126.957361  72.063812 10.019
 81    -0.510 55046.14043644 15.90 126.951971  72.060902 10.019
 81     0.042 55046.14043709 16.28 126.946571  72.058002 10.019
 81     0.441 55046.14043773 16.86 126.941181  72.055092 10.019
 81     3.149 55046.14043838 16.55 126.935791  72.052192 10.019
 81     4.783 55046.14043902 16.36 126.930401  72.049282 10.019
 81     4.487 55046.14043967 17.30 126.925011  72.046372 10.019
 81     5.016 55046.14044031 16.44 126.919631  72.043472 10.019
 81     5.940 55046.14044096 17.46 126.914241  72.040562 10.019
 81     6.492 55046.14044160 18.00 126.908861  72.037652 10.019
 81     7.531 55046.14044225 18.35 126.903481  72.034752 10.019
 81     7.728 55046.14044418 20.16 126.887351  72.026022 10.019
 81     8.497 55046.14044482 19.90 126.881971  72.023122 10.019
 81     7.894 55046.14044547 20.82 126.876601  72.020212 10.019
 81     7.816 55046.14044611 20.97 126.871231  72.017302 10.019
 82     5.452 55081.14041478 17.89 126.897251  72.041606  8.010
 82     5.865 55081.14041542 20.54 126.891871  72.038696  8.010
 82     8.263 55081.14041607 20.56 126.886491  72.035786  8.010
 82     8.757 55081.14041671 19.68 126.881111  72.032886  8.010
 82     9.488 55081.14041735 19.62 126.875741  72.029976  8.010
 82    10.776 55081.14041800 19.83 126.870361  72.027066  8.010
 82    11.038 55081.14041864 20.07 126.864991  72.024156  8.010
 83     4.156 55116.14036768 38.52 126.965110  72.063927 12.537
 83     4.214 55116.14036832 39.71 126.959720  72.061017 12.537
 83     4.199 55116.14036897 32.12 126.954320  72.058117 12.537
 83     4.081 55116.14036961 26.43 126.948930  72.055207 12.537
 83     3.952 55116.14037026 24.17 126.943540  72.052297 12.537
 83     3.788 55116.14037090 23.06 126.938140  72.049397 12.537
 83     3.659 55116.14037155 22.81 126.932760  72.046487 12.537
 83     3.285 55116.14037219 23.97 126.927370  72.043587 12.537
 83     2.955 55116.14037284 24.55 126.921980  72.040677 12.537
 83     3.631 55116.14037348 22.49 126.916600  72.037767 12.537
 83     4.083 55116.14037413 21.81 126.911220  72.034867 12.537
 83     4.091 55116.14037477 34.91 126.905840  72.031957 12.537
 83    15.834 55116.14037670 19.98 126.889710  72.023237 12.537
 83    16.192 55116.14037735 20.68 126.884330  72.020327 12.537
 83    16.235 55116.14037799 23.02 126.878960  72.017417 12.537
 83    16.059 55116.14037864 24.44 126.873590  72.014517 12.537
 84     2.035 55151.14036470 11.97 126.968659  72.073536  1.742
 84     2.047 55151.14036534 12.86 126.963259  72.070626  1.742
 84     1.970 55151.14036599 13.37 126.957859  72.067716  1.742
 84     1.935 55151.14036663 13.72 126.952466  72.064814  3.181
 84     1.940 55151.14036728 14.40 126.947066  72.061904  3.181
 84     2.015 55151.14036792 14.54 126.941676  72.059004  3.181
 84     1.974 55151.14036857 14.53 126.936286  72.056094  3.181
 84     2.017 55151.14036921 14.96 126.930896  72.053194  3.181
 84     1.914 55151.14036986 15.40 126.925506  72.050284  3.181
 84     2.071 55151.14037050 15.48 126.920116  72.047374  3.181
 84     2.138 55151.14037115 15.22 126.914736  72.044474  3.181
 84     2.260 55151.14037179 15.39 126.909346  72.041564  3.181
 84     2.287 55151.14037243 15.66 126.903966  72.038654  3.181
 84     2.350 55151.14037308 14.70 126.898586  72.035754  3.181
 84     2.510 55151.14037437 15.37 126.887826  72.029934  3.181
 84     2.728 55151.14037501 14.94 126.882456  72.027024  3.181
 84     3.597 55151.14037566 15.54 126.877076  72.024124  3.181
 84     5.690 55151.14037630 14.94 126.871706  72.021214  3.181
 85     1.832 55186.14035335  9.87 126.965403  72.062627  2.602
 85     1.818 55186.14035400 10.27 126.960003  72.059717  2.602
 85     1.804 55186.14035464 11.20 126.954613  72.056817  2.602
 85     1.580 55186.14035528 11.63 126.949213  72.053907  2.602
 85     1.765 55186.14035593 11.25 126.943823  72.051007  2.602
 85     1.924 55186.14035657 11.31 126.938433  72.048097  2.602
 85     1.876 55186.14035722 11.24 126.933043  72.045197  2.602
 85     1.903 55186.14035786 11.47 126.927663  72.042287  2.602
 85     1.841 55186.14035851 11.42 126.922273  72.039377  2.602
 85     2.140 55186.14035915 11.14 126.916893  72.036477  2.602
 85     2.335 55186.14035980 11.35 126.911513  72.033567  2.602
 85     3.146 55186.14036044 11.24 126.906133  72.030657  2.602
 85     5.451 55186.14036238 12.18 126.889993  72.021937  2.602
 85     4.457 55186.14036302 12.83 126.884623  72.019027  2.602
 85     5.748 55186.14036367 12.74 126.879253  72.016127  2.602
 85     6.290 55186.14036431 12.99 126.873883  72.013217  2.602
 86     1.992 55221.14036293  8.79 126.967381  72.073774  1.801
 86     2.100 55221.14036357  9.05 126.961981  72.070874  1.801
 86     2.113 55221.14036422  9.15 126.956581  72.067964  1.801
 86     2.127 55221.14036486  9.70 126.951192  72.065061  2.965
 86     2.148 55221.14036551 10.38 126.945792  72.062151  2.965
 86     2.023 55221.14036615 10.52 126.940402  72.059251  2.965
 86     2.042 55221.14036680 10.60 126.935012  72.056341  2.965
 86     1.862 55221.14036744 11.21 126.929622  72.053441  2.965
 86     1.999 55221.14036809 11.09 126.924232  72.050531  2.965
 86     2.069 55221.14036873 10.94 126.918842  72.047621  2.965
 86     2.208 55221.14036938 10.70 126.913462  72.044721  2.965
 86     2.215 55221.14037002 10.43 126.908072  72.041811  2.965
 86     2.352 55221.14037067 10.49 126.902692  72.038901  2.965
 86     2.666 55221.14037131 10.67 126.897312  72.036001  2.965
 86     2.416 55221.14037195 11.60 126.891932  72.033091  2.965
 86     2.523 55221.14037260 11.92 126.886552  72.030181  2.965
 86     2.613 55221.14037324 12.24 126.881182  72.027271  2.965
 86     2.794 55221.14037389 12.41 126.875802  72.024371  2.965
 86     2.924 55221.14037453 13.01 126.870432  72.021461  2.965
 87     1.466 55256.14034928  8.88 126.964816  72.064106  2.473
 87     1.592 55256.14034992  9.39 126.959416  72.061196  2.473
 87     1.558 55256.14035057  9.65 126.954026  72.058296  2.473
 87     1.507 55256.14035121 10.25 126.948626  72.055386  2.473
 87     1.483 55256.14035186  9.84 126.943236  72.052486  2.473
 87     1.382 55256.14035250 10.25 126.937846  72.049576  2.473
 87     1.407 55256.14035315 10.57 126.932456  72.046676  2.473
 87     1.621 55256.14035379 10.17 126.927076  72.043766  2.473
 87     1.497 55256.14035444 10.36 126.921686  72.040856  2.473
 87     1.660 55256.14035508 10.37 126.916306  72.037956  2.473
 87     2.793 55256.14035573 10.08 126.910926  72.035046  2.473
 87     3.692 55256.14035637 10.02 126.905546  72.032136  2.473
 87     5.828 55256.14035830 10.74 126.889406  72.023416  2.473
 87     6.271 55256.14035895 10.97 126.884036  72.020506  2.473
 87     6.021 55256.14035959 11.84 126.878666  72.017606  2.473
 87     6.319 55256.14036024 11.88 126.873296  72.014696  2.473
 88     1.315 55291.14035017  7.86 126.971315  72.081741  1.807
 88     1.265 55291.14035081  8.15 126.965915  72.078831  1.807
 88     1.195 55291.14035146  8.77 126.960515  72.075931  1.807
 88     1.299 55291.14035210  8.70 126.955115  72.073021  1.807
 88     1.224 55291.14035275  8.54 126.949715  72.070121  1.807
 88     1.137 55291.14035339  8.64 126.944315  72.067211  1.807
 88     1.263 55291.14035404  9.48 126.938928  72.064299  2.554
 88     1.176 55291.14035468  9.34 126.933528  72.061399  2.554
 88     1.057 55291.14035532 10.14 126.928138  72.058489  2.554
 88     1.230 55291.14035597 10.37 126.922748  72.055589  2.554
 88     1.205 55291.14035661 10.02 126.917358  72.052679  2.554
 88     1.406 55291.14035726 10.19 126.911978  72.049769  2.554
 88     1.662 55291.14035790 10.45 126.906588  72.046869  2.554
 88     2.953 55291.14035855 10.28 126.901208  72.043959  2.554
 88     3.935 55291.14035919  9.72 126.895828  72.041049  2.554
 88     4.835 55291.14035984  9.70 126.890448  72.038139  2.554
 88     5.793 55291.14036048  9.69 126.885068  72.035239  2.554
 88     6.391 55291.14036113 10.36 126.879688  72.032329  2.554
 88     6.944 55291.14036177 10.86 126.874318  72.029419  2.554
 88     7.324 55291.14036242 11.17 126.868948  72.026509  2.554
 88     7.524 55291.14036306 12.12 126.863568  72.023599  2.554
 89     9.583 55326.14033393  8.19 126.959329  72.066667  3.820
 89    38.255 55326.14033458  9.58 126.953928  72.063763 15.166
 89     6.797 55326.14033522  8.60 126.948538  72.060853 15.166
 89     4.640 55326.14033587  8.11 126.943138  72.057953 15.166
 89     2.512 55326.14033651  8.01 126.937748  72.055043 15.166
 89     1.026 55326.14033716  8.97 126.932358  72.052143 15.166
 89    -0.701 55326.14033780 10.23 126.926968  72.049233 15.166
 89     1.830 55326.14033845 10.84 126.921578  72.046323 15.166
 89     3.443 55326.14033909 11.54 126.916198  72.043423 15.166
 89     4.551 55326.14033974 12.97 126.910808  72.040513 15.166
 89     5.766 55326.14034038 13.03 126.905428  72.037603 15.166
 89     6.962 55326.14034103 14.65 126.900048  72.034703 15.166
 89    10.465 55326.14034232 16.37 126.889288  72.028883 15.166
 89     8.168 55326.14034296 18.53 126.883918  72.025973 15.166
 89     9.336 55326.14034360 19.26 126.878538  72.023073 15.166
 89    10.271 55326.14034425 20.37 126.873168  72.020163 15.166
 89    10.015 55326.14034489 24.06 126.867798  72.017253 15.166
 90    10.138 55361.14033861 14.22 126.890322  72.032689  5.483
 90    10.791 55361.14033925 16.95 126.884942  72.029779  5.483
 90    10.189 55361.14033990 18.56 126.879572  72.026869  5.483
 90    11.615 55361.14034054 18.66 126.874202  72.023969  5.483
 90    12.964 55361.14034119 19.35 126.868822  72.021059  5.483
 91     8.243 55396.14033776 26.07 126.962098  72.062465 14.502
 91     7.695 55396.14033841 27.19 126.956698  72.059565 14.502
 91     8.167 55396.14033905 27.11 126.951308  72.056655 14.502
 91     7.664 55396.14033970 28.34 126.945908  72.053745 14.502
 91     8.385 55396.14034034 29.22 126.940518  72.050845 14.502
 91     7.898 55396.14034099 29.92 126.935128  72.047935 14.502
 91     7.853 55396.14034163 30.59 126.929738  72.045035 14.502
 91     7.754 55396.14034228 30.37 126.924358  72.042125 14.502
 91     7.701 55396.14034292 29.95 126.918968  72.039215 14.502
 91     6.229 55396.14034357 30.40 126.913588  72.036315 14.502
 91     5.968 55396.14034421 29.22 126.908208  72.033405 14.502
 91     5.358 55396.14034679 25.39 126.886698  72.021775 14.502
 91     6.299 55396.14034743 24.93 126.881318  72.018865 14.502
 91     6.933 55396.14034808 24.58 126.875948  72.015965 14.502
 92     8.244 55431.14035471 16.31 126.889500  72.027258  6.315
 92     8.633 55431.14035536 18.41 126.884120  72.024348  6.315
 92     9.632 55431.14035600 17.95 126.878750  72.021448  6.315
 92    10.167 55431.14035665 18.65 126.873370  72.018538  6.315
 93     0.980 55466.14030519 21.53 126.959006  72.076384  6.415
 93     1.367 55466.14030584 20.64 126.953606  72.073474  6.415
 93     1.392 55466.14030648 19.41 126.948206  72.070574  6.415
 93     1.431 55466.14030713 19.48 126.942816  72.067664  6.415
 93     1.476 55466.14030777 19.25 126.937416  72.064764  6.415
 93     1.106 55466.14030842 19.41 126.932024  72.061858 10.899
 93     0.762 55466.14030906 19.52 126.926634  72.058948 10.899
 93     0.378 55466.14030971 19.62 126.921244  72.056038 10.899
 93     1.237 55466.14031035 19.89 126.915864  72.053138 10.899
 93     2.311 55466.14031100 19.20 126.910474  72.050228 10.899
 93     2.693 55466.14031164 19.28 126.905094  72.047318 10.899
 93     3.666 55466.14031228 19.30 126.899714  72.044418 10.899
 93     4.178 55466.14031293 19.99 126.894334  72.041508 10.899
 93     4.981 55466.14031357 19.63 126.888954  72.038598 10.899
 93     5.580 55466.14031422 21.01 126.883574  72.035688 10.899
 93     6.592 55466.14031486 20.96 126.878194  72.032788 10.899
 93     7.340 55466.14031551 20.45 126.872824  72.029878 10.899
 93     7.322 55466.14031615 21.65 126.867444  72.026968 10.899
