# NaN NaN NaN ;Mean Elev.(m), Avg Gradient(m/km), RMS Gradient(m/km) - SRTM1     
#  102.426  -9.429  16.574 ;Mean Elev.(m), Avg Gradient(m/km), RMS Gradient(m/km) - ASTER GDEM
#   86.089  -9.630  22.468 ;Mean Elev.(m), Avg Gradient(m/km), RMS Gradient(m/km) - GMTED2010 
  7   116.070 52448.10888815 18.61 126.528794  61.086550 13.354
  7    99.882 52448.10888879 15.13 126.526464  61.083390 13.354
  7    94.295 52448.10888944 14.22 126.524138  61.080236  6.469
  7    93.581 52448.10889008 13.31 126.521808  61.077076  6.469
  7    93.143 52448.10889073 12.77 126.519478  61.073916  6.469
  8   103.790 52483.10887694 15.50 126.529265  61.085068 11.580
  8   103.561 52483.10887759 12.75 126.526935  61.081918 11.580
  8   102.770 52483.10887823 12.80 126.524605  61.078758 11.580
  8   100.665 52483.10887888 13.35 126.522275  61.075598 11.580
  9   103.256 52518.10883419 16.93 126.530312  61.087317 11.133
  9   103.279 52518.10883483 14.76 126.527982  61.084167 11.133
  9   102.414 52518.10883548 13.00 126.525652  61.081007 11.133
  9   103.406 52518.10883612 10.72 126.523332  61.077847 11.133
  9   102.625 52518.10883677  9.68 126.521002  61.074687 11.133
 10   104.387 52553.10888381 40.62 126.540463  61.086950 12.111
 10   104.112 52553.10888445 40.43 126.538123  61.083790 12.111
 10   103.738 52553.10888510 41.13 126.535793  61.080630 12.111
 10   103.489 52553.10888574 43.24 126.533463  61.077470 12.111
 12    99.640 52623.10882048 18.64 126.529244  61.086825  5.183
 12    99.622 52623.10882113 18.12 126.526924  61.083665  5.183
 12    99.689 52623.10882177 17.90 126.524594  61.080505  5.183
 12    99.543 52623.10882242 17.99 126.522264  61.077345  5.183
 12    99.267 52623.10882306 17.63 126.519934  61.074185  5.183
 13    98.762 52658.10883510 14.88 126.541670  61.087470  4.599
 13    98.945 52658.10883574 14.58 126.539340  61.084310  4.599
 13    98.716 52658.10883639 14.14 126.537010  61.081150  4.599
 13    98.359 52658.10883703 13.86 126.534680  61.077990  4.599
 15    98.426 52728.10885661 11.17 126.541692  61.088040  4.095
 15    98.366 52728.10885725 11.28 126.539362  61.084880  4.095
 15    98.281 52728.10885790 10.16 126.537032  61.081730  4.095
 15    98.194 52728.10885854  9.57 126.534695  61.078568  4.754
 16   105.093 52763.10887063 18.80 126.516649  61.086316  8.443
 16    98.825 52763.10887128 20.70 126.514329  61.083156  8.443
 16    98.797 52763.10887192 21.27 126.511999  61.079996  8.443
 16    98.756 52763.10887257 22.68 126.509669  61.076846  8.443
 16    98.849 52763.10887321 19.09 126.507339  61.073686  8.443
 17   105.395 52798.10883873 38.00 126.557197  61.091709  7.556
 17   105.331 52798.10883938 37.76 126.554867  61.088549  7.556
 17   105.196 52798.10884002 35.92 126.552537  61.085389  7.556
 17   104.930 52798.10884067 34.75 126.550197  61.082229  7.556
 17   104.817 52798.10884131 34.51 126.547867  61.079069  7.556
 18   113.486 52833.10890988 18.00 126.554806  61.089809  5.418
 18   104.841 52833.10891053 15.06 126.552476  61.086649  5.418
 18   104.552 52833.10891117 11.64 126.550146  61.083489  5.418
 18   104.795 52833.10891182 10.54 126.547816  61.080329  5.418
 19   103.137 52868.10895296 34.84 126.548017  61.088273 11.070
 19   103.566 52868.10895360 34.70 126.545687  61.085113 11.070
 19   103.574 52868.10895424 34.82 126.543357  61.081953 11.070
 19   103.570 52868.10895489 35.02 126.541027  61.078793 11.070
 20   102.018 52903.10896937 29.03 126.532717  61.086585  4.547
 20   102.009 52903.10897001 29.09 126.530387  61.083425  4.547
 20   101.589 52903.10897066 28.20 126.528057  61.080265  4.547
 20   101.586 52903.10897130 27.31 126.525737  61.077105  4.547
 21    98.904 52938.10890726 38.23 126.523007  61.086819 16.643
 21    99.160 52938.10890790 42.86 126.520687  61.083659 16.643
 21    99.171 52938.10890855 40.44 126.518357  61.080499 16.643
 21    99.094 52938.10890919 41.94 126.516027  61.077339 16.643
 21    99.152 52938.10890984 41.27 126.513697  61.074179 16.643
 22    99.796 52973.10894063 19.94 126.541172  61.087632  5.910
 22    99.577 52973.10894127 20.79 126.538842  61.084472  5.910
 22    99.528 52973.10894192 19.71 126.536512  61.081312  5.910
 22    99.438 52973.10894256 18.76 126.534182  61.078152  5.910
 23   105.483 53008.10895024 13.01 126.529929  61.085770  3.835
 23    99.695 53008.10895088 13.40 126.527599  61.082620  3.835
 23    99.749 53008.10895153 12.79 126.525269  61.079460  3.835
 23    99.544 53008.10895217 12.73 126.522939  61.076300  3.835
 24   100.672 53043.10890589 10.55 126.546085  61.088248  3.485
 24   104.946 53043.10890653 10.48 126.543755  61.085098  3.485
 24    99.058 53043.10890718 10.48 126.541415  61.081938  3.485
 24    99.197 53043.10890782  9.59 126.539085  61.078778  3.485
 25    99.940 53078.10894021  9.17 126.528243  61.086005  3.221
 25    99.638 53078.10894085  8.62 126.525913  61.082845  3.221
 25    98.774 53078.10894150  8.73 126.523583  61.079685  3.221
 25    98.785 53078.10894214  8.12 126.521253  61.076525  3.221
 25    99.606 53078.10894278  8.14 126.518923  61.073365  3.221
 26   100.521 53113.10890989  4.23 126.542229  61.087314  4.819
 26    99.914 53113.10891054  3.63 126.539899  61.084164  4.819
 26    99.298 53113.10891118  3.18 126.537569  61.081004  4.819
 26    98.571 53113.10891183  3.19 126.535239  61.077844  4.819
 28   107.673 53183.10895357 25.61 126.545438  61.088844 10.273
 28   107.687 53183.10895422 23.52 126.543108  61.085684 10.273
 28   107.040 53183.10895486 21.72 126.540778  61.082524 10.273
 28   107.117 53183.10895551 21.05 126.538448  61.079374 10.273
 28   105.962 53183.10895615 20.38 126.536118  61.076214 10.273
 29   107.119 53218.10897856 16.79 126.534925  61.086634 14.215
 29   106.245 53218.10897920 14.08 126.532595  61.083484 14.215
 29   104.750 53218.10897985 12.46 126.530265  61.080324 14.215
 29   104.759 53218.10898049 10.32 126.527935  61.077164 14.215
 30   101.127 53253.10895702 35.70 126.520863  61.084825 12.988
 30   101.255 53253.10895767 38.00 126.518533  61.081665 12.988
 30   101.325 53253.10895831 37.95 126.516203  61.078505 12.988
 30   101.440 53253.10895896 39.53 126.513873  61.075355 12.988
 31   100.810 53288.10895691 40.90 126.541078  61.086981 15.163
 31   100.899 53288.10895755 41.50 126.538748  61.083821 15.163
 31   100.859 53288.10895820 42.24 126.536418  61.080661 15.163
 31   100.780 53288.10895884 43.78 126.534088  61.077501 15.163
 32   100.970 53323.10893263 20.11 126.544565  61.087462  5.678
 32   100.743 53323.10893327 19.39 126.542235  61.084302  5.678
 32   100.744 53323.10893391 19.67 126.539905  61.081142  5.678
 32   100.616 53323.10893456 18.57 126.537575  61.077992  5.678
 33   100.761 53358.10889744 13.55 126.535011  61.087923  4.778
 33   100.436 53358.10889808 13.14 126.532681  61.084763  4.778
 33   100.459 53358.10889873 12.36 126.530361  61.081603  4.778
 33   100.413 53358.10889937 12.17 126.528031  61.078453  4.778
 33   100.200 53358.10890002 11.14 126.525701  61.075293  4.778
 34   101.084 53393.10891239 10.12 126.547675  61.089511  4.004
 34   100.678 53393.10891303  9.35 126.545345  61.086361  4.004
 34   100.387 53393.10891368  9.34 126.543005  61.083201  4.004
 34   100.196 53393.10891432  8.56 126.540675  61.080041  4.004
 34    99.994 53393.10891497  8.73 126.538345  61.076881  4.004
 35   100.154 53428.10890795  8.05 126.534353  61.086410  3.561
 35    99.715 53428.10890859  7.61 126.532023  61.083250  3.561
 35   100.867 53428.10890924  6.97 126.529693  61.080100  3.561
 35    99.723 53428.10890988  6.15 126.527373  61.076940  3.561
 37   105.331 53498.10899792 21.49 126.530234  61.085054 22.875
 37   104.752 53498.10899857 18.00 126.527904  61.081904 22.875
 37   105.627 53498.10899921 19.27 126.525574  61.078744 22.875
 37   104.742 53498.10899986 34.05 126.523244  61.075584 22.875
 38   106.963 53533.10897932 36.05 126.538335  61.088150  8.509
 38   107.918 53533.10897997 34.22 126.536005  61.085000  8.509
 38   108.593 53533.10898061 32.34 126.533675  61.081840  8.509
 38   108.929 53533.10898126 33.63 126.531345  61.078680  8.509
 38   107.257 53533.10898190 37.09 126.529015  61.075520  8.509
 39   105.889 53568.10899889 21.28 126.526659  61.085483 10.231
 39   106.130 53568.10899954 16.94 126.524329  61.082323 10.231
 39   105.560 53568.10900018 16.92 126.521999  61.079163 10.231
 39   104.220 53568.10900083 16.87 126.519669  61.076013 10.231
 40   105.008 53603.10894494 23.06 126.525682  61.082368 10.917
 40   105.066 53603.10894559 32.87 126.523352  61.079218 10.917
 40   101.444 53603.10894623 39.94 126.521022  61.076058 10.917
 41   104.457 53638.10894155 14.31 126.543454  61.087784  9.904
 41   104.244 53638.10894219 12.60 126.541124  61.084634  9.904
 41   104.022 53638.10894284 11.08 126.538794  61.081474  9.904
 41   102.954 53638.10894348 10.38 126.536454  61.078314  9.904
 42    99.123 53673.10896266 46.79 126.533425  61.086544 15.587
 42    99.198 53673.10896331 46.71 126.531095  61.083384 15.587
 42    99.153 53673.10896395 45.25 126.528765  61.080224 15.587
 42    99.147 53673.10896460 45.35 126.526435  61.077064 15.587
 43   106.000 53708.10889385 12.31 126.534614  61.087494  4.144
 43    99.356 53708.10889450 13.21 126.532284  61.084344  4.144
 43    99.309 53708.10889514 12.43 126.529964  61.081184  4.144
 43    99.358 53708.10889579 12.47 126.527634  61.078024  4.144
 43    99.200 53708.10889643 11.27 126.525304  61.074864  4.144
 44    99.622 53743.10880564 10.11 126.522749  61.085429  3.667
 44    99.441 53743.10880628 10.03 126.520419  61.082269  3.667
 44    99.575 53743.10880693  9.53 126.518089  61.079109  3.667
 44    99.468 53743.10880757  9.66 126.515759  61.075959  3.667
 44    99.378 53743.10880821 10.08 126.513439  61.072799  3.667
 45   101.799 53778.10883120  8.98 126.545753  61.088933  3.742
 45   103.439 53778.10883184  8.04 126.543423  61.085783  3.742
 45   100.815 53778.10883248  6.47 126.541093  61.082623  3.742
 45   100.346 53778.10883313  6.74 126.538763  61.079463  3.742
 45   100.475 53778.10883377  5.98 126.536433  61.076303  3.742
 46   101.417 53813.10880797  5.75 126.523356  61.084111  5.970
 46   100.626 53813.10880862  6.36 126.521026  61.080951  5.970
 46   101.115 53813.10880926  6.15 126.518706  61.077791  5.970
 46   100.682 53813.10880991  6.47 126.516376  61.074631  5.970
 47   103.468 53848.10886213  1.99 126.544257  61.089692 10.084
 47   101.418 53848.10886277  2.75 126.541927  61.086532 10.084
 47   100.184 53848.10886342  2.57 126.539587  61.083372 10.084
 47   100.700 53848.10886406  2.45 126.537257  61.080212 10.084
 47   100.106 53848.10886471  1.25 126.534927  61.077052 10.084
 49   106.596 53918.10894480 18.53 126.527929  61.085295 16.148
 49   105.612 53918.10894545 15.93 126.525589  61.082135 16.148
 49   105.217 53918.10894609 16.01 126.523259  61.078975 16.148
 49   104.610 53918.10894674 15.37 126.520929  61.075815 16.148
 52   102.080 54023.10892651 34.66 126.548132  61.089087 22.467
 52   102.200 54023.10892715 34.62 126.545802  61.085927 22.467
 52   102.011 54023.10892780 36.12 126.543472  61.082767 22.467
 52   101.740 54023.10892844 38.25 126.541132  61.079607 22.467
 53   106.284 54058.10891933 13.28 126.547145  61.088185  3.366
 53   105.285 54058.10891998 13.08 126.544815  61.085025  3.366
 53   105.116 54058.10892062 12.81 126.542485  61.081865  3.366
 53   103.542 54058.10892127 12.22 126.540155  61.078705  3.366
 54   105.944 54093.10890095 11.51 126.527140  61.085920  3.193
 54   105.436 54093.10890160 10.92 126.524820  61.082760  3.193
 54   104.461 54093.10890224 10.02 126.522490  61.079600  3.193
 54   103.675 54093.10890289  9.79 126.520160  61.076440  3.193
 54   100.842 54093.10890353  9.73 126.517830  61.073280  3.193
 55   100.933 54128.10883675  9.04 126.551761  61.088343  3.058
 55   101.504 54128.10883739  8.54 126.549431  61.085183  3.058
 55   100.288 54128.10883804  8.49 126.547091  61.082023  3.058
 55   103.051 54128.10883868  8.20 126.544761  61.078863  3.058
 56   100.009 54163.10887034  7.82 126.532105  61.085452  3.133
 56    99.946 54163.10887098  7.42 126.529775  61.082292  3.133
 56    99.868 54163.10887162  6.73 126.527445  61.079132  3.133
 56    99.955 54163.10887227  6.45 126.525115  61.075972  3.133
 59   216.690 54268.10890190  9.78 126.538563  61.087524 16.524
 59   219.488 54268.10890254  2.96 126.536233  61.084374 16.524
 60   103.893 54303.10890585 22.95 126.538891  61.087529 10.887
 60   101.758 54303.10890650 21.33 126.536561  61.084379 10.887
 60   101.568 54303.10890714 22.58 126.534231  61.081219 10.887
 60   101.563 54303.10890779 31.02 126.531901  61.078059 10.887
 61   103.780 54338.10889154 23.33 126.533917  61.087384 17.622
 61   104.903 54338.10889219 16.48 126.531587  61.084234 17.622
 61   102.742 54338.10889283 16.04 126.529257  61.081074 17.622
 61   102.037 54338.10889348 13.89 126.526927  61.077914 17.622
 61   102.566 54338.10889412 13.21 126.524607  61.074754 17.622
 62   101.943 54373.10883865 46.33 126.545161  61.088923 26.080
 62   101.991 54373.10883930 45.98 126.542831  61.085763 26.080
 62   102.223 54373.10883994 44.91 126.540501  61.082603 26.080
 62   102.456 54373.10884059 46.05 126.538171  61.079453 26.080
 62   101.842 54373.10884123 42.05 126.535841  61.076293 26.080
 63    99.065 54408.10883694 41.00 126.535702  61.088029 16.031
 63    99.212 54408.10883758 43.86 126.533372  61.084869 16.031
 63    99.195 54408.10883823 44.63 126.531042  61.081709 16.031
 63    99.163 54408.10883887 43.60 126.528722  61.078559 16.031
 63    99.227 54408.10883952 38.00 126.526392  61.075399 16.031
 64    99.919 54443.10879910 20.78 126.552814  61.089056  6.168
 64    99.726 54443.10879974 21.22 126.550484  61.085896  6.168
 64    99.594 54443.10880038 22.68 126.548154  61.082736  6.168
 64    99.392 54443.10880103 22.56 126.545824  61.079586  6.168
 65    99.919 54478.10882589 18.89 126.540208  61.088851  6.360
 65    99.842 54478.10882653 19.80 126.537878  61.085691  6.360
 65    99.892 54478.10882718 19.80 126.535548  61.082531  6.360
 65    99.821 54478.10882782 20.54 126.533208  61.079371  6.360
 65    99.687 54478.10882847 20.11 126.530888  61.076211  6.360
 66    99.572 54513.10881448 15.18 126.550676  61.088218  3.939
 66    99.214 54513.10881512 15.40 126.548346  61.085058  3.939
 66    99.203 54513.10881577 15.65 126.546006  61.081898  3.939
 66    98.979 54513.10881641 15.57 126.543676  61.078738  3.939
 67    98.602 54548.10884026 12.26 126.532796  61.086446  3.717
 67    98.861 54548.10884091 12.11 126.530466  61.083286  3.717
 67    98.526 54548.10884155 12.34 126.528136  61.080126  3.717
 67    98.554 54548.10884220 12.63 126.525806  61.076966  3.717
 68    98.676 54583.10881055 10.34 126.540414  61.086458  3.414
 68    99.654 54583.10881119 10.25 126.538084  61.083298  3.414
 68    98.831 54583.10881184 10.37 126.535754  61.080138  3.414
 68    98.559 54583.10881248 10.68 126.533424  61.076978  3.414
 70   106.173 54653.10884383 16.67 126.533454  61.083588  4.496
 70   104.890 54653.10884447 16.34 126.531124  61.080428  4.496
 70   104.431 54653.10884512 14.45 126.528794  61.077268  4.496
 72   105.999 54723.10879038 14.18 126.548788  61.085917  3.620
 72   105.821 54723.10879102 15.68 126.546458  61.082757  3.620
 72   103.604 54723.10879167 19.04 126.544128  61.079597  3.620
 73   102.218 54758.10880863 20.12 126.534177  61.085743  6.711
 73   103.106 54758.10880928 14.20 126.531847  61.082583  6.711
 73   105.185 54758.10880992 13.39 126.529517  61.079423  6.711
 73   100.418 54758.10881057 12.07 126.527187  61.076263  6.711
 74    98.886 54793.10878334 35.59 126.550162  61.089243 12.534
 74    98.601 54793.10878399 43.68 126.547822  61.086083 12.534
 74    98.689 54793.10878463 37.04 126.545492  61.082923 12.534
 74    98.542 54793.10878528 32.74 126.543162  61.079763 12.534
 75   100.460 54828.10880614 22.13 126.540337  61.087852  6.053
 75   100.495 54828.10880678 20.65 126.537997  61.084692  6.053
 75   100.374 54828.10880743 21.08 126.535667  61.081532  6.053
 75   100.243 54828.10880807 20.77 126.533337  61.078372  6.053
 75   100.117 54828.10880872 19.62 126.531007  61.075212  6.053
 76   100.130 54863.10877759 14.19 126.548248  61.088393  3.793
 76    99.780 54863.10877824 13.95 126.545918  61.085233  3.793
 76    99.662 54863.10877888 13.62 126.543588  61.082073  3.793
 76    99.436 54863.10877953 13.78 126.541248  61.078913  3.793
 77    99.418 54898.10880650 12.72 126.533564  61.087814  3.961
 77    99.479 54898.10880714 12.41 126.531234  61.084654  3.961
 77    99.251 54898.10880778 12.52 126.528904  61.081494  3.961
 77    99.217 54898.10880843 11.85 126.526574  61.078334  3.961
 77    99.177 54898.10880907 11.55 126.524244  61.075174  3.961
 78    99.314 54933.10877230 11.50 126.544866  61.089163  3.693
 78    99.724 54933.10877295 11.20 126.542536  61.086003  3.693
 78    99.071 54933.10877359 10.81 126.540206  61.082843  3.693
 78    98.867 54933.10877423 11.07 126.537876  61.079683  3.693
 78    98.727 54933.10877488  9.88 126.535546  61.076523  3.693
 80   106.717 55003.10882763 22.57 126.534271  61.085610 16.702
 80   106.542 55003.10882828 20.25 126.531941  61.082450 16.702
 80   105.873 55003.10882892 18.72 126.529611  61.079290 16.702
 80   105.115 55003.10882956 17.66 126.527281  61.076130 16.702
 81   102.208 55038.10881362 28.52 126.539652  61.088396  8.976
 81   103.852 55038.10881427 15.73 126.537322  61.085236  8.976
 81   103.806 55038.10881491 14.26 126.534992  61.082076  8.976
 81   103.395 55038.10881556 14.23 126.532662  61.078916  8.976
 81   102.101 55038.10881620 14.08 126.530332  61.075756  8.976
 82   106.224 55073.10880002 16.50 126.530171  61.085466 20.874
 82   104.925 55073.10880067 14.12 126.527841  61.082306 20.874
 82   104.404 55073.10880131 12.66 126.525511  61.079146 20.874
 82   104.483 55073.10880196 11.37 126.523181  61.075986 20.874
 84    99.504 55143.10875111 25.83 126.533870  61.087433  8.207
 84    99.430 55143.10875175 30.73 126.531540  61.084273  8.207
 84    99.616 55143.10875240 27.01 126.529210  61.081113  8.207
 84    99.439 55143.10875304 23.47 126.526880  61.077953  8.207
 84    99.329 55143.10875369 21.29 126.524550  61.074793  8.207
 85   100.307 55178.10871781 18.84 126.552189  61.088672  6.692
 85   100.253 55178.10871846 19.47 126.549849  61.085512  6.692
 85   100.004 55178.10871910 18.98 126.547519  61.082352  6.692
 85    99.913 55178.10871975 17.84 126.545189  61.079192  6.692
 86    99.624 55213.10874545 18.19 126.537296  61.087925  5.850
 86    99.944 55213.10874610 17.21 126.534966  61.084765  5.850
 86    99.984 55213.10874674 15.67 126.532636  61.081605  5.850
 86    99.881 55213.10874739 15.20 126.530306  61.078445  5.850
 86    99.599 55213.10874803 14.99 126.527976  61.075285  5.850
 87    99.078 55248.10871873 15.94 126.547113  61.089759  5.644
 87    99.129 55248.10871938 14.84 126.544783  61.086599  5.644
 87    99.159 55248.10872002 14.90 126.542453  61.083439  5.644
 87    99.163 55248.10872066 14.04 126.540123  61.080279  5.644
 87    98.928 55248.10872131 12.93 126.537793  61.077119  5.644
 88    98.771 55283.10873968 14.30 126.531646  61.085919  5.610
 88    98.987 55283.10874033 12.49 126.529316  61.082759  5.610
 88    98.981 55283.10874097 11.99 126.526986  61.079599  5.610
 88    98.926 55283.10874162 11.64 126.524656  61.076439  5.610
 89   103.896 55318.10870992  9.68 126.532499  61.082470  4.103
 89   102.656 55318.10871057 16.30 126.530169  61.079310  4.103
 89   100.679 55318.10871121 26.40 126.527839  61.076150  4.103
 90   124.983 55353.10871240 16.02 126.533173  61.085273  4.674
 90   124.108 55353.10871304 15.55 126.530843  61.082113  4.674
 90   104.108 55353.10871433 41.72 126.526183  61.075793  4.674
 91   104.829 55388.10870839 36.50 126.546578  61.089670 14.077
 91   104.536 55388.10870903 36.34 126.544248  61.086510 14.077
 91   104.566 55388.10870967 35.23 126.541918  61.083350 14.077
 91   104.617 55388.10871032 36.24 126.539588  61.080190 14.077
 91   104.781 55388.10871096 37.00 126.537258  61.077030 14.077
 92   101.426 55423.10873087 38.57 126.532959  61.080416 14.951
 92   102.467 55423.10873151 38.44 126.530629  61.077266 14.951
 93   105.128 55458.10870193 16.86 126.531903  61.087776 14.320
 93   104.876 55458.10870257 11.67 126.529573  61.084616 14.320
 93   104.607 55458.10870322 10.62 126.527243  61.081456 14.320
 93   107.936 55458.10870386  9.88 126.524923  61.078296 14.320
 93   105.110 55458.10870451  8.32 126.522593  61.075136 14.320
