# NaN NaN NaN ;Mean Elev.(m), Avg Gradient(m/km), RMS Gradient(m/km) - SRTM1     
#   29.006  -0.904   3.347 ;Mean Elev.(m), Avg Gradient(m/km), RMS Gradient(m/km) - ASTER GDEM
#   29.136  -1.444   6.070 ;Mean Elev.(m), Avg Gradient(m/km), RMS Gradient(m/km) - GMTED2010 
  6    49.773 52441.12206227 41.17 124.739749  64.956870 32.626
  6    49.788 52441.12206291 42.37 124.736789  64.953760 32.626
  7    48.264 52476.12205900 50.18 124.744336  64.956578 43.160
  7    48.246 52476.12205964 50.97 124.741366  64.953468 43.160
  8    51.706 52511.12201132 25.79 124.746804  64.956638 21.710
  8    51.206 52511.12201197 23.86 124.743834  64.953538 21.710
  8    46.718 52511.12201261 27.07 124.740867  64.950428 23.679
  9    46.862 52546.12203275 50.50 124.756784  64.951075 34.243
  9    46.937 52546.12203339 51.87 124.753814  64.947965 34.243
  9    46.995 52546.12203404 45.46 124.750854  64.944865 34.243
 10    45.757 52581.12205483 35.95 124.748564  64.953115  8.563
 10    45.721 52581.12205547 31.58 124.745594  64.950005  8.563
 10    45.565 52581.12205612 27.59 124.742634  64.946905  8.563
 11    46.399 52616.12202404 17.82 124.736448  64.958763  3.492
 11    46.201 52616.12202469 17.87 124.733488  64.955663  3.492
 12    51.326 52651.12200195 15.98 124.754889  64.950507  2.927
 12    46.066 52651.12200260 17.40 124.751919  64.947407  2.927
 12    46.007 52651.12200324 16.97 124.748949  64.944297  2.927
 13    47.042 52686.12199161 13.77 124.743228  64.955274  2.579
 13    47.031 52686.12199225 13.85 124.740258  64.952164  2.579
 14    51.378 52721.12204171 11.68 124.746350  64.952884  1.812
 14    47.066 52721.12204236 11.25 124.743380  64.949774  1.812
 14    50.618 52721.12204300 11.52 124.740420  64.946664  1.812
 16    50.405 52791.12201500 44.64 124.757719  64.948806 32.220
 16    50.319 52791.12201564 45.22 124.754749  64.945696 32.220
 17    48.488 52826.12208400 51.09 124.756702  64.950109 38.981
 17    48.474 52826.12208465 51.86 124.753742  64.946999 38.981
 17    48.466 52826.12208529 50.28 124.750772  64.943889 38.981
 18    46.838 52861.12212977 50.58 124.756344  64.949414 29.429
 18    46.827 52861.12213042 43.28 124.753384  64.946304 29.429
 19    47.461 52896.12215900 50.16 124.744349  64.957324 42.304
 19    47.389 52896.12215965 51.39 124.741379  64.954224 42.304
 19    47.281 52896.12216029 48.69 124.738419  64.951114 42.304
 20    46.047 52931.12210673 46.51 124.735356  64.960467 21.486
 20    45.818 52931.12210738 42.97 124.732396  64.957357 21.486
 21    46.423 52966.12210437 18.79 124.758610  64.951166  3.829
 21    46.317 52966.12210501 20.05 124.755650  64.948056  3.829
 21    46.298 52966.12210566 18.64 124.752680  64.944956  3.829
 22    46.363 53001.12213415 11.00 124.742124  64.958392  2.386
 22    46.269 53001.12213479 11.10 124.739154  64.955282  2.386
 23    46.159 53036.12208307  9.08 124.737181  64.960027  2.276
 23    46.440 53036.12208371  9.94 124.734221  64.956927  2.276
 24    46.963 53071.12210566  8.88 124.746175  64.953041  2.015
 24    46.803 53071.12210631  9.25 124.743205  64.949941  2.015
 25    46.342 53106.12208417  7.15 124.733762  64.961227  2.042
 25    46.102 53106.12208481  8.19 124.730802  64.958127  2.042
 26    45.542 53141.12211271 41.65 124.752990  64.952236 25.474
 26    45.640 53141.12211335 39.05 124.750030  64.949136 25.474
 26    47.298 53141.12211400 33.21 124.747060  64.946026 25.474
 28    51.537 53211.12216116 25.03 124.745163  64.956340 20.043
 28    46.808 53211.12216181 25.96 124.742193  64.953230 20.043
 29    47.152 53246.12212976 26.13 124.741773  64.954568 26.844
 29    47.364 53246.12213041 26.99 124.738803  64.951458 26.844
 30    47.586 53281.12211536 30.51 124.753437  64.950120 16.868
 30    47.786 53281.12211600 32.56 124.750467  64.947010 16.868
 31    47.175 53316.12212680 21.71 124.750847  64.953467  6.082
 31    47.220 53316.12212745 22.37 124.747877  64.950367  6.082
 31    47.146 53316.12212809 22.77 124.744917  64.947257  6.082
 32    51.867 53351.12209255 12.17 124.744915  64.954055  2.240
 32    47.019 53351.12209319 12.29 124.741945  64.950955  2.240
 33    47.195 53386.12207731  9.46 124.756016  64.951245  2.010
 33    47.524 53386.12207796  9.31 124.753046  64.948145  2.010
 33    47.037 53386.12207860  9.65 124.750076  64.945035  2.010
 34    47.000 53421.12208057  9.16 124.752812  64.953246  1.983
 34    47.182 53421.12208122  9.12 124.749842  64.950136  1.983
 34    47.348 53421.12208186  9.34 124.746882  64.947026  1.983
 35    48.991 53456.12208706  7.36 124.758604  64.946859  1.935
 35    47.518 53456.12208771  7.53 124.755644  64.943759  1.935
 36    47.060 53491.12217099 22.23 124.743781  64.955950 14.809
 36    47.544 53491.12217163 24.97 124.740811  64.952840 14.809
 37    49.276 53526.12215372 50.63 124.751465  64.954191 45.793
 37    49.493 53526.12215437 52.01 124.748495  64.951091 45.793
 37    49.386 53526.12215501 52.52 124.745525  64.947981 45.793
 37    49.372 53526.12215566 52.15 124.742565  64.944871 45.793
 38    51.233 53561.12218143 35.91 124.740730  64.959495 27.296
 38    48.344 53561.12218208 25.86 124.737760  64.956395 27.296
 39    47.426 53596.12212107 37.35 124.742908  64.954430 24.719
 39    47.143 53596.12212171 30.00 124.739938  64.951320 24.719
 40    48.098 53631.12211545 53.64 124.755250  64.951082 41.274
 40    48.164 53631.12211610 52.43 124.752290  64.947972 41.274
 40    48.201 53631.12211674 46.69 124.749320  64.944872 41.274
 41    45.841 53666.12213790 45.84 124.746163  64.956070 15.144
 41    45.798 53666.12213855 48.45 124.743193  64.952960 15.144
 41    45.649 53666.12213919 34.82 124.740223  64.949850 15.144
 42    46.718 53701.12208938 16.32 124.744771  64.954312  3.464
 42    46.545 53701.12209002 16.63 124.741811  64.951212  3.464
 44    47.981 53771.12200355 10.01 124.755583  64.952176  2.325
 44    48.276 53771.12200420  9.90 124.752623  64.949066  2.325
 44    49.036 53771.12200484 10.12 124.749653  64.945956  2.325
 45    46.513 53806.12199489  9.35 124.741435  64.955530  2.068
 45    46.926 53806.12199553  9.44 124.738465  64.952420  2.068
 47    48.902 53876.12206286 35.41 124.751029  64.951277 31.283
 47    49.102 53876.12206351 45.29 124.748069  64.948167 31.283
 47    49.070 53876.12206415 41.44 124.745099  64.945057 31.283
 48    51.866 53911.12211103 25.49 124.745221  64.954427 24.056
 48    49.874 53911.12211168 25.26 124.742251  64.951317 24.056
 50    48.890 53981.12207460 25.74 124.738223  64.956984 20.796
 50    48.841 53981.12207524 33.15 124.735263  64.953874 20.796
 51    48.952 54016.12209718 23.12 124.756991  64.948113 17.882
 51    47.664 54016.12209783 26.94 124.754021  64.945003 17.882
 52    46.973 54051.12209625 18.54 124.755273  64.952946  3.010
 52    46.442 54051.12209689 19.82 124.752303  64.949836  3.010
 52    46.366 54051.12209754 18.69 124.749336  64.946731  3.418
 53    46.963 54086.12208823 15.46 124.743975  64.955544  2.491
 53    47.060 54086.12208887 15.23 124.741005  64.952444  2.491
 54    46.890 54121.12201290 11.36 124.734358  64.962509  2.265
 54    50.965 54121.12201355 11.20 124.731388  64.959399  2.265
 55    47.622 54156.12204736  8.23 124.747248  64.954876  1.715
 55    47.902 54156.12204800  8.26 124.744284  64.951771  1.955
 55    47.382 54156.12204865  8.74 124.741314  64.948661  1.955
 56    47.477 54191.12201136  7.66 124.736876  64.958766  2.095
 56    47.277 54191.12201200  8.05 124.733906  64.955666  2.095
 57    48.305 54226.12205867 20.36 124.749154  64.953758  5.589
 57    48.632 54226.12205931 21.29 124.746194  64.950648  5.589
 57    49.069 54226.12205996 22.60 124.743224  64.947538  5.589
 58    52.155 54261.12207841 32.39 124.749120  64.954322 24.035
 58    50.830 54261.12207906 30.63 124.746150  64.951212 24.035
 58    51.127 54261.12207970 27.32 124.743180  64.948102 24.035
 59    51.865 54296.12208288 23.78 124.747186  64.954306 18.922
 59    48.826 54296.12208353 23.82 124.744216  64.951196 18.922
 59    48.857 54296.12208417 24.58 124.741256  64.948086 18.922
 60    46.953 54331.12207449 29.21 124.744009  64.955520 26.959
 60    47.085 54331.12207513 27.65 124.741039  64.952410 26.959
 61    49.796 54366.12201740 26.77 124.737318  64.958681 27.771
 61    47.430 54366.12201804 35.48 124.734358  64.955571 27.771
 62    45.871 54401.12201683 41.74 124.747297  64.953774 15.385
 62    45.837 54401.12201747 38.31 124.744330  64.950668  8.899
 62    45.650 54401.12201811 31.46 124.741370  64.947558  8.899
 63    46.319 54436.12197341 18.28 124.741226  64.958799  3.075
 63    46.227 54436.12197406 18.20 124.738256  64.955699  3.075
 64    46.733 54471.12200141 13.84 124.753524  64.950865  2.807
 64    46.920 54471.12200205 13.72 124.750564  64.947755  2.807
 64    46.824 54471.12200270 13.39 124.747594  64.944645  2.807
 65    46.588 54506.12198619 10.77 124.740885  64.959424  2.388
 65    51.418 54506.12198684 10.46 124.737925  64.956324  2.388
 66    52.426 54541.12201561  7.92 124.748805  64.954966  2.010
 66    47.831 54541.12201625  8.22 124.745845  64.951866  2.010
 66    47.867 54541.12201690  8.51 124.742875  64.948756  2.010
 67    47.813 54576.12198785  6.93 124.738689  64.958178  1.978
 67    47.561 54576.12198850  7.34 124.735719  64.955068  1.978
 68    51.098 54611.12200721 46.96 124.747931  64.955198 37.758
 68    51.084 54611.12200786 47.75 124.744961  64.952088 37.758
 68    51.038 54611.12200850 43.54 124.741991  64.948988 37.758
 69    50.894 54646.12201507 22.77 124.745337  64.953550 13.016
 69    48.930 54646.12201572 22.56 124.742367  64.950450 13.016
 70    51.463 54681.12201579 20.31 124.744742  64.955194 14.780
 70    49.685 54681.12201644 20.23 124.741772  64.952084 14.780
 71    50.308 54716.12196464 30.00 124.739496  64.959749 22.684
 71    50.329 54716.12196529 15.52 124.736526  64.956639 22.684
 72    47.106 54751.12198718 23.00 124.751303  64.954034 27.414
 72    47.564 54751.12198782 22.08 124.748343  64.950934 27.414
 72    47.461 54751.12198847 24.53 124.745373  64.947824 27.414
 73    46.210 54786.12195447 22.14 124.742276  64.957914  5.784
 73    46.400 54786.12195512 20.88 124.739316  64.954804  5.784
 74    46.792 54821.12198049 15.17 124.753242  64.954028  2.741
 74    47.076 54821.12198113 15.36 124.750282  64.950928  2.741
 74    47.004 54821.12198178 14.49 124.747312  64.947818  2.741
 75    46.499 54856.12195118 11.97 124.741165  64.954917  2.311
 75    46.586 54856.12195182 11.99 124.738205  64.951817  2.311
 76    46.861 54891.12198411 10.94 124.745176  64.956424  2.191
 76    46.821 54891.12198475 10.61 124.742216  64.953324  2.191
 77    47.077 54926.12194910  8.57 124.736040  64.959665  1.979
 77    46.592 54926.12194975  8.81 124.733070  64.956555  1.979
 78    51.165 54961.12198241 32.96 124.750512  64.954861 33.940
 78    46.828 54961.12198305 34.30 124.747542  64.951761 33.940
 78    46.867 54961.12198370 43.52 124.744572  64.948651 33.940
 78    46.875 54961.12198434 42.06 124.741612  64.945541 33.940
 79    51.647 54996.12200371 22.67 124.746115  64.956920 20.843
 79    50.564 54996.12200435 22.70 124.743145  64.953810 20.843
 79    50.271 54996.12200500 22.10 124.740175  64.950710 20.843
 80    48.429 55031.12199390 54.60 124.745007  64.954640 45.400
 80    48.460 55031.12199454 52.14 124.742047  64.951540 45.400
 81    49.657 55066.12198374 19.41 124.742610  64.954549 13.749
 81    47.597 55066.12198439 20.76 124.739650  64.951439 13.749
 82    47.749 55101.12192467 52.48 124.735279  64.960421 28.043
 82    47.591 55101.12192531 52.78 124.732309  64.957311 28.043
 83    46.557 55136.12192943 29.30 124.750761  64.954353 16.452
 83    46.461 55136.12193008 34.97 124.747801  64.951253 16.452
 83    46.588 55136.12193072 34.57 124.744831  64.948143 16.452
 83    46.575 55136.12193137 32.02 124.741861  64.945033 16.452
 84    46.293 55171.12189190 19.23 124.739687  64.956629  3.734
 84    46.146 55171.12189254 19.41 124.736727  64.953519  3.734
 85    46.564 55206.12192298 15.38 124.751122  64.953736  2.608
 85    47.195 55206.12192362 15.85 124.748162  64.950636  2.608
 85    47.056 55206.12192427 15.62 124.745192  64.947526  2.608
 86    46.872 55241.12189723 12.47 124.739259  64.959593  2.469
 86    46.758 55241.12189787 12.55 124.736289  64.956483  2.469
 87    46.907 55276.12191675 12.25 124.744016  64.955995  2.278
 87    46.919 55276.12191739 12.47 124.741046  64.952895  2.278
 88    46.386 55311.12188179 22.07 124.738473  64.957307  8.440
 88    46.131 55311.12188244 22.60 124.735503  64.954197  8.440
 89    51.085 55346.12188625 52.85 124.745909  64.953952 39.975
 89    51.090 55346.12188689 48.64 124.742939  64.950852 39.975
 90    47.899 55381.12187829 24.72 124.744288  64.957589 18.847
 90    47.929 55381.12187893 26.42 124.741318  64.954479 18.847
 90    48.239 55381.12187958 25.96 124.738348  64.951379 18.847
 91    47.707 55416.12190557 51.10 124.752332  64.953120 28.840
 91    47.676 55416.12190622 52.19 124.749372  64.950020 28.840
 91    47.696 55416.12190686 49.43 124.746402  64.946910 28.840
 92    47.622 55451.12188933 51.15 124.743068  64.957336 33.116
 92    47.756 55451.12188997 52.09 124.740098  64.954226 33.116
 93    45.754 55486.12181299 39.55 124.737333  64.960337 11.762
 93    45.675 55486.12181363 42.25 124.734363  64.957227 11.762
