# NaN NaN NaN ;Mean Elev.(m), Avg Gradient(m/km), RMS Gradient(m/km) - SRTM1     
#   79.377  -4.305   9.362 ;Mean Elev.(m), Avg Gradient(m/km), RMS Gradient(m/km) - ASTER GDEM
#   64.000  -4.279   8.893 ;Mean Elev.(m), Avg Gradient(m/km), RMS Gradient(m/km) - GMTED2010 
  8 130.037544  62.348853    79.957    79.963 10 52512.50946378 41.921
 11 130.022256  62.354652    82.170    82.157  3 52617.50948372 28.097
 13 130.030671  62.350316    82.696    82.625  7 52687.50945500 17.089
 20 130.026182  62.353202    82.175    82.054  5 52932.50956616 44.631
 23 130.027243  62.349958    82.617    82.635  4 53037.50954448 16.184
 25 130.029781  62.350989    83.133    83.108  8 53107.50954525 18.203
 29 130.022849  62.356210    83.573    83.573  2 53247.50959261 37.625
 32 130.030835  62.350814    83.374    83.391  7 53352.50954955 18.335
 34 130.025445  62.353495    83.080    82.871  5 53422.50954406 13.497
 37 130.020858  62.355154    87.793    87.793  2 53527.50961496 34.643
 39 130.030898  62.351460    83.364    83.588  8 53597.50958292 30.745
 42 130.026921  62.352907    82.264    82.231  6 53702.50954662 20.792
 43 130.042747  62.349494    82.725    82.724 11 53737.50945535 18.136
 50 130.026677  62.350794    85.766    85.985  4 53982.50953294 41.406
 52 130.027768  62.349118    83.120    83.117  4 54052.50955513 25.703
 53 130.022150  62.355904    83.424    83.292  3 54087.50954839 19.984
 54 130.037464  62.353550    82.876    82.870  8 54122.50947135 15.068
 56 130.036012  62.348511    82.786    82.797 10 54192.50946982 14.270
 60 130.024925  62.353311    85.460    85.383  5 54332.50953583 22.922
 61 130.035472  62.347265    82.942    82.833 11 54367.50947553 28.263
 63 130.028293  62.350421    82.563    82.487  4 54437.50943518 20.590
 65 130.030318  62.352790    82.848    82.745  8 54507.50944687 15.641
 67 130.035495  62.347231    83.827    84.092 11 54577.50944810 11.999
 70 130.019989  62.355588    84.037    84.037  2 54682.50947774 47.110
 71 130.039887  62.342411    88.312    88.455  8 54717.50942278 27.130
 73 130.026975  62.352521    82.989    83.038  5 54787.50941508 26.173
 75 130.027068  62.353340    82.741    82.735  6 54857.50941130 20.958
 77 130.029726  62.353458    83.294    83.164  6 54927.50940935 15.502
 81 130.032975  62.343320    86.032    86.032  2 55067.50944283 23.128
 82 130.035391  62.347335    84.678    84.642 11 55102.50938283 45.205
 84 130.030329  62.350081    83.355    83.347  7 55172.50935199 23.300
 86 130.031957  62.350258    83.049    82.961  9 55242.50935663 15.383
 87 130.020567  62.354831    84.011    84.011  2 55277.50937973 13.554
 88 130.030306  62.351866    83.850    83.889  7 55312.50934261 19.579
 90 130.022229  62.354289    84.300    84.300  2 55382.50934071 35.678
 92 130.023949  62.356933    84.362    84.370  4 55452.50935091 37.254
 93 130.037792  62.348682    82.814    82.956 11 55487.50927102 44.377
