# NaN NaN NaN ;Mean Elev.(m), Avg Gradient(m/km), RMS Gradient(m/km) - SRTM1     
#   -6.997   2.298  22.856 ;Mean Elev.(m), Avg Gradient(m/km), RMS Gradient(m/km) - ASTER GDEM
#   10.650   2.484  21.940 ;Mean Elev.(m), Avg Gradient(m/km), RMS Gradient(m/km) - GMTED2010 
  7     8.665 52446.49330455 14.10 127.247340  70.637166  3.322
  7     7.608 52446.49330520 13.43 127.242650  70.640126  3.322
  7     7.378 52446.49330584 13.74 127.237965  70.643094  2.873
  7     7.128 52446.49330649 14.06 127.233265  70.646054  2.873
  7     7.067 52446.49330713 13.23 127.228575  70.649024  2.873
  7     6.970 52446.49330778 12.61 127.223875  70.651984  2.873
  7     6.984 52446.49330842 12.22 127.219185  70.654954  2.873
  7     6.974 52446.49330907 11.22 127.214485  70.657914  2.873
  8     7.733 52481.49329658 38.06 127.249276  70.644635  7.586
  8     7.740 52481.49329722 38.33 127.244576  70.647595  7.586
  8     7.550 52481.49329787 39.76 127.239888  70.650562 11.123
  8     7.662 52481.49329851 44.26 127.235188  70.653522 11.123
  8     7.513 52481.49329916 45.69 127.230498  70.656492 11.123
  8     7.608 52481.49329980 42.08 127.225798  70.659452 11.123
 10     4.939 52551.49329570 24.30 127.242224  70.634842  7.695
 10     4.791 52551.49329635 24.65 127.237534  70.637812  7.695
 10     4.540 52551.49329699 26.06 127.232844  70.640772  7.695
 10     4.300 52551.49329764 25.69 127.228154  70.643742  7.695
 10     3.816 52551.49329828 25.52 127.223454  70.646702  7.695
 10     3.565 52551.49329893 25.28 127.218754  70.649662  7.695
 10     4.150 52551.49329957 24.19 127.214062  70.652634  6.845
 10     3.989 52551.49330022 25.90 127.209362  70.655594  6.845
 11    13.096 52586.49327109 11.53 127.257454  70.646374  4.443
 11     7.899 52586.49327174 12.12 127.252764  70.649344  4.443
 11     5.338 52586.49327238 13.59 127.248064  70.652304  4.443
 11     4.673 52586.49327303 14.48 127.243374  70.655274  4.443
 11     4.027 52586.49327367 13.92 127.238674  70.658234  4.443
 11     3.760 52586.49327432 13.61 127.233974  70.661204  4.443
 11     3.676 52586.49327496 12.76 127.229274  70.664164  4.443
 12     8.686 52621.49324638 10.35 127.256614  70.648921  3.687
 12     8.054 52621.49324702  9.84 127.251924  70.651881  3.687
 12     7.806 52621.49324767 10.62 127.247224  70.654851  3.687
 12     9.025 52621.49324831  9.83 127.242534  70.657811  3.687
 12     5.960 52621.49324896 10.31 127.237834  70.660775  4.488
 12     4.646 52621.49324960  9.70 127.233134  70.663745  4.488
 15    40.270 52726.49327632  4.69 127.252705  70.642527  7.278
 15    15.394 52726.49327697  5.85 127.248015  70.645497  7.278
 15    14.246 52726.49327761  3.29 127.243325  70.648457  7.278
 15    13.126 52726.49327826  4.13 127.238625  70.651427  7.278
 15    14.025 52726.49327890  3.78 127.233935  70.654387  7.278
 15    11.436 52726.49327955  2.66 127.229235  70.657357  7.278
 16    11.059 52761.49329253  5.64 127.255351  70.644915  3.168
 16    10.507 52761.49329317  5.59 127.250661  70.647885  3.168
 16     9.849 52761.49329382  5.56 127.245971  70.650845  3.168
 16    10.168 52761.49329446  5.64 127.241277  70.653815  3.133
 16     7.782 52761.49329511  4.94 127.236587  70.656775  3.133
 16     8.278 52761.49329575  4.31 127.231887  70.659745  3.133
 16     5.146 52761.49329639  5.00 127.227187  70.662705  3.133
 18     9.434 52831.49331985 27.38 127.246611  70.639656 12.314
 18     9.409 52831.49332050 23.56 127.241921  70.642616 12.314
 18     9.042 52831.49332114 21.93 127.237221  70.645586 12.314
 18     9.312 52831.49332178 20.17 127.232531  70.648546 12.314
 18    10.009 52831.49332243 19.21 127.227831  70.651516 12.314
 18    10.371 52831.49332307 22.27 127.223131  70.654476 12.314
 18    10.158 52831.49332372 24.02 127.218431  70.657446 12.314
 19     4.993 52866.49336425 37.04 127.250335  70.645838 11.370
 19     4.926 52866.49336489 26.43 127.245635  70.648808 11.370
 19     4.539 52866.49336554 25.45 127.240945  70.651768 11.370
 19     4.456 52866.49336618 25.85 127.236245  70.654738 11.370
 19     4.743 52866.49336683 23.36 127.231545  70.657698 11.370
 19     4.856 52866.49336747 22.28 127.226845  70.660658 11.370
 21     6.021 52936.49333134 26.50 127.259590  70.649824 10.276
 21     5.957 52936.49333199 28.67 127.254890  70.652794 10.276
 21     5.930 52936.49333263 29.38 127.250200  70.655754 10.276
 21     5.963 52936.49333328 30.17 127.245510  70.658714 10.276
 21     5.857 52936.49333392 25.05 127.240810  70.661684 10.276
 21     6.021 52936.49333457 22.51 127.236110  70.664644 10.276
 22     2.495 52971.49335531 18.52 127.248826  70.638803  7.579
 22     2.521 52971.49335595 20.55 127.244136  70.641773  7.579
 22     2.480 52971.49335659 21.81 127.239446  70.644733  7.579
 22     3.417 52971.49335724 20.44 127.234746  70.647703  7.579
 22     3.497 52971.49335788 17.89 127.230056  70.650663  7.579
 22     3.150 52971.49335853 18.00 127.225356  70.653633  7.579
 22     2.505 52971.49335917 16.67 127.220656  70.656593  7.579
 22     1.793 52971.49335982 16.10 127.215956  70.659563  7.579
 23     6.529 53006.49336882 12.86 127.249512  70.641976  5.973
 23     6.261 53006.49336947 13.01 127.244822  70.644936  5.973
 23     6.192 53006.49337011 12.79 127.240132  70.647906  5.973
 23     5.795 53006.49337076 13.17 127.235432  70.650866  5.973
 23     4.765 53006.49337140 16.06 127.230732  70.653836  5.973
 23     4.466 53006.49337205 12.20 127.226042  70.656796  5.973
 23     3.327 53006.49337269 14.83 127.221342  70.659756  5.973
 24     4.188 53041.49332000 11.22 127.245821  70.632419  5.233
 24     4.451 53041.49332064 10.72 127.241131  70.635379  5.233
 24     4.459 53041.49332129 10.79 127.236441  70.638349  5.233
 24     5.239 53041.49332193 11.04 127.231741  70.641309  5.233
 24     4.251 53041.49332258 11.01 127.227051  70.644279  5.233
 24     3.815 53041.49332322 11.76 127.222351  70.647239  5.233
 24     5.019 53041.49332387 11.61 127.217651  70.650209  5.233
 24     2.542 53041.49332451 11.77 127.212951  70.653169  5.233
 24     1.632 53041.49332516 11.88 127.208251  70.656129  5.233
 25     7.235 53076.49335490 10.24 127.250279  70.645580  4.450
 25     6.694 53076.49335555 11.65 127.245589  70.648540  4.450
 25     6.401 53076.49335619 10.07 127.240899  70.651510  4.450
 25     5.860 53076.49335684 10.19 127.236199  70.654470  4.450
 25     5.155 53076.49335748 11.21 127.231509  70.657440  4.450
 25     4.196 53076.49335812 10.13 127.226809  70.660400  4.450
 26     5.138 53111.49332341  7.17 127.241639  70.634035  3.025
 26     6.047 53111.49332405  6.95 127.236949  70.636995  3.025
 26     5.814 53111.49332470  7.44 127.232249  70.639965  3.025
 26     5.584 53111.49332534  7.09 127.227558  70.642924  4.307
 26     4.790 53111.49332599  7.86 127.222858  70.645894  4.307
 26     5.503 53111.49332663  7.44 127.218168  70.648854  4.307
 26     3.492 53111.49332728  8.23 127.213468  70.651824  4.307
 26     2.183 53111.49332792  7.54 127.208768  70.654784  4.307
 27     7.651 53146.49336739 16.46 127.248379  70.640217  7.620
 27     8.417 53146.49336803 17.62 127.243689  70.643177  7.620
 27     9.327 53146.49336868 16.67 127.238999  70.646147  7.620
 27     9.873 53146.49336932 16.23 127.234299  70.649107  7.620
 27    10.273 53146.49336997 16.33 127.229609  70.652077  7.620
 27    10.220 53146.49337061 15.46 127.224909  70.655037  7.620
 27     9.779 53146.49337126 17.40 127.220209  70.657997  7.620
 28    17.067 53181.49337443 10.18 127.252319  70.645571  5.270
 28    19.967 53181.49337507 10.23 127.247629  70.648541  5.270
 28    17.155 53181.49337572  9.54 127.242929  70.651501  5.270
 28    16.576 53181.49337636  8.38 127.238239  70.654471  5.270
 28    15.746 53181.49337701  8.18 127.233539  70.657431  5.270
 28    15.462 53181.49337765  7.61 127.228839  70.660391  5.270
 29     9.568 53216.49339696 20.61 127.251861  70.642713 12.096
 29     5.429 53216.49339761 20.43 127.247171  70.645683 12.096
 29     5.750 53216.49339825 19.63 127.242471  70.648643 12.096
 29     5.429 53216.49339889 20.57 127.237781  70.651613 12.096
 29     6.296 53216.49339954 18.69 127.233081  70.654573 12.096
 29     8.632 53216.49340018 17.76 127.228381  70.657543 12.096
 29     6.627 53216.49340083 18.00 127.223691  70.660503 12.096
 30     6.564 53251.49337610 51.52 127.258398  70.647743 19.043
 30     6.645 53251.49337675 50.27 127.253708  70.650703 19.043
 30     6.613 53251.49337739 43.11 127.249008  70.653673 19.043
 30     6.674 53251.49337804 44.43 127.244318  70.656633 19.043
 30     6.638 53251.49337868 47.93 127.239628  70.659603 19.043
 30     6.579 53251.49337932 49.50 127.234928  70.662563 19.043
 30     6.542 53251.49337997 41.84 127.230228  70.665533 19.043
 31     6.452 53286.49336857 49.87 127.242120  70.634598 22.904
 31     6.174 53286.49336922 50.93 127.237430  70.637568 22.904
 31     6.371 53286.49336986 45.78 127.232730  70.640528 22.904
 31     6.326 53286.49337051 42.49 127.228040  70.643488 22.904
 31     6.290 53286.49337115 46.74 127.223350  70.646458 22.904
 31     6.376 53286.49337180 49.94 127.218650  70.649418 22.904
 31     6.302 53286.49337244 41.10 127.213950  70.652388 22.904
 31     6.128 53286.49337309 30.89 127.209250  70.655348 22.904
 32     6.007 53321.49334612 21.93 127.255595  70.644446  8.224
 32     5.347 53321.49334676 24.25 127.250905  70.647406  8.224
 32     5.225 53321.49334741 23.32 127.246205  70.650376  8.224
 32     4.890 53321.49334805 22.81 127.241515  70.653336  8.224
 32     4.687 53321.49334870 21.76 127.236815  70.656306  8.224
 32     4.462 53321.49334934 20.80 127.232115  70.659266  8.224
 32     4.312 53321.49334999 18.85 127.227415  70.662236  8.224
 33     7.833 53356.49331548 18.58 127.261550  70.650306  6.512
 33     3.623 53356.49331612 20.42 127.256860  70.653266  6.512
 33     6.306 53356.49331677 18.88 127.252160  70.656236  6.512
 33     6.141 53356.49331741 17.70 127.247470  70.659196  6.512
 33     5.486 53356.49331806 16.69 127.242770  70.662166  6.512
 33     4.464 53356.49331870 16.08 127.238070  70.665126  6.512
 34    13.008 53391.49332680  9.69 127.244068  70.636388  4.755
 34    11.143 53391.49332745  9.74 127.239378  70.639358  4.755
 34    10.314 53391.49332809 10.29 127.234688  70.642318  4.755
 34     8.995 53391.49332874 11.42 127.229988  70.645288  4.755
 34     6.461 53391.49332938 12.17 127.225298  70.648248  4.755
 34     5.020 53391.49333003 12.45 127.220598  70.651208  4.755
 34     3.321 53391.49333067 11.48 127.215898  70.654178  4.755
 34     2.744 53391.49333132 11.41 127.211198  70.657138  4.755
 35     8.183 53426.49332486  7.70 127.255075  70.649274  4.161
 35     7.406 53426.49332550  8.56 127.250385  70.652234  4.161
 35     6.730 53426.49332615  9.30 127.245685  70.655204  4.161
 35     6.146 53426.49332679  8.72 127.240995  70.658164  4.161
 35     5.108 53426.49332744  8.66 127.236295  70.661134  4.161
 35     4.340 53426.49332808  7.41 127.231595  70.664094  4.161
 36    10.145 53461.49333551  7.28 127.246235  70.639506  3.612
 36     9.552 53461.49333615  7.28 127.241545  70.642476  3.612
 36     9.623 53461.49333680  6.71 127.236845  70.645436  3.612
 36     6.908 53461.49333744  6.99 127.232155  70.648396  3.612
 36     6.497 53461.49333809  6.85 127.227455  70.651366  3.612
 36     6.412 53461.49333873  6.94 127.222755  70.654326  3.612
 36     5.342 53461.49333938  6.60 127.218055  70.657296  3.612
 37     7.798 53496.49341366 11.07 127.245317  70.639773 13.903
 37     8.765 53496.49341430 11.17 127.240627  70.642743 13.903
 37     9.581 53496.49341495 13.97 127.235937  70.645703 13.903
 37     9.773 53496.49341559 16.52 127.231237  70.648673 13.903
 37    10.376 53496.49341624 17.70 127.226547  70.651633 13.903
 37    10.486 53496.49341688 18.15 127.221847  70.654603 13.903
 37    10.578 53496.49341752 18.15 127.217147  70.657563 13.903
 38    16.861 53531.49339292 10.92 127.256351  70.646287  6.955
 38    15.811 53531.49339357 11.08 127.251661  70.649257  6.955
 38    16.501 53531.49339421 11.01 127.246961  70.652217  6.955
 38    16.403 53531.49339486  9.74 127.242271  70.655187  6.955
 38    16.326 53531.49339550  8.73 127.237571  70.658147  6.955
 38    15.333 53531.49339615  9.04 127.232871  70.661117  6.955
 38    14.480 53531.49339679  8.78 127.228171  70.664077  6.955
 40     7.058 53601.49336159 42.85 127.259310  70.648630 10.194
 40     6.985 53601.49336223 40.47 127.254620  70.651590 10.194
 40     7.250 53601.49336288 41.09 127.249920  70.654560 10.194
 40     6.917 53601.49336352 37.97 127.245230  70.657520 10.194
 40     6.886 53601.49336417 37.71 127.240530  70.660490 10.194
 40     6.993 53601.49336481 37.92 127.235830  70.663450 10.194
 41     8.124 53636.49335686 43.80 127.246993  70.634608 15.486
 41     7.869 53636.49335750 46.21 127.242303  70.637568 15.486
 41     7.950 53636.49335814 34.17 127.237613  70.640538 15.486
 41     8.002 53636.49335879 29.68 127.232923  70.643498 15.486
 41     7.774 53636.49335943 23.34 127.228223  70.646468 15.486
 41     8.139 53636.49336008 23.28 127.223533  70.649428 15.486
 41     8.161 53636.49336072 25.40 127.218833  70.652388 15.486
 41     8.018 53636.49336137 35.87 127.214133  70.655358 15.486
 42     5.601 53671.49337861 31.60 127.248827  70.639749  9.799
 42     5.421 53671.49337926 23.32 127.244137  70.642709  9.799
 42     5.437 53671.49337990 22.42 127.239437  70.645679  9.799
 42     5.482 53671.49338055 22.76 127.234747  70.648639  9.799
 42     5.617 53671.49338119 25.42 127.230047  70.651599  9.799
 42     5.519 53671.49338184 24.18 127.225357  70.654569  9.799
 42     5.472 53671.49338248 20.14 127.220657  70.657529  9.799
 43     7.174 53706.49331214 15.43 127.260859  70.649730  7.640
 43     6.559 53706.49331279 15.94 127.256169  70.652700  7.640
 43     6.213 53706.49331343 16.27 127.251469  70.655660  7.640
 43     5.926 53706.49331408 15.62 127.246779  70.658630  7.640
 43     5.259 53706.49331472 15.56 127.242079  70.661590  7.640
 43     4.104 53706.49331537 17.35 127.237379  70.664560  7.640
 44     8.894 53741.49322525 15.72 127.269713  70.653160 10.467
 44     8.480 53741.49322589 14.88 127.265013  70.656120 10.467
 44     7.751 53741.49322654 15.84 127.260323  70.659090 10.467
 44     6.703 53741.49322718 18.20 127.255623  70.662050 10.467
 44     6.105 53741.49322782 14.70 127.250933  70.665020 10.467
 44     5.106 53741.49322847 13.69 127.246233  70.667980 10.467
 45    10.310 53776.49324749  9.25 127.252168  70.643471  4.718
 45     6.792 53776.49324813  8.53 127.247478  70.646431  4.718
 45     6.325 53776.49324878  8.75 127.242778  70.649401  4.718
 45     5.802 53776.49324942  8.35 127.238078  70.652361  4.718
 45     5.299 53776.49325007  7.28 127.233388  70.655321  4.718
 45     4.272 53776.49325071  7.75 127.228688  70.658291  4.718
 45     3.354 53776.49325136  7.73 127.223988  70.661251  4.718
 46     8.883 53811.49322763  7.47 127.264459  70.651569  4.410
 46     8.211 53811.49322828  7.46 127.259759  70.654539  4.410
 46    11.674 53811.49322892  6.28 127.255069  70.657499  4.410
 46     7.355 53811.49322957  6.53 127.250379  70.660469  4.410
 46     6.122 53811.49323021  6.74 127.245679  70.663429  4.410
 46     6.667 53811.49323086  5.64 127.240979  70.666399  4.410
 47     4.981 53846.49327523  8.32 127.244283  70.638219  4.572
 47     5.324 53846.49327588  5.95 127.239583  70.641189  4.572
 47     5.097 53846.49327652  5.52 127.234893  70.644149  4.572
 47     6.562 53846.49327717  6.41 127.230203  70.647119  4.572
 47     4.304 53846.49327781  5.81 127.225503  70.650079  4.572
 47     3.631 53846.49327846  6.15 127.220803  70.653049  4.572
 47     2.617 53846.49327910  7.18 127.216103  70.656009  4.572
 48     4.943 53881.49329934 32.15 127.248834  70.643780 20.061
 48     4.931 53881.49329999 32.31 127.244144  70.646750 20.061
 48     4.832 53881.49330063 30.70 127.239444  70.649710 20.061
 48     4.862 53881.49330128 32.26 127.234754  70.652680 20.061
 48     4.945 53881.49330192 33.00 127.230054  70.655640 20.061
 48     4.854 53881.49330257 37.79 127.225354  70.658610 20.061
 48     4.501 53881.49330321 39.83 127.220654  70.661570 20.061
 49    13.361 53916.49335910 50.95 127.246166  70.641969 16.226
 49    13.395 53916.49335975 50.20 127.241476  70.644939 16.226
 49    13.428 53916.49336039 51.22 127.236786  70.647899 16.226
 49    13.351 53916.49336104 47.86 127.232086  70.650869 16.226
 49    13.263 53916.49336168 40.25 127.227396  70.653829 16.226
 49    13.149 53916.49336233 40.78 127.222696  70.656789 16.226
 49    13.288 53916.49336297 48.03 127.217996  70.659759 16.226
 50     9.481 53951.49336554 26.52 127.247577  70.642641  7.261
 50     8.869 53951.49336619 23.99 127.242887  70.645611  7.261
 50     6.947 53951.49336683 23.67 127.238197  70.648571  7.261
 50     6.468 53951.49336748 22.39 127.233497  70.651531  7.261
 50    10.414 53951.49336812 22.10 127.228807  70.654501  7.261
 50    10.683 53951.49336876 20.32 127.224107  70.657461  7.261
 50    10.644 53951.49336941 20.04 127.219407  70.660431  7.261
 52     6.986 54021.49334220 46.12 127.244243  70.640327 17.169
 52     6.893 54021.49334284 43.94 127.239543  70.643297 17.169
 52     6.896 54021.49334349 41.11 127.234853  70.646257 17.169
 52     6.937 54021.49334413 40.23 127.230153  70.649227 17.169
 52     6.993 54021.49334478 44.93 127.225453  70.652187 17.169
 52     6.986 54021.49334542 42.00 127.220763  70.655157 17.169
 52     6.756 54021.49334607 31.57 127.216063  70.658117 17.169
 53     7.198 54056.49333421 16.69 127.255527  70.644134  6.813
 53     6.889 54056.49333485 17.64 127.250837  70.647104  6.813
 53     6.331 54056.49333550 18.91 127.246147  70.650064  6.813
 53     5.758 54056.49333614 18.12 127.241447  70.653034  6.813
 53     5.130 54056.49333679 17.12 127.236747  70.655994  6.813
 53     4.265 54056.49333743 17.51 127.232057  70.658964  6.813
 53     3.497 54056.49333808 16.25 127.227357  70.661924  6.813
 54     7.678 54091.49331984 14.03 127.256877  70.649890  5.509
 54     7.088 54091.49332048 14.24 127.252187  70.652860  5.509
 54     6.613 54091.49332113 13.93 127.247497  70.655820  5.509
 54     6.179 54091.49332177 13.24 127.242797  70.658790  5.509
 54     5.102 54091.49332242 13.69 127.238097  70.661750  5.509
 54     4.223 54091.49332306 14.39 127.233407  70.664720  5.509
 55    11.925 54126.49324927  8.51 127.247431  70.634815  4.029
 55    10.942 54126.49324992  8.18 127.242731  70.637775  4.029
 55     9.437 54126.49325056  9.31 127.238041  70.640745  4.029
 55     8.801 54126.49325121  8.91 127.233351  70.643705  4.029
 55     7.768 54126.49325185  8.81 127.228651  70.646675  4.029
 55     6.836 54126.49325249  9.93 127.223951  70.649635  4.029
 55     5.712 54126.49325314  9.23 127.219251  70.652605  4.029
 55     3.515 54126.49325378  9.84 127.214551  70.655565  4.029
 56    10.088 54161.49328713  7.85 127.252248  70.644382  3.919
 56     7.550 54161.49328778  8.21 127.247558  70.647352  3.919
 56     6.833 54161.49328842  7.50 127.242868  70.650312  3.919
 56     9.339 54161.49328907  7.60 127.238168  70.653282  3.919
 56     8.845 54161.49328971  7.33 127.233478  70.656242  3.919
 56     7.922 54161.49329036  6.81 127.228778  70.659202  3.919
 56     3.488 54161.49329100  6.71 127.224078  70.662172  3.919
 57    10.466 54196.49325171  6.41 127.247578  70.637535  3.829
 57     9.686 54196.49325236  6.15 127.242888  70.640495  3.829
 57     8.589 54196.49325300  5.50 127.238198  70.643455  3.829
 57     7.564 54196.49325365  6.42 127.233498  70.646425  3.829
 57     7.404 54196.49325429  6.65 127.228808  70.649385  3.829
 57     6.639 54196.49325494  6.26 127.224108  70.652355  3.829
 57     5.581 54196.49325558  6.90 127.219408  70.655315  3.829
 57     4.726 54196.49325623  6.93 127.214708  70.658285  3.829
 58     7.512 54231.49330012 11.63 127.248653  70.643217 10.516
 58     2.043 54231.49330077 11.95 127.243963  70.646187 10.516
 58     9.913 54231.49330141 11.33 127.239263  70.649157 10.516
 58    10.486 54231.49330206 10.36 127.234573  70.652117 10.516
 58    10.885 54231.49330270 10.30 127.229873  70.655077 10.516
 58    10.518 54231.49330335 15.28 127.225173  70.658047 10.516
 58    10.649 54231.49330399 16.65 127.220473  70.661007 10.516
 60     9.591 54301.49332230 23.07 127.253111  70.643944 10.543
 60     9.351 54301.49332295 19.00 127.248411  70.646904 10.543
 60     9.593 54301.49332359 15.71 127.243721  70.649874 10.543
 60     9.807 54301.49332424 17.29 127.239021  70.652834 10.543
 60    10.063 54301.49332488 16.90 127.234331  70.655794 10.543
 60    10.455 54301.49332552 15.18 127.229631  70.658764 10.543
 60    10.251 54301.49332617 15.71 127.224931  70.661724 10.543
 61     6.847 54336.49331014 48.87 127.256365  70.646030 18.936
 61     6.879 54336.49331078 51.73 127.251675  70.649000 18.936
 61     6.832 54336.49331143 49.10 127.246985  70.651960 18.936
 61     6.783 54336.49331207 48.80 127.242285  70.654930 18.936
 61     6.716 54336.49331272 50.12 127.237595  70.657890 18.936
 61     6.742 54336.49331336 52.87 127.232895  70.660860 18.936
 61     6.714 54336.49331401 47.53 127.228195  70.663820 18.936
 62     9.111 54371.49325405 26.07 127.248099  70.639544 10.902
 62     7.061 54371.49325469 26.51 127.243399  70.642504 10.902
 62     6.900 54371.49325534 28.94 127.238709  70.645474 10.902
 62     7.008 54371.49325598 29.98 127.234009  70.648434 10.902
 62     6.866 54371.49325663 29.69 127.229319  70.651404 10.902
 62     7.190 54371.49325727 30.47 127.224619  70.654364 10.902
 62     7.566 54371.49325792 29.40 127.219919  70.657324 10.902
 63     6.205 54406.49325484 28.69 127.253030  70.645119 10.518
 63     5.985 54406.49325549 19.64 127.248340  70.648089 10.518
 63     6.163 54406.49325613 19.95 127.243650  70.651049 10.518
 63     6.193 54406.49325678 20.71 127.238950  70.654019 10.518
 63     6.025 54406.49325742 21.15 127.234260  70.656979 10.518
 63     6.015 54406.49325807 20.62 127.229560  70.659939 10.518
 63     7.179 54406.49325871 25.39 127.224860  70.662909 10.518
 64    13.461 54441.49321198  8.19 127.244791  70.634475  4.078
 64     5.158 54441.49321262  8.75 127.240101  70.637435  4.078
 64     6.135 54441.49321327  8.56 127.235411  70.640405  4.078
 64     5.369 54441.49321391  8.95 127.230711  70.643365  4.078
 64     8.364 54441.49321456  8.95 127.226021  70.646335  4.078
 64     3.588 54441.49321520  9.13 127.221321  70.649295  4.078
 64     5.205 54441.49321584  8.30 127.216621  70.652255  4.078
 64     2.728 54441.49321649  9.43 127.211921  70.655225  4.078
 65     6.004 54476.49324244 12.78 127.252868  70.642890  4.109
 65     5.974 54476.49324308 13.60 127.248176  70.645856  6.908
 65     5.597 54476.49324373 16.48 127.243476  70.648826  6.908
 65     5.227 54476.49324437 14.79 127.238786  70.651786  6.908
 65     4.641 54476.49324502 12.98 127.234086  70.654746  6.908
 65     3.780 54476.49324566 10.81 127.229386  70.657716  6.908
 65     3.175 54476.49324631  8.93 127.224686  70.660676  6.908
 67     9.278 54546.49325718  7.55 127.253504  70.646151  4.396
 67     7.589 54546.49325783  8.02 127.248804  70.649111  4.396
 67     6.896 54546.49325847  6.74 127.244114  70.652071  4.396
 67     6.345 54546.49325912  5.91 127.239414  70.655041  4.396
 67     5.875 54546.49325976  4.19 127.234724  70.658001  4.396
 67     4.382 54546.49326041  4.37 127.230024  70.660971  4.396
 68     7.476 54581.49322473  9.09 127.251710  70.642660  8.414
 68     7.237 54581.49322538 10.20 127.247020  70.645620  8.414
 68     6.968 54581.49322602  8.17 127.242320  70.648590  8.414
 68     6.520 54581.49322666  8.33 127.237630  70.651550  8.414
 68     5.640 54581.49322731 11.58 127.232930  70.654520  8.414
 68     4.807 54581.49322795  9.34 127.228230  70.657480  8.414
 68     3.982 54581.49322860  6.24 127.223530  70.660450  8.414
 69   136.293 54616.49324601  5.49 127.253852  70.643141  2.577
 69   130.338 54616.49324730  5.33 127.244472  70.649071  2.577
 69   125.584 54616.49324795  6.29 127.239772  70.652031  2.577
 69   122.222 54616.49324859  6.28 127.235082  70.655001  2.577
 70    11.563 54651.49325893 21.88 127.249301  70.643181  8.367
 70    11.476 54651.49325958 16.79 127.244601  70.646151  8.367
 70    10.513 54651.49326022 15.85 127.239911  70.649111  8.367
 70    10.220 54651.49326087 15.92 127.235211  70.652081  8.367
 70    10.287 54651.49326151 14.84 127.230521  70.655041  8.367
 70    10.558 54651.49326216 13.38 127.225821  70.658001  8.367
 70    10.551 54651.49326280 15.63 127.221121  70.660971  8.367
 71     6.523 54686.49325125 22.34 127.256556  70.645991 12.366
 71     7.135 54686.49325189 21.12 127.251856  70.648961 12.366
 71     6.663 54686.49325254 20.83 127.247166  70.651921 12.366
 71     6.506 54686.49325318 20.57 127.242476  70.654891 12.366
 71     6.854 54686.49325383 23.16 127.237776  70.657851 12.366
 71     6.917 54686.49325447 32.34 127.233076  70.660821 12.366
 71     7.772 54686.49325511 32.95 127.228376  70.663781 12.366
 72     9.306 54721.49320360 18.23 127.244606  70.636959  6.279
 72     9.228 54721.49320424 16.43 127.239916  70.639919  6.279
 72     9.172 54721.49320489 14.64 127.235216  70.642889  6.279
 72     9.175 54721.49320553 14.96 127.230526  70.645849  6.279
 72     9.205 54721.49320618 13.19 127.225826  70.648809  6.279
 72     9.336 54721.49320682 12.82 127.221126  70.651779  6.279
 72     9.495 54721.49320747 11.85 127.216426  70.654739  6.279
 72     9.515 54721.49320811 11.44 127.211726  70.657709  6.279
 73     5.533 54756.49322598 45.83 127.250658  70.644748 19.928
 73     5.616 54756.49322662 42.32 127.245968  70.647718 19.928
 73     5.501 54756.49322727 40.04 127.241268  70.650678 19.928
 73     5.581 54756.49322791 38.64 127.236578  70.653648 19.928
 73     5.766 54756.49322856 44.09 127.231878  70.656608 19.928
 73     5.680 54756.49322920 44.77 127.227178  70.659568 19.928
 74     6.719 54791.49319670 14.91 127.244552  70.635414  7.295
 74     4.379 54791.49319735 16.21 127.239862  70.638374  7.295
 74     4.502 54791.49319799 17.02 127.235172  70.641344  7.295
 74     4.098 54791.49319864 18.12 127.230472  70.644304  7.295
 74     4.008 54791.49319928 18.05 127.225782  70.647264  7.295
 74     4.024 54791.49319993 16.88 127.221082  70.650234  7.295
 74     4.149 54791.49320057 17.27 127.216382  70.653194  7.295
 74     4.051 54791.49320122 15.77 127.211682  70.656164  7.295
 75    10.998 54826.49322260  9.16 127.250034  70.641684  4.421
 75     6.416 54826.49322325 10.04 127.245334  70.644654  4.421
 75     6.159 54826.49322389 11.05 127.240644  70.647614  4.421
 75     5.534 54826.49322454 10.44 127.235944  70.650574  4.421
 75     4.755 54826.49322518 11.24 127.231254  70.653544  4.421
 75     3.853 54826.49322582 12.36 127.226554  70.656504  4.421
 75     3.562 54826.49322647  9.92 127.221854  70.659474  4.421
 76     7.026 54861.49319055  8.15 127.247962  70.636832  4.356
 76     6.793 54861.49319119  8.13 127.243272  70.639802  4.356
 76     6.035 54861.49319184  8.92 127.238572  70.642762  4.356
 76     5.488 54861.49319248  9.07 127.233882  70.645732  4.356
 76     4.938 54861.49319313  8.75 127.229182  70.648692  4.356
 76     4.153 54861.49319377  8.48 127.224482  70.651662  4.356
 76     3.911 54861.49319442  8.27 127.219792  70.654622  4.356
 76     3.908 54861.49319506  7.45 127.215092  70.657582  4.356
 78     7.196 54931.49318764  5.75 127.248531  70.637313  3.497
 78     6.910 54931.49318828  4.97 127.243841  70.640283  3.497
 78     6.723 54931.49318893  4.43 127.239151  70.643243  3.497
 78     9.170 54931.49318957  4.45 127.234451  70.646213  3.497
 78     6.057 54931.49319022  5.21 127.229761  70.649173  3.497
 78     5.462 54931.49319086  5.25 127.225061  70.652133  3.497
 78     4.747 54931.49319151  4.95 127.220361  70.655103  3.497
 78     6.650 54931.49319215  3.94 127.215661  70.658063  3.497
 79    11.193 54966.49322420 14.32 127.251529  70.643441 14.274
 79    10.751 54966.49322484 14.53 127.246829  70.646401 14.274
 79    10.641 54966.49322549 15.17 127.242139  70.649371 14.274
 79     6.471 54966.49322613 18.92 127.237439  70.652331 14.274
 79     6.927 54966.49322678 21.03 127.232749  70.655301 14.274
 79     7.207 54966.49322742 25.73 127.228049  70.658261 14.274
 79     6.817 54966.49322807 27.28 127.223349  70.661231 14.274
 80    14.527 55001.49324411 12.80 127.249261  70.643145  4.430
 80    14.254 55001.49324475 14.81 127.244571  70.646115  4.430
 80    13.884 55001.49324540 12.77 127.239881  70.649075  4.430
 80    14.072 55001.49324604 10.13 127.235181  70.652045  4.430
 80    14.113 55001.49324669  9.17 127.230491  70.655005  4.430
 80    14.195 55001.49324733  8.07 127.225791  70.657965  4.430
 80    13.964 55001.49324798  7.98 127.221091  70.660935  4.430
 81     7.899 55036.49323018 22.67 127.251695  70.643730  8.306
 81     7.701 55036.49323082 19.50 127.247006  70.646697  5.238
 81     7.494 55036.49323147 17.45 127.242306  70.649657  5.238
 81     7.140 55036.49323211 16.59 127.237616  70.652627  5.238
 81     7.342 55036.49323276 12.79 127.232916  70.655587  5.238
 81     7.293 55036.49323340 15.10 127.228216  70.658557  5.238
 81     7.535 55036.49323405 11.49 127.223516  70.661517  5.238
 82     6.436 55071.49321860 33.38 127.257724  70.646657  8.110
 82     6.440 55071.49321925 34.13 127.253034  70.649617  8.110
 82     6.289 55071.49321989 34.60 127.248344  70.652577  8.110
 82     6.259 55071.49322053 35.60 127.243644  70.655547  8.110
 82     6.277 55071.49322118 34.41 127.238954  70.658507  8.110
 82     6.489 55071.49322182 33.25 127.234254  70.661477  8.110
 82     6.442 55071.49322247 38.73 127.229554  70.664437  8.110
 83     7.169 55106.49316094 31.25 127.247260  70.635872 11.516
 83     6.478 55106.49316159 26.43 127.242570  70.638832 11.516
 83     5.395 55106.49316223 25.67 127.237880  70.641802 11.516
 83     4.918 55106.49316287 26.28 127.233180  70.644762 11.516
 83     4.282 55106.49316352 24.33 127.228490  70.647732 11.516
 83     3.638 55106.49316416 23.69 127.223790  70.650692 11.516
 83     2.984 55106.49316481 20.66 127.219090  70.653652 11.516
 83     2.261 55106.49316545 19.13 127.214390  70.656622 11.516
 84     6.073 55141.49316811 22.43 127.253995  70.643945  8.159
 84     5.759 55141.49316875 23.02 127.249305  70.646915  8.159
 84     5.660 55141.49316940 23.04 127.244605  70.649875  8.159
 84     5.735 55141.49317004 22.41 127.239915  70.652845  8.159
 84     5.805 55141.49317069 22.92 127.235215  70.655805  8.159
 84     5.860 55141.49317133 22.47 127.230515  70.658775  8.159
 84     5.841 55141.49317198 21.48 127.225825  70.661735  8.159
 85     7.037 55176.49313054 12.05 127.244241  70.636317  7.332
 85     6.101 55176.49313118 12.77 127.239541  70.639287  7.332
 85     4.459 55176.49313183 12.58 127.234851  70.642247  7.332
 85     4.262 55176.49313247 13.70 127.230161  70.645207  7.332
 85     3.664 55176.49313311 14.56 127.225461  70.648177  7.332
 85     3.253 55176.49313376 14.43 127.220761  70.651137  7.332
 85     2.818 55176.49313440 14.20 127.216061  70.654107  7.332
 85     2.462 55176.49313505 13.04 127.211361  70.657067  7.332
 86     6.736 55211.49316286  9.25 127.249996  70.643911  4.800
 86     6.307 55211.49316351  9.59 127.245306  70.646881  4.800
 86     5.701 55211.49316415  9.54 127.240606  70.649841  4.800
 86     5.096 55211.49316480 10.33 127.235906  70.652811  4.800
 86     4.484 55211.49316544 10.69 127.231216  70.655771  4.800
 86     3.745 55211.49316608 10.05 127.226516  70.658731  4.800
 86     3.449 55211.49316673  9.12 127.221816  70.661701  4.800
 87     7.225 55246.49313470  6.76 127.248039  70.638785  4.803
 87     8.837 55246.49313535  6.63 127.243349  70.641755  4.803
 87     5.712 55246.49313599  8.05 127.238659  70.644715  4.803
 87     5.186 55246.49313664  8.52 127.233959  70.647685  4.803
 87     4.654 55246.49313728  9.16 127.229269  70.650645  4.803
 87     3.983 55246.49313793  7.71 127.224569  70.653605  4.803
 87     3.361 55246.49313857  7.34 127.219869  70.656575  4.803
 88     6.914 55281.49315651  7.95 127.256585  70.644068  5.025
 88     6.807 55281.49315715  9.90 127.251895  70.647028  5.025
 88     6.378 55281.49315780  8.81 127.247205  70.649998  5.025
 88     5.886 55281.49315844  8.33 127.242505  70.652958  5.025
 88     5.236 55281.49315908  7.37 127.237815  70.655928  5.025
 88     4.323 55281.49315973  7.76 127.233115  70.658888  5.025
 88     3.518 55281.49316037  6.99 127.228415  70.661858  5.025
 90    19.144 55351.49312848 34.94 127.256602  70.644409 10.123
 90    18.833 55351.49312912 31.21 127.251912  70.647369 10.123
 90    18.635 55351.49312977 30.61 127.247222  70.650339 10.123
 90    18.365 55351.49313041 30.52 127.242522  70.653299 10.123
 90    18.607 55351.49313106 27.15 127.237832  70.656269 10.123
 90    18.745 55351.49313170 25.68 127.233132  70.659229 10.123
 90    18.861 55351.49313234 26.74 127.228432  70.662199 10.123
 91     8.747 55386.49312274 25.97 127.245364  70.637730 11.348
 91     8.645 55386.49312338 21.99 127.240674  70.640700 11.348
 91     8.402 55386.49312403 19.58 127.235984  70.643670 11.348
 91     8.304 55386.49312467 15.42 127.231284  70.646630 11.348
 91     8.015 55386.49312532 14.67 127.226594  70.649590 11.348
 91     8.622 55386.49312596 12.21 127.221894  70.652560 11.348
 91     8.227 55386.49312660 12.18 127.217194  70.655520 11.348
 92     5.828 55421.49314680 40.35 127.251916  70.644269 12.787
 92     5.914 55421.49314744 38.17 127.247226  70.647229 12.787
 92     5.854 55421.49314809 34.20 127.242526  70.650199 12.787
 92     5.854 55421.49314873 35.98 127.237836  70.653169 12.787
 92     5.777 55421.49314938 41.39 127.233136  70.656129 12.787
 92     5.896 55421.49315002 38.29 127.228436  70.659089 12.787
 92     5.841 55421.49315067 39.64 127.223736  70.662059 12.787
 93    10.808 55456.49312190 22.56 127.258710  70.647126  3.976
 93     7.763 55456.49312255 20.16 127.254020  70.650096  3.976
 93     7.053 55456.49312319 18.82 127.249320  70.653056  3.976
 93     6.545 55456.49312384 18.15 127.244630  70.656026  3.976
 93     6.558 55456.49312448 16.78 127.239930  70.658986  3.976
 93     6.617 55456.49312513 15.62 127.235230  70.661956  3.976
 93     6.604 55456.49312577 14.87 127.230530  70.664916  3.976
