# NaN NaN NaN ;Mean Elev.(m), Avg Gradient(m/km), RMS Gradient(m/km) - SRTM1     
#   29.018  -1.000   3.292 ;Mean Elev.(m), Avg Gradient(m/km), RMS Gradient(m/km) - ASTER GDEM
#   25.000  -1.239   6.143 ;Mean Elev.(m), Avg Gradient(m/km), RMS Gradient(m/km) - GMTED2010 
  6 124.723439  64.939780    49.812    49.812  2 52441.12206581 51.673
  7 124.726539  64.937938    48.261    48.267  3 52476.12206287 49.395
  8 124.727532  64.936443    48.433    48.433  2 52511.12201551 25.434
  9 124.737504  64.930880    46.888    46.888  2 52546.12203694 53.534
 10 124.729289  64.932920    48.432    48.432  2 52581.12205902 22.992
 12 124.735614  64.930312    49.369    49.369  2 52651.12200614 15.515
 13 124.725438  64.936627    47.082    47.145  3 52686.12199548 14.068
 15 124.719684  64.947358    47.482    47.482  2 52756.12206689 10.717
 19 124.725074  64.937129    47.442    47.442  2 52896.12216319 48.767
 22 124.724324  64.939745    48.855    48.862  3 53001.12213801 11.988
 25 124.720422  64.947252    46.867    46.867  2 53106.12208707  7.597
 26 124.733715  64.932046    46.003    46.003  2 53141.12211690 32.888
 28 124.727366  64.937693    50.171    50.076  3 53211.12216503 22.882
 29 124.725463  64.937478    47.518    47.518  2 53246.12213331 25.055
 30 124.737122  64.933030    51.277    51.277  2 53281.12211891 24.610
 31 124.731572  64.933272    47.136    47.136  2 53316.12213099 25.647
 33 124.736731  64.931055    49.691    49.691  2 53386.12208150 10.122
 34 124.733542  64.933051    49.978    49.978  2 53421.12208476  9.585
 36 124.725978  64.937307    47.944    47.937  3 53491.12217486 23.173
 37 124.732185  64.933996    49.405    49.405  2 53526.12215791 52.373
 38 124.724420  64.942410    48.665    48.665  2 53561.12218498 39.374
 39 124.726598  64.937340    47.309    47.309  2 53596.12212461 46.703
 40 124.735970  64.930887    48.158    48.158  2 53631.12211964 51.977
 41 124.726883  64.935870    45.825    45.825  2 53666.12214209 27.555
 42 124.725501  64.934117    50.135    50.135  2 53701.12209357 14.215
 43 124.724169  64.943217    48.527    48.527  2 53736.12200222 12.913
 44 124.736313  64.931976    48.820    48.820  2 53771.12200774 11.291
 45 124.723645  64.936883    50.075    50.081  3 53806.12199875  9.652
 48 124.725941  64.934232    50.686    50.686  2 53911.12211522 25.403
 49 124.724130  64.942715    48.061    48.061  2 53946.12213210 24.021
 52 124.735996  64.932746    50.167    50.167  2 54051.12210044 16.711
 53 124.726185  64.936906    48.432    49.172  3 54086.12209210 14.664
 55 124.727974  64.934676    49.515    49.515  2 54156.12205155  8.850
 57 124.729879  64.933563    48.152    48.152  2 54226.12206286 18.050
 58 124.729840  64.934122    51.357    51.357  2 54261.12208260 28.281
 59 124.727916  64.934111    50.649    50.649  2 54296.12208707 22.276
 60 124.726219  64.936873    47.161    47.265  3 54331.12207836 33.214
 62 124.728030  64.933573    47.809    47.809  2 54401.12202102 21.753
 63 124.724917  64.941714    45.299    45.299  2 54436.12197696 17.862
 64 124.734254  64.930665    47.692    47.692  2 54471.12200560 14.313
 65 124.724580  64.942339    47.003    47.003  2 54506.12198974 10.979
 67 124.722379  64.941088    48.624    48.624  2 54576.12199140  7.450
 68 124.728651  64.935003    51.140    51.140  2 54611.12201140 48.658
 70 124.726945  64.936554    50.189    50.070  3 54681.12201966 21.606
 71 124.723186  64.942654    49.307    49.307  2 54716.12196819 21.669
 72 124.732028  64.933844    47.315    47.315  2 54751.12199137 47.976
 73 124.724489  64.939274    46.604    46.533  3 54786.12195834 19.083
 75 124.724860  64.937832    47.163    47.163  2 54856.12195472 11.710
 76 124.727386  64.937787    47.112    47.006  3 54891.12198797 10.347
 79 124.726835  64.936725    50.706    50.706  2 54996.12200790 25.419
 80 124.727217  64.936003    48.542    48.539  3 55031.12199776 54.173
 81 124.726305  64.937464    49.702    49.702  2 55066.12198729 19.759
 84 124.723387  64.939544    47.292    47.292  2 55171.12189544 18.953
 85 124.731847  64.933546    50.210    50.210  2 55206.12192717 15.951
 86 124.722949  64.942503    47.250    47.250  2 55241.12190077 12.883
 87 124.726226  64.937358    47.641    47.443  3 55276.12192061 11.835
 89 124.726639  64.933757    51.227    51.227  2 55346.12189044 51.777
 90 124.725008  64.937394    50.048    50.048  2 55381.12188248 19.277
 91 124.733057  64.932930    47.721    47.721  2 55416.12190976 51.495
 92 124.725278  64.938693    47.725    47.715  3 55451.12189320 46.646
