# NaN NaN NaN ;Mean Elev.(m), Avg Gradient(m/km), RMS Gradient(m/km) - SRTM1     
#   97.063  -6.816  15.740 ;Mean Elev.(m), Avg Gradient(m/km), RMS Gradient(m/km) - ASTER GDEM
#   89.865  -7.641  17.242 ;Mean Elev.(m), Avg Gradient(m/km), RMS Gradient(m/km) - GMTED2010 
  8   101.014 52499.10685512 15.96 127.277260  61.123328 12.633
  8   107.915 52499.10685577 25.52 127.274930  61.120168 12.633
  8   106.522 52499.10685641 33.48 127.272590  61.117008 12.633
  8   101.087 52499.10685706 35.32 127.270260  61.113858 12.633
  8   101.762 52499.10685770 44.08 127.267930  61.110698 12.633
  8   101.917 52499.10685835 43.89 127.265590  61.107538 12.633
  8   100.794 52499.10685899 43.27 127.263260  61.104378 12.633
  8   100.953 52499.10686028 45.00 127.258600  61.098058 12.633
  8   101.283 52499.10686092 44.27 127.256270  61.094898 12.633
 10   120.212 52569.10687304  8.62 127.279864  61.112743  6.972
 10   119.805 52569.10687368 13.77 127.277524  61.109583  6.972
 10   119.323 52569.10687433 17.26 127.275194  61.106433  6.972
 10   119.020 52569.10687497 16.47 127.272864  61.103273  6.972
 10    98.192 52569.10687626 30.65 127.268194  61.096953  6.972
 10    98.891 52569.10687691 29.22 127.265864  61.093793  6.972
 10    99.943 52569.10687755 38.98 127.263534  61.090633  6.972
 10   100.088 52569.10687820 42.00 127.261194  61.087483  6.972
 10    95.798 52569.10687884 43.24 127.258863  61.084323  7.751
 11   101.484 52604.10685768 16.48 127.272315  61.121656  9.379
 11   100.798 52604.10685832 17.34 127.269985  61.118506  9.379
 11   100.445 52604.10685897 18.33 127.267649  61.115348  8.149
 11   101.081 52604.10685961 18.50 127.265319  61.112188  8.149
 11   100.447 52604.10686026 18.63 127.262979  61.109028  8.149
 11   101.096 52604.10686090 17.84 127.260649  61.105868  8.149
 11   100.555 52604.10686155 18.52 127.258319  61.102708  8.149
 11   100.471 52604.10686219 18.10 127.255989  61.099548  8.149
 11    99.443 52604.10686284 18.79 127.253659  61.096388  8.149
 11   100.192 52604.10686348 17.38 127.251329  61.093238  8.149
 11   100.155 52604.10686413 17.00 127.248989  61.090078  8.149
 11    99.948 52604.10686477 16.25 127.246659  61.086918  8.149
 11    99.294 52604.10686542 16.42 127.244329  61.083758  8.149
 13    98.743 52674.10684110  7.33 127.249331  61.085423  5.187
 13    98.588 52674.10684174  9.68 127.247001  61.082263  5.187
 14    98.547 52709.10685258  6.99 127.266642  61.093589  5.044
 14    98.401 52709.10685322  8.36 127.264312  61.090429  5.044
 14    98.561 52709.10685387  9.62 127.261982  61.087279  5.044
 14    98.477 52709.10685451  8.62 127.259652  61.084119  5.044
 15   101.326 52744.10687658 12.09 127.271304  61.122402 11.568
 15   102.008 52744.10687723 12.67 127.268964  61.119242 11.568
 15   101.125 52744.10687787 14.10 127.266634  61.116082 11.568
 15   101.391 52744.10687851 14.24 127.264294  61.112932 11.568
 15   101.504 52744.10687916 14.95 127.261964  61.109772 11.568
 15   101.340 52744.10687980 16.27 127.259634  61.106612 11.568
 15   102.085 52744.10688045 16.59 127.257294  61.103452 11.568
 15   101.443 52744.10688109 15.19 127.254964  61.100292 11.568
 15   100.565 52744.10688174 15.34 127.252634  61.097132 11.568
 15    99.801 52744.10688238 13.91 127.250304  61.093982 11.568
 15    98.251 52744.10688303 12.32 127.247974  61.090822 11.568
 15    98.185 52744.10688367 13.14 127.245644  61.087662 11.568
 15    98.369 52744.10688432 12.74 127.243314  61.084502 11.568
 15    97.324 52744.10688496 11.73 127.240984  61.081342 11.568
 17   131.359 52814.10689552  3.06 127.289868  61.122867  5.950
 17   122.356 52814.10689617  8.46 127.287528  61.119707  5.950
 17   124.947 52814.10689681  9.40 127.285188  61.116547  5.950
 17   122.384 52814.10689746 10.60 127.282858  61.113387  5.950
 17   101.488 52814.10689875 31.04 127.278188  61.107077  5.950
 17   102.589 52814.10689939 32.18 127.275848  61.103917  5.950
 17   101.822 52814.10690003 33.47 127.273518  61.100757  5.950
 17   102.424 52814.10690068 32.97 127.271178  61.097597  5.950
 17   102.191 52814.10690132 32.84 127.268848  61.094437  5.950
 18   153.682 52849.10694852  1.87 127.290105  61.123067  7.829
 18   155.209 52849.10694917  2.08 127.287765  61.119907  7.829
 18   124.192 52849.10694981  2.09 127.285425  61.116747  7.829
 18   111.618 52849.10695045  7.79 127.283095  61.113587  7.829
 18   100.117 52849.10695110 17.74 127.280755  61.110427  7.829
 18   100.025 52849.10695174 19.71 127.278425  61.107267  7.829
 18   100.926 52849.10695239 20.41 127.276085  61.104117  7.829
 18   100.989 52849.10695303 27.07 127.273755  61.100957  7.829
 18    99.402 52849.10695368 36.38 127.271425  61.097797  7.829
 18    97.126 52849.10695432 34.28 127.269085  61.094637  7.829
 18   100.278 52849.10695497 23.86 127.266755  61.091477  7.829
 19   140.154 52884.10698619  2.37 127.272096  61.114887  5.231
 19   102.243 52884.10698748 15.76 127.267426  61.108567  5.231
 19   101.106 52884.10698812 18.11 127.265096  61.105417  5.231
 19   101.624 52884.10698876 16.44 127.262766  61.102257  5.231
 19   101.569 52884.10698941 16.57 127.260436  61.099097  5.231
 19   100.738 52884.10699005 20.51 127.258096  61.095937  5.231
 19   101.455 52884.10699070 16.85 127.255766  61.092777  5.231
 19   101.501 52884.10699134 16.07 127.253436  61.089617  5.231
 20   120.140 52919.10694343  8.02 127.267156  61.111309  5.659
 20   120.559 52919.10694408  3.75 127.264826  61.108149  5.659
 20   118.649 52919.10694472  3.73 127.262496  61.104999  5.659
 20   100.461 52919.10694601 21.78 127.257836  61.098679  5.659
 20    99.644 52919.10694665 23.63 127.255496  61.095519  5.659
 20    99.224 52919.10694730 27.57 127.253166  61.092359  5.659
 20    99.696 52919.10694794 19.25 127.250836  61.089199  5.659
 20   100.361 52919.10694859 20.01 127.248506  61.086039  5.659
 21    98.507 52954.10690924 14.29 127.277103  61.094811  3.453
 21    98.268 52954.10690989 18.55 127.274773  61.091651  3.453
 21    97.456 52954.10691053 20.60 127.272443  61.088491  3.453
 21    97.991 52954.10691117 18.94 127.270113  61.085341  3.453
 22    99.017 52989.10691683  9.80 127.274755  61.098119  3.040
 22    98.521 52989.10691748 15.06 127.272415  61.094959  3.040
 22    98.257 52989.10691812 16.78 127.270085  61.091799  3.040
 22    98.921 52989.10691877 15.86 127.267755  61.088639  3.040
 22    99.266 52989.10691941 14.69 127.265425  61.085479  3.040
 24    98.455 53059.10689963  8.24 127.270970  61.091590  4.308
 24    98.346 53059.10690027 10.29 127.268630  61.088430  4.308
 24    98.562 53059.10690092 10.97 127.266300  61.085270  4.308
 25   100.203 53094.10693256  7.30 127.263669  61.119743  7.283
 25   100.412 53094.10693321  7.94 127.261339  61.116583  7.283
 25   100.003 53094.10693385  7.79 127.259009  61.113423  7.283
 25    99.979 53094.10693450  8.93 127.256669  61.110263  7.283
 25    99.697 53094.10693514  8.84 127.254339  61.107103  7.283
 25    99.686 53094.10693578  9.89 127.252009  61.103943  7.283
 25   100.093 53094.10693643  9.21 127.249679  61.100793  7.283
 25   100.256 53094.10693707  9.01 127.247349  61.097633  7.283
 25    99.864 53094.10693772  9.14 127.245019  61.094473  7.283
 25   100.134 53094.10693836  8.52 127.242679  61.091313  7.283
 25    99.523 53094.10693901  8.76 127.240349  61.088153  7.283
 25    99.515 53094.10693965  7.89 127.238029  61.084993  7.283
 25    99.656 53094.10694030  7.48 127.235699  61.081833  7.283
 26   103.610 53129.10690267  6.33 127.294248  61.122620  6.002
 26   105.904 53129.10690332  6.43 127.291905  61.119456  7.878
 26   105.080 53129.10690396  8.64 127.289575  61.116306  7.878
 26   104.755 53129.10690461 10.88 127.287235  61.113146  7.878
 26   104.240 53129.10690525  6.83 127.284905  61.109986  7.878
 26   104.428 53129.10690590  5.07 127.282565  61.106826  7.878
 26   103.619 53129.10690654  5.76 127.280235  61.103666  7.878
 26   102.124 53129.10690719  5.98 127.277895  61.100506  7.878
 26   101.496 53129.10690783  6.19 127.275565  61.097356  7.878
 26   100.679 53129.10690848  5.84 127.273235  61.094196  7.878
 26    99.942 53129.10690912  5.62 127.270905  61.091036  7.878
 26    99.318 53129.10690977  4.69 127.268565  61.087876  7.878
 26    98.241 53129.10691041  4.66 127.266235  61.084716  7.878
 28   122.457 53199.10697255  1.56 127.280654  61.118799  9.620
 28   106.196 53199.10697320 16.39 127.278314  61.115639  9.620
 28   109.536 53199.10697384 23.51 127.275984  61.112479  9.620
 28   102.485 53199.10697449 16.15 127.273654  61.109319  9.620
 28   102.086 53199.10697513 13.95 127.271314  61.106169  9.620
 28   103.017 53199.10697578 14.47 127.268984  61.103009  9.620
 28   102.559 53199.10697642 17.42 127.266654  61.099849  9.620
 28   103.100 53199.10697707 19.17 127.264314  61.096689  9.620
 28   102.746 53199.10697771 19.96 127.261984  61.093529  9.620
 28   101.424 53199.10697836 17.21 127.259654  61.090369  9.620
 28   101.629 53199.10697900 14.03 127.257324  61.087219  9.620
 28   101.053 53199.10697965 11.99 127.254994  61.084059  9.620
 29   102.061 53234.10694528 13.83 127.273900  61.105959  4.552
 29   102.051 53234.10694593 15.74 127.271570  61.102799  4.552
 29   102.399 53234.10694657 16.87 127.269240  61.099649  4.552
 29   102.831 53234.10694721 19.22 127.266910  61.096489  4.552
 29   102.017 53234.10694786 26.91 127.264580  61.093329  4.552
 29    98.945 53234.10694850 23.74 127.262250  61.090169  4.552
 30   125.796 53269.10691022  2.38 127.263931  61.119189  5.463
 30   160.672 53269.10691086  1.86 127.261591  61.116029  5.463
 30   124.019 53269.10691151  7.54 127.259261  61.112869  5.463
 30   100.567 53269.10691344 18.26 127.252271  61.103399  5.463
 30   101.330 53269.10691409 17.71 127.249941  61.100239  5.463
 30   101.432 53269.10691473 18.17 127.247601  61.097079  5.463
 30   101.145 53269.10691538 18.38 127.245271  61.093919  5.463
 30   100.855 53269.10691602 16.03 127.242951  61.090759  5.463
 30   101.262 53269.10691667 14.36 127.240621  61.087599  5.463
 31   131.853 53304.10696995  8.35 127.279685  61.120895  9.902
 31   133.106 53304.10697060  8.91 127.277345  61.117735  9.902
 31   120.508 53304.10697253 13.86 127.270345  61.108255  9.902
 31   121.363 53304.10697317 16.66 127.268015  61.105105  9.902
 31    99.912 53304.10697446 34.82 127.263345  61.098785  9.902
 31    99.907 53304.10697511 34.01 127.261015  61.095625  9.902
 31   100.390 53304.10697575 37.86 127.258675  61.092465  9.902
 31   100.864 53304.10697640 43.52 127.256345  61.089305  9.902
 31   101.267 53304.10697704 42.74 127.254015  61.086145  9.902
 31   100.255 53304.10697769 42.98 127.251685  61.082995  9.902
 32   100.313 53339.10693969 12.29 127.273383  61.117820  3.529
 32   100.918 53339.10694034 13.60 127.271053  61.114660  3.529
 32   100.278 53339.10694098 14.71 127.268723  61.111500  3.529
 32   100.947 53339.10694163 14.51 127.266383  61.108340  3.529
 32   100.213 53339.10694227 15.06 127.264053  61.105180  3.529
 32   100.464 53339.10694292 14.41 127.261723  61.102030  3.529
 32   100.214 53339.10694356 13.63 127.259393  61.098870  3.529
 33    99.704 53374.10687646 11.25 127.252515  61.096086  3.704
 33    99.546 53374.10687711 11.53 127.250185  61.092926  3.704
 33    99.780 53374.10687775 10.94 127.247855  61.089766  3.704
 33    99.714 53374.10687840 10.05 127.245525  61.086606  3.704
 33   100.027 53374.10687904  9.31 127.243205  61.083446  3.704
 35    99.087 53444.10689655  8.59 127.268241  61.121712  7.384
 35    99.663 53444.10689720  7.71 127.265911  61.118552  7.384
 35   100.694 53444.10689784  8.15 127.263571  61.115392  7.384
 35   100.670 53444.10689849  8.84 127.261241  61.112232  7.384
 35   100.505 53444.10689913  9.00 127.258911  61.109072  7.384
 35   100.427 53444.10689977  9.32 127.256581  61.105912  7.384
 35   100.156 53444.10690042  9.01 127.254251  61.102762  7.384
 35   100.182 53444.10690106  9.43 127.251921  61.099602  7.384
 35   100.346 53444.10690171  8.33 127.249591  61.096442  7.384
 35   100.563 53444.10690235  8.09 127.247251  61.093282  7.384
 35   100.456 53444.10690300  7.73 127.244921  61.090122  7.384
 35   100.219 53444.10690364  7.79 127.242601  61.086962  7.384
 35   100.023 53444.10690429  7.15 127.240271  61.083802  7.384
 36    99.409 53479.10697370  4.84 127.280433  61.121037  6.705
 36    99.201 53479.10697434  5.74 127.278103  61.117877  6.705
 36    99.571 53479.10697499  5.06 127.275763  61.114717  6.705
 36   100.652 53479.10697563  4.57 127.273433  61.111557  6.705
 36   100.526 53479.10697628  4.80 127.271093  61.108397  6.705
 36   100.802 53479.10697692  5.15 127.268763  61.105247  6.705
 36   100.826 53479.10697757  4.81 127.266433  61.102087  6.705
 36   101.013 53479.10697821  4.93 127.264093  61.098927  6.705
 36   100.916 53479.10697886  4.62 127.261763  61.095767  6.705
 36   101.092 53479.10697950  4.06 127.259433  61.092607  6.705
 36   100.805 53479.10698015  3.40 127.257103  61.089447  6.705
 36   100.951 53479.10698079  3.15 127.254773  61.086297  6.705
 36   100.218 53479.10698144  3.44 127.252433  61.083137  6.705
 38   136.630 53549.10700074  4.96 127.272051  61.121156  4.660
 38   163.385 53549.10700138  1.19 127.269711  61.117996  4.660
 38   163.127 53549.10700203  0.22 127.267381  61.114836  4.660
 38   123.142 53549.10700267  5.97 127.265051  61.111676  4.660
 38   122.247 53549.10700332  5.72 127.262711  61.108516  4.660
 38   122.898 53549.10700396  5.42 127.260381  61.105366  4.660
 38   102.727 53549.10700525 28.08 127.255721  61.099046  4.660
 38   102.918 53549.10700590 29.67 127.253381  61.095886  4.660
 38   103.332 53549.10700654 29.14 127.251051  61.092726  4.660
 38   103.232 53549.10700719 28.16 127.248721  61.089566  4.660
 38   103.422 53549.10700783 26.68 127.246391  61.086416  4.660
 38   102.804 53549.10700848 26.72 127.244061  61.083256  4.660
 39   127.713 53584.10696563  1.52 127.273684  61.115999  4.001
 39   123.680 53584.10696628  6.64 127.271354  61.112839  4.001
 39   102.445 53584.10696757 17.32 127.266684  61.106519  4.001
 39   101.263 53584.10696821 19.99 127.264354  61.103359  4.001
 39   101.405 53584.10696885 19.67 127.262024  61.100199  4.001
 39   101.878 53584.10696950 20.42 127.259694  61.097049  4.001
 39   102.001 53584.10697014 19.71 127.257364  61.093889  4.001
 39   101.039 53584.10697079 19.26 127.255034  61.090729  4.001
 39    99.924 53584.10697143 18.04 127.252694  61.087569  4.001
 39   100.663 53584.10697208 17.34 127.250364  61.084409  4.001
 40   133.137 53619.10692165  8.57 127.263189  61.120208  8.789
 40   132.621 53619.10692229  9.08 127.260849  61.117048  8.789
 40   159.748 53619.10692358  1.42 127.256189  61.110728  8.789
 40   157.510 53619.10692423  2.42 127.253859  61.107568  8.789
 40   119.159 53619.10692487  4.77 127.251529  61.104418  8.789
 40   120.054 53619.10692552  5.30 127.249199  61.101258  8.789
 40    99.602 53619.10692745 33.39 127.242199  61.091778  8.789
 40    99.862 53619.10692809 33.09 127.239879  61.088618  8.789
 40   100.348 53619.10692874 36.10 127.237549  61.085458  8.789
 40   100.131 53619.10692938 40.17 127.235219  61.082298  8.789
 41   103.686 53654.10694772 11.82 127.276842  61.110017  4.415
 41   100.454 53654.10694836 18.22 127.274502  61.106867  4.415
 41   100.491 53654.10694901 20.55 127.272172  61.103707  4.415
 41   101.022 53654.10694965 20.66 127.269842  61.100547  4.415
 41   101.300 53654.10695030 24.67 127.267502  61.097387  4.415
 41   100.044 53654.10695094 23.67 127.265172  61.094227  4.415
 41    99.629 53654.10695159 20.57 127.262842  61.091067  4.415
 42   100.086 53689.10694719 11.31 127.258535  61.097734  5.950
 42   100.044 53689.10694784 15.42 127.256205  61.094574  5.950
 42   100.098 53689.10694848 18.09 127.253865  61.091414  5.950
 42    99.809 53689.10694912 15.61 127.251535  61.088254  5.950
 42   100.177 53689.10694977 14.22 127.249205  61.085094  5.950
 42   100.004 53689.10695041 14.79 127.246875  61.081944  5.950
 43   100.012 53724.10687072  9.61 127.257607  61.103751  6.191
 43    99.046 53724.10687137 13.09 127.255277  61.100601  6.191
 43    99.820 53724.10687201 13.13 127.252947  61.097441  6.191
 43    99.747 53724.10687266 11.19 127.250617  61.094281  6.191
 43    99.465 53724.10687330 10.71 127.248277  61.091121  6.191
 43   100.156 53724.10687395  9.23 127.245957  61.087961  6.191
 43    99.868 53724.10687459  9.86 127.243627  61.084801  6.191
 43    99.906 53724.10687524  9.60 127.241297  61.081641  6.191
 44    99.205 53759.10681026  9.01 127.286014  61.105650  5.253
 44    98.956 53759.10681090 11.57 127.283674  61.102490  5.253
 44   101.791 53759.10681155 10.76 127.281344  61.099330  5.253
 44    99.516 53759.10681219  9.95 127.279004  61.096170  5.253
 44    99.169 53759.10681284  9.87 127.276674  61.093010  5.253
 44    98.933 53759.10681348  8.83 127.274344  61.089850  5.253
 44    99.595 53759.10681413  8.29 127.272014  61.086700  5.253
 45    98.603 53794.10683198  9.27 127.263916  61.099957  5.142
 45    98.080 53794.10683262 11.39 127.261586  61.096797  5.142
 45   101.818 53794.10683326  9.81 127.259246  61.093637  5.142
 45    99.333 53794.10683391  8.73 127.256916  61.090477  5.142
 45    99.444 53794.10683455  7.46 127.254586  61.087317  5.142
 45    99.350 53794.10683520  7.56 127.252256  61.084167  5.142
 46    99.760 53829.10680465  7.64 127.283218  61.103104  4.503
 46    99.041 53829.10680529 10.53 127.280878  61.099944  4.503
 46   109.374 53829.10680594  8.23 127.278548  61.096784  4.503
 46    99.194 53829.10680658  8.64 127.276218  61.093624  4.503
 46    99.522 53829.10680723  7.97 127.273878  61.090474  4.503
 46    98.941 53829.10680787  7.54 127.271548  61.087314  4.503
 47   190.655 53864.10688615  0.57 127.269463  61.101748  2.588
 47   193.043 53864.10688679  1.21 127.267133  61.098588  2.588
 47   206.146 53864.10688808  0.04 127.262463  61.092268  2.588
 48   166.376 53899.10690854  3.03 127.277292  61.113626  4.023
 48   169.887 53899.10690919  1.31 127.274962  61.110466  4.023
 48   163.029 53899.10691048  2.65 127.270292  61.104156  4.023
 48   127.414 53899.10691112  7.57 127.267962  61.100996  4.023
 48   126.858 53899.10691176  9.37 127.265622  61.097836  4.023
 48   128.154 53899.10691241  8.69 127.263292  61.094676  4.023
 48   128.021 53899.10691305  8.35 127.260962  61.091516  4.023
 48   106.059 53899.10691434 31.79 127.256302  61.085206  4.023
 49   121.661 53934.10695192 13.68 127.269695  61.120573  5.273
 49   121.806 53934.10695256 17.90 127.267355  61.117423  5.273
 49   122.894 53934.10695321 17.28 127.265025  61.114263  5.273
 49   121.809 53934.10695385 20.68 127.262685  61.111103 10.644
 49   101.245 53934.10695514 44.45 127.258015  61.104783 10.644
 49   101.017 53934.10695579 44.81 127.255685  61.101623 10.644
 49   101.599 53934.10695643 44.71 127.253355  61.098463 10.644
 49   101.602 53934.10695708 45.16 127.251025  61.095313 10.644
 49   101.708 53934.10695772 42.49 127.248695  61.092153 10.644
 50   102.276 53969.10693006  7.70 127.244515  61.085722  3.283
 50   101.787 53969.10693071  7.91 127.242185  61.082562  3.283
 51   151.365 54004.10690015  1.26 127.275639  61.092681  4.145
 51   133.467 54004.10690079  7.42 127.273309  61.089531  4.145
 51   132.970 54004.10690144  9.09 127.270979  61.086371  4.145
 52   180.789 54039.10692745  0.74 127.290973  61.123971  5.822
 52   119.452 54039.10693132 10.70 127.276967  61.105026  6.214
 52   118.592 54039.10693197 10.55 127.274637  61.101866  6.214
 52   118.757 54039.10693261  6.34 127.272297  61.098706  6.214
 52    99.775 54039.10693390 30.06 127.267637  61.092386  6.214
 52   100.405 54039.10693455 36.72 127.265307  61.089226  6.214
 52    96.867 54039.10693519 38.48 127.262977  61.086076  6.214
 55    99.229 54144.10686624  6.30 127.263628  61.089937  2.533
 55    98.457 54144.10686689  8.80 127.261298  61.086777  2.533
 55    98.823 54144.10686753  8.37 127.258968  61.083617  2.533
 57   101.736 54214.10687056  7.64 127.273726  61.106812  7.243
 57   101.416 54214.10687121  5.40 127.271396  61.103652  7.243
 57   100.881 54214.10687185  6.35 127.269066  61.100492  7.243
 57   100.410 54214.10687249  6.42 127.266726  61.097332  7.243
 57    99.779 54214.10687314  6.49 127.264396  61.094172  7.243
 57    99.223 54214.10687378  7.95 127.262066  61.091012  7.243
 57    98.811 54214.10687443  7.87 127.259736  61.087862  7.243
 57    98.291 54214.10687507  9.04 127.257406  61.084702  7.243
 58   181.187 54249.10689530  0.63 127.283021  61.121910  3.740
 58   181.286 54249.10689595  0.06 127.280681  61.118750  3.740
 58   177.719 54249.10689659  0.37 127.278351  61.115590  3.740
 58   170.433 54249.10689788  0.24 127.273681  61.109270  3.740
 59   104.004 54284.10690839 13.90 127.263051  61.097789  3.513
 59   103.260 54284.10690903 14.61 127.260711  61.094629  3.513
 59   103.772 54284.10690968 13.54 127.258381  61.091469  3.513
 59   104.151 54284.10691032 12.58 127.256051  61.088309  3.513
 59   104.592 54284.10691097 12.34 127.253721  61.085159  3.513
 60   156.045 54319.10690167  3.53 127.278760  61.118795  6.449
 60   123.139 54319.10690232  7.31 127.276420  61.115635  6.449
 60   123.075 54319.10690296  9.91 127.274090  61.112475  6.449
 60   120.316 54319.10690361  9.74 127.271760  61.109315  6.449
 60   100.662 54319.10690490 29.69 127.267090  61.103005  6.449
 60   100.153 54319.10690554 35.82 127.264760  61.099845  6.449
 60   100.677 54319.10690619 36.13 127.262430  61.096685  6.449
 60   101.344 54319.10690683 37.19 127.260090  61.093525  6.449
 60   100.601 54319.10690748 37.98 127.257760  61.090365  6.449
 60   100.629 54319.10690812 36.49 127.255430  61.087205  6.449
 61   101.489 54354.10686488 13.35 127.273203  61.121949 16.980
 61   101.718 54354.10686552 17.05 127.270873  61.118789 16.980
 61   103.336 54354.10686617 19.55 127.268543  61.115629 16.980
 61   102.978 54354.10686681 27.05 127.266203  61.112469 16.980
 61   102.458 54354.10686746 17.86 127.263873  61.109309 16.980
 61   101.558 54354.10686810 17.03 127.261543  61.106149 16.980
 61   102.019 54354.10686874 17.21 127.259213  61.102999 16.980
 61   102.625 54354.10686939 20.07 127.256883  61.099839 16.980
 61   102.550 54354.10687003 26.95 127.254553  61.096679 16.980
 61   100.998 54354.10687068 27.58 127.252213  61.093519 16.980
 61   101.569 54354.10687132 21.92 127.249883  61.090359 16.980
 61   101.992 54354.10687197 23.79 127.247553  61.087199 16.980
 61   101.444 54354.10687261 27.79 127.245223  61.084039 16.980
 62   131.498 54389.10684161 12.76 127.281891  61.119752 12.027
 62   132.711 54389.10684225 11.72 127.279551  61.116592 12.027
 62   131.533 54389.10684290  8.55 127.277211  61.113432 12.027
 62   119.769 54389.10684419 18.93 127.272551  61.107112 12.027
 62   120.323 54389.10684483 20.72 127.270211  61.103952 12.027
 62    99.676 54389.10684612 31.94 127.265551  61.097642 12.027
 62    99.788 54389.10684677 35.33 127.263221  61.094482 12.027
 62   100.755 54389.10684741 43.75 127.260891  61.091322 12.027
 62   100.221 54389.10684805 46.46 127.258551  61.088162 12.027
 62   100.583 54389.10684870 45.08 127.256221  61.085002 12.027
 63    98.345 54424.10681506 17.78 127.275315  61.120609  3.581
 63    98.355 54424.10681570 19.41 127.272980  61.117452  5.107
 63    98.355 54424.10681635 20.21 127.270650  61.114292  5.107
 63    98.197 54424.10681699 20.06 127.268320  61.111132  5.107
 63    98.284 54424.10681763 19.97 127.265980  61.107972  5.107
 63    98.287 54424.10681828 19.69 127.263650  61.104812  5.107
 63    98.400 54424.10681892 19.67 127.261320  61.101652  5.107
 63    98.870 54424.10681957 18.62 127.258990  61.098492  5.107
 63    98.892 54424.10682021 18.61 127.256660  61.095342  5.107
 63    98.879 54424.10682086 17.90 127.254330  61.092182  5.107
 63    98.526 54424.10682150 18.36 127.252000  61.089022  5.107
 63    98.382 54424.10682215 19.01 127.249660  61.085862  5.107
 63    98.439 54424.10682279 17.96 127.247340  61.082702  5.107
 66   100.367 54529.10682922  8.66 127.287552  61.121063  6.304
 66    98.558 54529.10682986 11.53 127.285212  61.117903  6.304
 66   100.053 54529.10683051 12.10 127.282882  61.114743  6.304
 66    99.353 54529.10683115 10.26 127.280542  61.111583  6.304
 66    99.908 54529.10683180 10.20 127.278212  61.108433  6.304
 66   100.319 54529.10683244 10.31 127.275882  61.105273  6.304
 66   100.143 54529.10683309  9.91 127.273542  61.102113  6.304
 66    99.618 54529.10683373  9.94 127.271212  61.098953  6.304
 66   100.191 54529.10683438 10.11 127.268882  61.095793  6.304
 66   100.104 54529.10683502  9.43 127.266542  61.092633  6.304
 66    99.752 54529.10683567  9.53 127.264212  61.089483  6.304
 66    99.930 54529.10683631  9.03 127.261882  61.086323  6.304
 66   100.013 54529.10683696  7.96 127.259552  61.083163  6.304
 68   186.909 54599.10682911  0.72 127.265911  61.099734  2.270
 68   198.162 54599.10682975  0.08 127.263581  61.096574  2.270
 69   163.198 54634.10683868  0.62 127.275958  61.116210  4.320
 69   123.912 54634.10683932  9.51 127.273628  61.113050  4.320
 69   161.351 54634.10683997  3.19 127.271288  61.109900  4.320
 69   155.918 54634.10684061  2.63 127.268958  61.106740  4.320
 69   103.692 54634.10684255 24.98 127.261958  61.097260  4.320
 69   103.120 54634.10684319 26.33 127.259628  61.094100  4.320
 69   103.412 54634.10684384 25.47 127.257298  61.090950  4.320
 69   103.666 54634.10684448 24.94 127.254968  61.087790  4.320
 69   102.832 54634.10684513 25.63 127.252638  61.084630  4.320
 70   160.612 54669.10684290  0.67 127.276290  61.119408  4.764
 70   104.240 54669.10684419 18.26 127.271630  61.113088  4.764
 70   101.212 54669.10684483 21.71 127.269290  61.109938  4.764
 70   101.195 54669.10684548 17.74 127.266960  61.106778  4.764
 70   101.617 54669.10684612 16.26 127.264630  61.103618  4.764
 70   101.516 54669.10684677 21.85 127.262290  61.100458  4.764
 70   101.897 54669.10684741 23.40 127.259960  61.097298  4.764
 70   101.606 54669.10684806 21.97 127.257630  61.094138  4.764
 71   101.480 54704.10681045 15.63 127.260729  61.102270  4.098
 71   101.516 54704.10681109 15.03 127.258399  61.099110  4.098
 71   101.574 54704.10681174 15.32 127.256059  61.095950  4.098
 71   101.002 54704.10681238 14.89 127.253729  61.092790  4.098
 71   101.068 54704.10681303 12.65 127.251399  61.089630  4.098
 71   101.404 54704.10681367 11.25 127.249069  61.086470  4.098
 72   155.393 54739.10680482  4.45 127.285854  61.119855  7.663
 72   161.189 54739.10680546  2.95 127.283514  61.116695  7.663
 72   132.964 54739.10680611  7.29 127.281184  61.113535  7.663
 72   134.262 54739.10680675  6.93 127.278854  61.110385  7.663
 72   133.071 54739.10680740  6.76 127.276514  61.107225  7.663
 72   120.973 54739.10680869 15.84 127.271844  61.100905  7.663
 72   121.399 54739.10680933 18.89 127.269514  61.097745  7.663
 72   120.670 54739.10680997 18.24 127.267184  61.094585  7.663
 72   101.456 54739.10681062 38.62 127.264854  61.091435  7.663
 72   101.548 54739.10681126 43.86 127.262514  61.088275  7.663
 72   101.998 54739.10681191 45.28 127.260184  61.085115  7.663
 73   119.936 54774.10678905  5.99 127.272807  61.115618  8.657
 73    99.736 54774.10679099 39.55 127.265807  61.106148  8.657
 73    99.446 54774.10679163 45.27 127.263477  61.102988  8.657
 73    97.671 54774.10679228 43.91 127.261137  61.099828  8.657
 73    99.433 54774.10679292 32.65 127.258807  61.096668  8.657
 73   100.363 54774.10679357 31.60 127.256477  61.093508  8.657
 74    99.076 54809.10680267 18.10 127.271953  61.098321  4.133
 74    99.098 54809.10680332 20.34 127.269623  61.095161  4.133
 74    98.966 54809.10680396 19.85 127.267283  61.092011  4.133
 74   100.264 54809.10680461 18.93 127.264953  61.088851  4.133
 74    99.421 54809.10680525 17.50 127.262623  61.085691  4.133
 75    98.956 54844.10679095 17.44 127.258260  61.096025  3.943
 75    99.547 54844.10679159 17.67 127.255930  61.092865  3.943
 75    98.735 54844.10679224 16.94 127.253600  61.089705  3.943
 75    99.491 54844.10679288 15.82 127.251270  61.086555  3.943
 75    99.979 54844.10679353 14.99 127.248940  61.083395  3.943
 76   100.263 54879.10680108 12.32 127.284282  61.123483  9.182
 76   100.948 54879.10680173 12.50 127.281942  61.120323  9.182
 76   100.990 54879.10680237 13.53 127.279612  61.117163  9.182
 76   100.603 54879.10680301 13.32 127.277282  61.114013  9.182
 76   100.706 54879.10680366 13.25 127.274942  61.110853  9.182
 76   100.303 54879.10680430 13.60 127.272612  61.107693  9.182
 76   100.464 54879.10680495 14.67 127.270272  61.104533  9.182
 76   100.485 54879.10680559 13.84 127.267942  61.101373  9.182
 76   100.088 54879.10680624 14.77 127.265612  61.098213  9.182
 76   100.003 54879.10680688 14.04 127.263272  61.095063  9.182
 76   100.090 54879.10680753 13.53 127.260942  61.091903  9.182
 76   100.038 54879.10680817 12.76 127.258612  61.088743  9.182
 76    99.551 54879.10680882 12.57 127.256282  61.085583  9.182
 76    99.304 54879.10680946 12.00 127.253952  61.082423  9.182
 77    99.095 54914.10679323 11.03 127.259141  61.106179  6.293
 77    99.273 54914.10679387 12.85 127.256811  61.103019  6.293
 77    98.974 54914.10679452 14.67 127.254471  61.099859  6.293
 77    99.136 54914.10679516 11.96 127.252141  61.096699  6.293
 77    99.560 54914.10679581 10.99 127.249811  61.093539  6.293
 77    99.586 54914.10679645 10.95 127.247481  61.090389  6.293
 77    99.770 54914.10679710 10.81 127.245151  61.087229  6.293
 77    98.797 54914.10679774 10.62 127.242821  61.084069  6.293
 77    99.161 54914.10679839  9.97 127.240491  61.080909  6.293
 78   192.016 54949.10679796  0.26 127.266248  61.099529  2.214
 78   200.921 54949.10679860  0.44 127.263918  61.096369  2.214
 79   137.386 54984.10682288  5.53 127.265323  61.101360  5.561
 79   152.141 54984.10682352  3.42 127.262993  61.098200  5.561
 79   124.676 54984.10682481 15.72 127.258333  61.091890  5.561
 79   124.813 54984.10682545 17.81 127.256003  61.088730  5.561
 79   104.590 54984.10682674 37.59 127.251333  61.082410  5.561
 80   158.480 55019.10681658  4.26 127.276134  61.115056  3.718
 80   122.765 55019.10681723  6.16 127.273804  61.111896  3.718
 80   102.323 55019.10681916 12.99 127.266804  61.102426  3.718
 80   102.225 55019.10681981 13.29 127.264464  61.099266  3.718
 80   102.691 55019.10682045 12.69 127.262134  61.096106  3.718
 80   103.181 55019.10682110 11.60 127.259804  61.092946  3.718
 80   102.903 55019.10682174  9.98 127.257474  61.089796  3.718
 80   101.450 55019.10682239 10.93 127.255144  61.086636  3.718
 80   102.109 55019.10682303  8.90 127.252814  61.083476  3.718
 81   119.906 55054.10681136  3.59 127.278612  61.120855  8.896
 81   104.715 55054.10681265 26.97 127.273942  61.114535  8.896
 81   101.101 55054.10681330 30.90 127.271602  61.111375  8.896
 81   102.268 55054.10681394 15.10 127.269272  61.108225  8.896
 81   103.565 55054.10681459 12.43 127.266942  61.105065  8.896
 81   103.006 55054.10681523 12.47 127.264612  61.101905  8.896
 81   103.136 55054.10681588 12.86 127.262272  61.098745  8.896
 81   103.490 55054.10681652 14.07 127.259942  61.095585  8.896
 81   102.562 55054.10681717 13.88 127.257612  61.092425  8.896
 81   102.776 55054.10681781 14.14 127.255282  61.089265  8.896
 81   102.562 55054.10681846 12.20 127.252952  61.086115  8.896
 81   101.748 55054.10681910 10.57 127.250622  61.082955  8.896
 82   104.319 55089.10677284 19.56 127.269344  61.119162 12.149
 82   104.550 55089.10677348 29.39 127.267014  61.116002 12.149
 82   103.238 55089.10677413 34.42 127.264674  61.112842 12.149
 82   101.669 55089.10677477 32.09 127.262344  61.109682 12.149
 82   101.774 55089.10677542 29.08 127.260014  61.106532 12.149
 82   103.115 55089.10677606 26.53 127.257684  61.103372 12.149
 82   102.552 55089.10677670 28.52 127.255354  61.100212 12.149
 82   103.140 55089.10677735 27.72 127.253014  61.097052 12.149
 82   102.781 55089.10677799 27.65 127.250684  61.093892 12.149
 82   102.679 55089.10677864 26.77 127.248354  61.090732 12.149
 82   101.772 55089.10677928 26.95 127.246024  61.087572 12.149
 82   100.069 55089.10677993 27.25 127.243694  61.084412 12.149
 82   100.684 55089.10678057 26.68 127.241374  61.081262 12.149
 83   100.409 55124.10675205 18.31 127.271763  61.102733  4.507
 83   100.627 55124.10675270 21.12 127.269433  61.099573  4.507
 83    99.739 55124.10675334 23.11 127.267103  61.096413  4.507
 83   101.320 55124.10675399 21.58 127.264773  61.093263  4.507
 83    99.557 55124.10675463 20.13 127.262433  61.090103  4.507
 83    99.416 55124.10675528 18.51 127.260103  61.086943  4.507
 83    99.891 55124.10675592 17.11 127.257773  61.083783  4.507
 84   177.695 55159.10673303  0.21 127.275526  61.122984  4.423
 84   143.820 55159.10673754  1.56 127.259196  61.100874  4.423
 84    98.456 55159.10673883 20.73 127.254526  61.094554  4.423
 84    97.996 55159.10673947 23.08 127.252196  61.091394  4.423
 84    98.983 55159.10674012 21.62 127.249866  61.088234  4.423
 84    98.125 55159.10674076 20.61 127.247536  61.085084  4.423
 84    98.003 55159.10674141 19.59 127.245206  61.081924  4.423
 85    97.803 55194.10674427 16.57 127.266159  61.090818  4.002
 85    97.878 55194.10674491 18.75 127.263829  61.087658  4.002
 85    97.290 55194.10674556 17.97 127.261499  61.084498  4.002
 87    99.200 55264.10673667  9.93 127.272084  61.106361  8.386
 87    98.857 55264.10673732 13.50 127.269744  61.103201  8.386
 87    98.564 55264.10673796 15.78 127.267414  61.100041  8.386
 87    98.693 55264.10673860 13.60 127.265084  61.096881  8.386
 87    98.662 55264.10673925 13.20 127.262754  61.093731  8.386
 87    98.830 55264.10673989 12.53 127.260424  61.090571  8.386
 87    98.103 55264.10674054 12.41 127.258084  61.087411  8.386
 87    97.553 55264.10674118 12.73 127.255754  61.084251  8.386
 88   103.249 55299.10671822  8.54 127.273504  61.121810 13.084
 88   103.067 55299.10671887  9.21 127.271164  61.118650 13.084
 88   103.738 55299.10671951  9.07 127.268834  61.115490 13.084
 88   103.353 55299.10672016  9.38 127.266504  61.112330 13.084
 88   104.325 55299.10672080 10.28 127.264164  61.109180 13.084
 88   100.175 55299.10672145 11.05 127.261834  61.106020 13.084
 88    98.944 55299.10672209 12.95 127.259504  61.102860 13.084
 88    99.129 55299.10672274 12.70 127.257174  61.099700 13.084
 88   100.325 55299.10672338 10.99 127.254834  61.096540 13.084
 88    99.198 55299.10672402 11.85 127.252504  61.093380 13.084
 88    99.277 55299.10672467 11.96 127.250174  61.090220 13.084
 88    98.893 55299.10672531 10.77 127.247844  61.087060 13.084
 88    98.758 55299.10672596 10.66 127.245514  61.083900 13.084
 89   176.005 55334.10671202  0.24 127.274917  61.117709  5.316
 89   172.118 55334.10671331  0.23 127.270257  61.111389  5.316
 89   131.337 55334.10671589  6.36 127.260917  61.098759  5.316
 89   129.983 55334.10671654  8.20 127.258587  61.095599  5.316
 89   129.885 55334.10671718  9.94 127.256257  61.092439  5.316
 89   128.749 55334.10671783 11.93 127.253927  61.089289  5.316
 89   108.574 55334.10671912 27.61 127.249267  61.082969  5.316
 90   157.759 55369.10670449  3.06 127.272482  61.112398  4.840
 90   102.009 55369.10670772 20.41 127.260812  61.096608  4.840
 90   101.897 55369.10670836 21.49 127.258482  61.093448  4.840
 90    99.872 55369.10670901 22.69 127.256152  61.090298  4.840
 90   100.072 55369.10670965 19.76 127.253822  61.087138  4.840
 90   100.304 55369.10671029 14.00 127.251492  61.083978  4.840
 91   121.093 55404.10671898 14.43 127.287137  61.121334  9.432
 91   119.537 55404.10671962 16.05 127.284807  61.118174  9.432
 91    99.807 55404.10672091 37.56 127.280137  61.111854  9.432
 91    98.717 55404.10672156 42.92 127.277807  61.108704  9.432
 91   100.940 55404.10672220 39.59 127.275467  61.105544  9.432
 91   101.077 55404.10672285 40.34 127.273137  61.102384  9.432
 91   101.098 55404.10672349 33.62 127.270797  61.099224  9.432
 92   102.980 55439.10672041 12.30 127.279639  61.123265  9.816
 92   104.750 55439.10672105 13.98 127.277309  61.120105  9.816
 92   105.321 55439.10672170 16.87 127.274969  61.116945  9.816
 92   104.551 55439.10672234 29.08 127.272639  61.113785  9.816
 92   103.459 55439.10672299 20.45 127.270299  61.110635  9.816
 92   104.098 55439.10672363 12.00 127.267969  61.107475  9.816
 92   104.635 55439.10672428 12.74 127.265639  61.104315  9.816
 92   103.831 55439.10672492 12.88 127.263309  61.101155  9.816
 92   104.085 55439.10672557 14.49 127.260969  61.097995  9.816
 92   104.455 55439.10672621 14.21 127.258639  61.094835  9.816
 92   103.090 55439.10672686 14.74 127.256309  61.091675  9.816
 92   103.357 55439.10672750 13.28 127.253979  61.088525  9.816
 92   102.684 55439.10672814 11.24 127.251649  61.085365  9.816
 92   102.825 55439.10672879 10.22 127.249319  61.082205  9.816
 93   149.639 55474.10666864  3.69 127.268609  61.117335  7.924
 93   124.720 55474.10666929  4.11 127.266279  61.114175  7.924
 93   121.216 55474.10666993  3.20 127.263939  61.111015  7.924
 93   100.196 55474.10667122 19.88 127.259279  61.104705  7.924
 93   100.892 55474.10667187 21.31 127.256949  61.101545  7.924
 93   100.757 55474.10667251 29.16 127.254619  61.098385  7.924
 93   100.476 55474.10667315 35.66 127.252279  61.095225  7.924
 93    98.036 55474.10667380 28.89 127.249949  61.092065  7.924
