# NaN NaN NaN ;Mean Elev.(m), Avg Gradient(m/km), RMS Gradient(m/km) - SRTM1     
#  173.954   7.755  39.716 ;Mean Elev.(m), Avg Gradient(m/km), RMS Gradient(m/km) - ASTER GDEM
#  165.558   7.696  39.397 ;Mean Elev.(m), Avg Gradient(m/km), RMS Gradient(m/km) - GMTED2010 
  7 113.240125  59.756228   168.003   168.003  2 52446.56089468  4.244
  8 113.247628  59.760814   171.311   171.311  2 52481.56088601 24.897
  9 113.260096  59.763448   175.883   176.368  3 52516.56083892 32.362
 10 113.237104  59.756766   177.043   177.043  2 52551.56088643 21.747
 11 113.256690  59.763375   170.047   170.047  2 52586.56086117 39.541
 18 113.246212  59.761066   171.015   171.015  2 52831.56091057 20.641
 19 113.254838  59.760941   190.428   190.428  2 52866.56095368  4.237
 20 113.252203  59.760909   178.205   178.205  2 52901.56097940 40.480
 21 113.257655  59.763146   176.436   176.436  2 52936.56092013 36.589
 23 113.246306  59.758451   178.572   178.572  2 53006.56095826  6.564
 24 113.238491  59.756351   184.644   184.383  3 53041.56091104  3.876
 25 113.248962  59.761032   180.414   180.414  2 53076.56094433  2.415
 26 113.236075  59.756416   177.656   177.656  2 53111.56091413 15.696
 27 113.245199  59.758416   239.178   239.178  2 53146.56095747  8.792
 28 113.253031  59.762193   177.109   177.109  2 53181.56096386 39.155
 29 113.249847  59.758947   186.342   186.342  2 53216.56098639 14.330
 30 113.253938  59.763481   178.394   178.394  2 53251.56096553 38.745
 31 113.236673  59.756477   172.397   172.397  2 53286.56095930 26.711
 32 113.255016  59.763109   174.768   174.768  2 53321.56093620 35.628
 35 113.258190  59.761950   174.998   174.998  2 53426.56091365  4.570
 37 113.241005  59.758723   172.576   172.576  2 53496.56100373 25.699
 38 113.256794  59.761005   176.470   176.470  2 53531.56098236 34.055
 39 113.247321  59.761142   175.290   175.290  2 53566.56100683 38.890
 40 113.258414  59.762601   180.734   180.481  3 53601.56095070 36.892
 41 113.240227  59.757028   178.963   178.963  2 53636.56094758 33.038
 42 113.243765  59.758918   172.176   172.176  2 53671.56096869 42.929
 43 113.262475  59.762467   176.366   176.366  2 53706.56090093 12.676
 44 113.267246  59.765489   175.789   175.789  2 53741.56081404  2.524
 49 113.242899  59.759522   174.630   174.630  2 53916.56094902 30.011
 50 113.244984  59.757539   175.841   175.841  2 53951.56095481 21.946
 53 113.255033  59.762516   176.272   176.272  2 54056.56092414 23.870
 54 113.258118  59.762158   176.734   176.734  2 54091.56090847 10.687
 55 113.241381  59.759244   178.948   178.948  2 54126.56084048  6.307
 56 113.250924  59.760390   182.948   182.948  2 54161.56087657  0.225
 59 113.251468  59.759049   186.024   186.024  2 54266.56090713 14.489
 60 113.252486  59.759726   179.211   179.211  2 54301.56091174 38.590
 61 113.254382  59.761984   179.068   179.068  2 54336.56089957 34.155
 62 113.247086  59.757839   178.186   178.186  2 54371.56084394 30.643
 63 113.252163  59.760536   175.289   175.289  2 54406.56084413 33.733
 65 113.250463  59.761372   177.211   177.211  2 54476.56083237  4.949
 70 113.248948  59.758999   180.165   180.165  2 54651.56084837  7.461
 71 113.254158  59.761806   180.455   180.455  2 54686.56084068  2.455
 72 113.241882  59.759033   177.012   177.012  2 54721.56079432 23.031
 73 113.250299  59.761051   171.086   171.086  2 54756.56081541 46.354
 76 113.243801  59.758894   184.144   184.144  2 54861.56078127  3.621
 78 113.243060  59.759707   173.307   173.307  2 54931.56077836 13.945
 79 113.250960  59.759015   172.448   172.448  2 54966.56081363 42.075
 80 113.248228  59.759056   183.941   183.941  2 55001.56083354  5.094
 81 113.251612  59.759610   172.513   172.513  2 55036.56081961 34.849
 82 113.255111  59.762268   180.788   180.788  2 55071.56080804 37.781
 83 113.242066  59.758397   179.983   179.983  2 55106.56075166 39.085
 84 113.251909  59.760075   169.026   169.026  2 55141.56075754 38.785
 86 113.249973  59.760054   170.050   170.050  2 55211.56075230  8.505
 89 113.249297  59.760089   176.739   176.739  2 55316.56071391 15.328
 91 113.243388  59.756890   186.661   186.661  2 55386.56071282 18.315
 92 113.251709  59.760138   178.411   178.411  2 55421.56073623  6.070
 93 113.255849  59.763005   173.561   173.561  2 55456.56071134 43.328
