# NaN NaN NaN ;Mean Elev.(m), Avg Gradient(m/km), RMS Gradient(m/km) - SRTM1     
#  102.543  -3.731  69.937 ;Mean Elev.(m), Avg Gradient(m/km), RMS Gradient(m/km) - ASTER GDEM
#   94.000  -3.069  70.016 ;Mean Elev.(m), Avg Gradient(m/km), RMS Gradient(m/km) - GMTED2010 
  8 125.451628  60.808950   107.376   106.218  6 52489.52514374 41.186
  9 125.453759  60.808870   109.537   109.998  7 52524.52512056 37.697
 10 125.439692  60.804905   105.262   105.378  6 52559.52516957 26.334
 11 125.442131  60.805242   104.360   104.361  6 52594.52517386 21.395
 13 125.445728  60.806179   105.193   105.301  6 52664.52513561 10.913
 14 125.439375  60.807561   106.595   106.488  6 52699.52511001  9.607
 15 125.453855  60.809761   103.984   103.977  6 52734.52513819 14.089
 18 125.438462  60.809510   115.653   115.584  3 52839.52522529 17.040
 19 125.442423  60.806809   108.386   108.009  6 52874.52526406 36.674
 21 125.440439  60.806845   103.994   103.905  6 52944.52517608 41.864
 22 125.440986  60.807083   105.005   104.988  6 52979.52522822 17.841
 23 125.448970  60.807155   105.279   105.266  6 53014.52522570 11.390
 24 125.439894  60.804758   106.323   106.271  6 53049.52519827  9.814
 25 125.444218  60.806351   107.595   107.294  6 53084.52523421 10.605
 26 125.435349  60.808437   113.196   113.059  3 53119.52520516  8.435
 29 125.450824  60.809508   111.400   111.746  7 53224.52525903 41.538
 30 125.449601  60.809674   114.316   114.488  6 53259.52523401 13.672
 32 125.447486  60.808044   326.299   326.182  6 53329.52523306 12.161
 33 125.455346  60.810741   117.170   117.170  2 53364.52518409  8.301
 35 125.453863  60.809579   105.652   105.699  7 53434.52519841 11.756
 39 125.446508  60.808941   110.449   110.629  6 53574.52527974 18.993
 40 125.454410  60.809489   107.280   107.307  7 53609.52522991 24.675
 41 125.433252  60.811027   109.351   109.351  2 53644.52523344 29.607
 42 125.443423  60.806772   105.542   105.169  6 53679.52524989 30.090
 43 125.457873  60.807229   104.736   104.755  4 53714.52517776 15.241
 44 125.440189  60.805426   106.557   106.494  6 53749.52509339 14.262
 45 125.451483  60.809032   106.345   106.456  7 53784.52512426 10.875
 46 125.462610  60.809079   105.554   105.573  5 53819.52508444 11.172
 48 125.445767  60.814655   116.194   117.088  3 53889.52517650 18.613
 50 125.445051  60.805865   113.342   113.232  6 53959.52523123 20.209
 53 125.451108  60.809135   106.684   107.255  7 54064.52521614  9.622
 54 125.453365  60.809140   107.978   107.770  6 54099.52518196  7.167
 55 125.438826  60.805922   109.125   109.332  6 54134.52514083  8.676
 57 125.437214  60.806835   114.656   114.883  6 54204.52514522 13.558
 61 125.450209  60.816006   120.837   120.837  2 54344.52517599  6.381
 62 125.440799  60.806927   112.864   112.884  6 54379.52513389 19.201
 63 125.449151  60.807720   103.955   103.887  6 54414.52512260 37.394
 64 125.438996  60.805133   105.814   105.787  6 54449.52510079 18.654
 65 125.447141  60.807726   106.106   106.202  7 54484.52511721 13.994
 66 125.439796  60.809226   112.975   113.132  4 54519.52511507  9.753
 68 125.443035  60.806925   105.973   105.844  6 54589.52511064 29.902
 70 125.444019  60.806829   109.460   109.646  6 54659.52513610 33.588
 73 125.445816  60.807571   105.563   105.145  7 54764.52509386 42.700
 74 125.435701  60.808101   105.437   105.675  4 54799.52508456 17.357
 75 125.446966  60.807652   105.871   105.827  6 54834.52508494 13.773
 76 125.439254  60.805687   107.325   107.719  5 54869.52508103  9.677
 77 125.450954  60.809061   111.863   111.525  6 54904.52509404  7.621
 78 125.436913  60.812779   113.967   113.967  2 54939.52507386 10.838
 81 125.444663  60.808468   110.211   108.871  6 55044.52510654 29.058
 82 125.451832  60.810175   109.626   109.986  6 55079.52508281 27.804
 84 125.445332  60.807970   105.529   105.586  6 55149.52503845 17.367
 85 125.439437  60.804669   106.307   105.829  6 55184.52502157 17.102
 86 125.447420  60.808546   106.210   106.187  6 55219.52503644 13.444
 87 125.441091  60.807779   107.388   107.365  6 55254.52501798 10.927
 88 125.452123  60.809501   106.854   106.820  7 55289.52502617 11.288
 91 125.440827  60.807551   108.591   108.806  6 55394.52500716 41.048
 92 125.445624  60.808370   113.000   112.813  6 55429.52501846 37.731
 93 125.458246  60.806708   105.680   105.648  5 55464.52498017 21.695
