# NaN NaN NaN ;Mean Elev.(m), Avg Gradient(m/km), RMS Gradient(m/km) - SRTM1     
#   29.419  -0.625   3.199 ;Mean Elev.(m), Avg Gradient(m/km), RMS Gradient(m/km) - ASTER GDEM
#   25.000  -1.507   8.255 ;Mean Elev.(m), Avg Gradient(m/km), RMS Gradient(m/km) - GMTED2010 
  7    30.662 52448.51804718 37.99 124.862509  64.952530 15.119
  7    30.686 52448.51804783 33.98 124.859549  64.955630 15.119
  7    30.578 52448.51804847 32.29 124.856579  64.958740 15.119
  7    30.593 52448.51804912 31.47 124.853609  64.961850 15.119
  7    30.579 52448.51804976 31.61 124.850639  64.964950 15.119
  7    30.499 52448.51805041 30.69 124.847659  64.968060 15.119
  7    30.352 52448.51805105 29.81 124.844689  64.971170 15.119
  7    30.454 52448.51805170 30.01 124.841719  64.974270 15.119
  7    30.546 52448.51805234 29.97 124.838747  64.977376 13.410
  7    30.389 52448.51805299 30.94 124.835777  64.980486 13.410
  7    30.362 52448.51805363 30.42 124.832797  64.983596 13.410
  7    30.256 52448.51805427 31.34 124.829827  64.986696 13.410
  8    47.668 52483.51802824 35.61 124.905844  64.921570 37.541
  8    47.639 52483.51802888 33.17 124.902884  64.924680 37.541
  8    47.943 52483.51802953 30.61 124.899914  64.927790 37.541
  8    47.891 52483.51803017 26.90 124.896954  64.930890 37.541
  8    47.815 52483.51803211 29.42 124.888063  64.940212 10.970
  8    47.760 52483.51803275 25.70 124.885103  64.943322 10.970
  8    47.376 52483.51803340 21.45 124.882133  64.946432 10.970
  8    47.285 52483.51803404 21.37 124.879163  64.949532 10.970
  8    47.174 52483.51803469 23.49 124.876203  64.952642 10.970
  8    47.326 52483.51803533 21.54 124.873233  64.955752 10.970
  8    47.257 52483.51803598 21.01 124.870263  64.958852 10.970
  8    47.265 52483.51803662 20.79 124.867293  64.961962 10.970
  8    46.964 52483.51803727 22.64 124.864333  64.965072 10.970
  8    47.174 52483.51803791 22.33 124.861353  64.968172 10.970
  8    47.227 52483.51803855 23.50 124.858383  64.971282 10.970
  8    47.536 52483.51803920 23.15 124.855413  64.974392 10.970
  8    47.350 52483.51803984 32.19 124.852443  64.977492 10.970
  8    47.371 52483.51804049 38.90 124.849473  64.980602 10.970
  8    47.294 52483.51804113 38.59 124.846503  64.983712 10.970
  8    47.330 52483.51804178 36.83 124.843523  64.986812 10.970
  9    46.509 52518.51798806 31.04 124.910531  64.927557 30.210
  9    46.509 52518.51798871 34.23 124.907565  64.930663 27.412
  9    46.316 52518.51798935 30.82 124.904605  64.933773 27.412
  9    46.252 52518.51799000 37.94 124.901645  64.936883 27.412
  9    46.230 52518.51799064 38.62 124.898685  64.939983 27.412
  9    46.374 52518.51799129 33.89 124.895715  64.943093 27.412
  9    46.384 52518.51799193 35.86 124.892755  64.946203 27.412
  9    46.397 52518.51799258 33.01 124.889785  64.949313 27.412
  9    46.319 52518.51799322 31.84 124.886825  64.952413 27.412
  9    46.277 52518.51799387 34.18 124.883855  64.955523 27.412
  9    46.177 52518.51799451 35.90 124.880885  64.958633 27.412
  9    46.188 52518.51799516 41.09 124.877925  64.961733 27.412
  9    46.143 52518.51799580 43.53 124.874955  64.964843 27.412
  9    46.107 52518.51799645 46.32 124.871985  64.967953 27.412
  9    46.129 52518.51799709 46.60 124.869015  64.971053 27.412
  9    46.190 52518.51799773 38.22 124.866045  64.974163 27.412
  9    47.053 52518.51799838 30.61 124.863075  64.977273 27.412
  9    47.150 52518.51799902 31.10 124.860105  64.980373 27.412
 10    47.074 52553.51804413 21.65 124.858462  64.952181 11.265
 10    46.786 52553.51804478 20.94 124.855492  64.955291 11.265
 10    46.388 52553.51804542 20.92 124.852522  64.958391 11.265
 10    46.368 52553.51804606 21.24 124.849552  64.961497  7.501
 10    45.886 52553.51804671 21.54 124.846582  64.964607  7.501
 10    45.751 52553.51804735 21.76 124.843612  64.967707  7.501
 10    45.733 52553.51804800 21.82 124.840642  64.970817  7.501
 10    45.666 52553.51804864 21.65 124.837662  64.973927  7.501
 10    45.687 52553.51804929 22.65 124.834692  64.977027  7.501
 10    45.826 52553.51804993 22.57 124.831722  64.980137  7.501
 10    45.791 52553.51805058 23.97 124.828742  64.983237  7.501
 10    45.668 52553.51805122 23.79 124.825772  64.986347  7.501
 11    46.123 52588.51801902 32.50 124.908790  64.921902 14.798
 11    46.059 52588.51801966 36.13 124.905830  64.925012 14.798
 11    46.053 52588.51802030 33.98 124.902870  64.928122 14.798
 11    45.849 52588.51802095 27.01 124.899910  64.931222 14.798
 11    45.744 52588.51802159 25.71 124.896950  64.934332 14.798
 11    45.788 52588.51802224 24.55 124.893980  64.937442 14.798
 11    45.778 52588.51802288 24.63 124.891020  64.940542 14.798
 11    45.822 52588.51802353 23.60 124.888050  64.943652 14.798
 11    45.908 52588.51802417 25.44 124.885090  64.946762 14.798
 11    45.889 52588.51802482 27.92 124.882120  64.949862 14.798
 11    45.883 52588.51802546 27.23 124.879150  64.952972 14.798
 11    45.997 52588.51802611 26.45 124.876190  64.956082 14.798
 11    46.024 52588.51802675 31.03 124.873220  64.959182 14.798
 11    45.945 52588.51802740 28.63 124.870250  64.962292 14.798
 11    45.867 52588.51802804 27.84 124.867280  64.965402 14.798
 11    45.727 52588.51802869 26.45 124.864310  64.968502 14.798
 11    45.942 52588.51802933 30.13 124.861338  64.971611  5.908
 11    46.036 52588.51802998 22.41 124.858368  64.974721  5.908
 11    46.093 52588.51803062 21.98 124.855398  64.977821  5.908
 11    46.670 52588.51803126 20.26 124.852428  64.980931  5.908
 11    46.638 52588.51803191 20.40 124.849448  64.984041  5.908
 12    46.558 52623.51797178 20.99 124.908387  64.930050  4.918
 12    46.390 52623.51797242 20.65 124.905427  64.933160  4.918
 12    46.377 52623.51797307 21.07 124.902467  64.936270  4.918
 12    46.334 52623.51797371 21.42 124.899497  64.939380  4.918
 12    46.229 52623.51797436 21.24 124.896537  64.942480  4.918
 12    46.224 52623.51797500 20.99 124.893567  64.945590  4.918
 12    46.237 52623.51797565 21.00 124.890607  64.948700  4.918
 12    46.212 52623.51797629 20.62 124.887637  64.951800  4.918
 12    46.142 52623.51797693 21.43 124.884677  64.954910  4.918
 12    46.228 52623.51797758 20.89 124.881707  64.958020  4.918
 12    46.259 52623.51797822 21.04 124.878737  64.961126  4.257
 12    46.244 52623.51797887 20.69 124.875777  64.964236  4.257
 12    46.369 52623.51797951 20.77 124.872807  64.967336  4.257
 12    46.511 52623.51798016 20.70 124.869837  64.970446  4.257
 12    46.571 52623.51798080 20.10 124.866867  64.973556  4.257
 12    46.798 52623.51798145 18.85 124.863897  64.976656  4.257
 12    47.047 52623.51798209 18.81 124.860917  64.979766  4.257
 13    46.419 52658.51798897 20.28 124.905488  64.920966  4.514
 13    46.213 52658.51798962 20.88 124.902528  64.924076  4.514
 13    46.142 52658.51799026 19.90 124.899568  64.927186  4.514
 13    45.902 52658.51799349 19.28 124.884748  64.942716  4.514
 13    46.069 52658.51799413 18.89 124.881778  64.945826  4.514
 13    46.092 52658.51799477 19.15 124.878808  64.948936  4.514
 13    46.176 52658.51799542 18.73 124.875848  64.952036  4.514
 13    46.070 52658.51799606 18.82 124.872878  64.955146  4.514
 13    46.039 52658.51799671 18.52 124.869908  64.958256  4.514
 13    45.848 52658.51799735 18.69 124.866938  64.961356  4.514
 13    45.934 52658.51799800 18.82 124.863968  64.964466  4.514
 13    45.908 52658.51799864 20.58 124.860998  64.967576  4.514
 13    46.054 52658.51799929 19.16 124.858028  64.970676  4.514
 13    46.411 52658.51799993 18.42 124.855058  64.973786  4.514
 13    46.778 52658.51800058 17.31 124.852088  64.976886  4.514
 13    46.905 52658.51800122 17.13 124.849108  64.979996  4.514
 13    46.932 52658.51800187 17.60 124.846136  64.983099  4.216
 13    46.892 52658.51800251 17.25 124.843166  64.986209  4.216
 15    46.545 52728.51800855 14.32 124.907095  64.921545  3.036
 15    46.259 52728.51800919 14.58 124.904135  64.924655  3.036
 15    45.787 52728.51800984 14.35 124.901175  64.927765  3.036
 15    45.581 52728.51801048 14.90 124.898205  64.930865  3.036
 15    45.793 52728.51801242 13.68 124.889315  64.940195  3.036
 15    45.803 52728.51801306 14.10 124.886355  64.943295  3.036
 15    45.806 52728.51801371 14.06 124.883385  64.946405  3.036
 15    46.025 52728.51801435 13.47 124.880415  64.949515  3.036
 15    46.164 52728.51801500 13.80 124.877455  64.952615  3.036
 15    45.859 52728.51801564 14.40 124.874485  64.955725  3.036
 15    45.846 52728.51801628 13.57 124.871515  64.958835  3.036
 15    45.554 52728.51801693 15.66 124.868545  64.961935  3.036
 15    45.738 52728.51801757 15.26 124.865575  64.965045  3.036
 15    46.194 52728.51801822 14.71 124.862605  64.968155  3.036
 15    46.109 52728.51801886 13.42 124.859635  64.971255  3.036
 15    46.511 52728.51801951 12.91 124.856665  64.974365  3.036
 15    46.686 52728.51802015 12.85 124.853695  64.977465  3.036
 15    46.716 52728.51802080 14.18 124.850715  64.980575  3.036
 15    46.661 52728.51802144 14.07 124.847743  64.983679  3.114
 15    46.741 52728.51802209 13.36 124.844773  64.986789  3.114
 16    46.694 52763.51802128 14.32 124.907949  64.922893  7.483
 16    46.696 52763.51802193 14.03 124.904989  64.925993  7.483
 16    46.593 52763.51802257 13.47 124.902029  64.929103  7.483
 16    46.382 52763.51802322 13.35 124.899059  64.932213  7.483
 16    46.475 52763.51802386 13.11 124.896099  64.935323  7.483
 16    46.345 52763.51802451 12.90 124.893139  64.938423  7.483
 16    46.377 52763.51802515 12.91 124.890179  64.941533  7.483
 16    46.298 52763.51802579 13.28 124.887215  64.944636 10.055
 16    46.233 52763.51802644 12.89 124.884245  64.947746 10.055
 16    46.302 52763.51802708 13.07 124.881285  64.950856 10.055
 16    46.667 52763.51802773 12.72 124.878315  64.953956 10.055
 16    46.570 52763.51802837 12.78 124.875355  64.957066 10.055
 16    46.614 52763.51802902 13.55 124.872385  64.960176 10.055
 16    46.871 52763.51802966 14.16 124.869415  64.963286 10.055
 16    47.156 52763.51803031 14.41 124.866445  64.966386 10.055
 16    48.914 52763.51803095 14.86 124.863475  64.969496 10.055
 16    47.516 52763.51803160 15.89 124.860515  64.972606 10.055
 16    46.979 52763.51803224 19.37 124.857545  64.975706 10.055
 16    47.036 52763.51803289 23.43 124.854565  64.978816 10.055
 16    46.950 52763.51803353 26.52 124.851595  64.981926 10.055
 16    46.804 52763.51803418 30.63 124.848625  64.985026 10.055
 17    50.421 52798.51799454 52.98 124.901416  64.916706 48.334
 17    50.251 52798.51800099 49.80 124.871766  64.947766 48.334
 17    50.222 52798.51800163 53.74 124.868796  64.950876 48.334
 17    50.176 52798.51800228 53.84 124.865826  64.953986 48.334
 17    50.111 52798.51800292 51.43 124.862856  64.957086 48.334
 17    50.065 52798.51800357 50.95 124.859886  64.960196 48.334
 17    50.027 52798.51800421 52.50 124.856916  64.963306 48.334
 17    49.976 52798.51800486 51.76 124.853936  64.966406 48.334
 17    49.921 52798.51800550 52.61 124.850967  64.969510 43.544
 17    49.880 52798.51800615 53.64 124.847997  64.972620 43.544
 17    49.812 52798.51800679 51.86 124.845017  64.975730 43.544
 17    49.803 52798.51800744 50.83 124.842047  64.978830 43.544
 17    49.806 52798.51800808 51.20 124.839067  64.981940 43.544
 17    49.792 52798.51800873 53.21 124.836097  64.985040 43.544
 17    49.779 52798.51800937 51.50 124.833117  64.988150 43.544
 17    49.746 52798.51801001 50.41 124.830147  64.991250 43.544
 18    49.171 52833.51806505 48.82 124.900487  64.918298 35.388
 18    48.985 52833.51807149 47.23 124.870837  64.949368 35.388
 18    49.006 52833.51807214 47.60 124.867867  64.952478 35.388
 18    48.932 52833.51807278 50.84 124.864897  64.955578 35.388
 18    48.834 52833.51807343 47.60 124.861927  64.958688 35.388
 18    48.850 52833.51807407 49.55 124.858957  64.961798 35.388
 18    48.822 52833.51807472 49.83 124.855987  64.964898 35.388
 18    48.764 52833.51807536 47.99 124.853017  64.968008 35.388
 18    48.725 52833.51807601 48.48 124.850037  64.971108 35.388
 18    48.684 52833.51807665 47.78 124.847067  64.974218 35.388
 18    48.629 52833.51807730 45.22 124.844089  64.977320 32.032
 18    48.613 52833.51807794 46.43 124.841119  64.980430 32.032
 18    48.595 52833.51807859 46.36 124.838139  64.983540 32.032
 18    48.612 52833.51807923 46.95 124.835169  64.986640 32.032
 18    48.598 52833.51807987 45.59 124.832189  64.989750 32.032
 19    47.417 52868.51810747 20.15 124.908892  64.920051  6.643
 19    47.452 52868.51810812 20.75 124.905932  64.923161  6.643
 19    47.538 52868.51810876 21.09 124.902972  64.926271  6.643
 19    47.477 52868.51810941 23.87 124.900012  64.929371  6.643
 19    47.572 52868.51811005 25.22 124.897042  64.932481  6.643
 19    47.430 52868.51811199 19.96 124.888152  64.941801  6.643
 19    47.240 52868.51811263 18.31 124.885182  64.944911  6.643
 19    46.697 52868.51811328 19.24 124.882222  64.948011  6.643
 19    46.586 52868.51811392 19.85 124.879252  64.951121  6.643
 19    46.817 52868.51811457 18.61 124.876282  64.954231  6.643
 19    46.831 52868.51811521 16.64 124.873312  64.957331  6.643
 19    46.889 52868.51811586 16.98 124.870342  64.960441  6.643
 19    47.091 52868.51811650 16.79 124.867372  64.963551  6.643
 19    47.061 52868.51811714 17.24 124.864402  64.966651  6.643
 19    47.499 52868.51811779 16.97 124.861432  64.969761  6.643
 19    46.823 52868.51811843 22.63 124.858462  64.972871  6.643
 19    47.049 52868.51811908 23.76 124.855492  64.975971  6.643
 19    47.160 52868.51811972 26.67 124.852521  64.979076  9.413
 19    47.198 52868.51812037 27.45 124.849541  64.982186  9.413
 19    47.146 52868.51812101 28.98 124.846571  64.985296  9.413
 20    47.123 52903.51812066 26.54 124.909110  64.920777 20.634
 20    47.277 52903.51812131 26.33 124.906150  64.923877 20.634
 20    47.557 52903.51812195 25.60 124.903190  64.926987 20.634
 20    47.364 52903.51812260 27.76 124.900230  64.930097 20.634
 20    47.348 52903.51812324 26.26 124.897270  64.933197 20.634
 20    47.271 52903.51812389 25.48 124.894300  64.936307 20.634
 20    47.212 52903.51812453 25.49 124.891340  64.939417 20.634
 20    47.059 52903.51812518 21.84 124.888378  64.942527  7.999
 20    46.621 52903.51812582 22.55 124.885408  64.945627  7.999
 20    46.428 52903.51812646 22.22 124.882438  64.948737  7.999
 20    46.329 52903.51812711 22.15 124.879478  64.951847  7.999
 20    46.481 52903.51812775 22.14 124.876508  64.954947  7.999
 20    46.568 52903.51812840 19.82 124.873538  64.958057  7.999
 20    45.940 52903.51812904 21.92 124.870578  64.961167  7.999
 20    46.788 52903.51812969 20.33 124.867608  64.964267  7.999
 20    46.812 52903.51813033 20.46 124.864638  64.967377  7.999
 20    47.491 52903.51813098 19.37 124.861668  64.970487  7.999
 20    46.941 52903.51813162 23.64 124.858688  64.973587  7.999
 20    47.262 52903.51813227 23.76 124.855718  64.976697  7.999
 20    47.095 52903.51813291 25.35 124.852748  64.979807  7.999
 20    47.020 52903.51813356 26.47 124.849778  64.982907  7.999
 20    46.938 52903.51813420 29.03 124.846808  64.986017  7.999
 21    45.996 52938.51806049 49.31 124.905567  64.937529 24.068
 21    45.985 52938.51806114 46.17 124.902597  64.940639 24.068
 21    45.806 52938.51806178 38.55 124.899637  64.943739 24.068
 21    45.807 52938.51806242 38.02 124.896677  64.946849 24.068
 21    45.925 52938.51806307 41.00 124.893707  64.949959 24.068
 21    45.920 52938.51806371 48.23 124.890746  64.953070 22.861
 21    45.967 52938.51806436 46.92 124.887776  64.956170 22.861
 21    45.963 52938.51806500 44.40 124.884816  64.959280 22.861
 21    45.745 52938.51806565 48.33 124.881846  64.962390 22.861
 21    45.738 52938.51806629 44.32 124.878876  64.965490 22.861
 21    45.709 52938.51806694 38.27 124.875906  64.968600 22.861
 21    45.682 52938.51806758 42.91 124.872946  64.971710 22.861
 21    45.705 52938.51806823 32.80 124.869976  64.974810 22.861
 21    45.481 52938.51806887 29.74 124.867006  64.977920 22.861
 22    46.408 52973.51809966 19.82 124.869911  64.949128  6.134
 22    46.414 52973.51810030 19.90 124.866941  64.952238  6.134
 22    46.334 52973.51810095 19.13 124.863971  64.955348  6.134
 22    46.221 52973.51810159 18.37 124.861001  64.958448  6.134
 22    46.236 52973.51810224 18.54 124.858041  64.961558  6.134
 22    46.300 52973.51810288 18.37 124.855071  64.964668  6.134
 22    46.310 52973.51810353 17.82 124.852091  64.967768  6.134
 22    46.202 52973.51810417 16.93 124.849121  64.970878  6.134
 22    46.121 52973.51810482 18.26 124.846151  64.973988  6.134
 22    46.200 52973.51810546 17.70 124.843181  64.977088  6.134
 22    46.223 52973.51810611 18.50 124.840201  64.980198  6.134
 22    46.279 52973.51810675 16.72 124.837231  64.983298  6.134
 22    46.325 52973.51810740 16.69 124.834251  64.986408  6.134
 22    46.203 52973.51810804 18.60 124.831278  64.989516  5.781
 23    46.449 53008.51810154 10.95 124.902369  64.919990  2.028
 23    46.387 53008.51810218 10.43 124.899409  64.923100  2.028
 23    46.173 53008.51810669 10.44 124.878667  64.944848  1.858
 23    46.135 53008.51810734 11.12 124.875697  64.947958  1.858
 23    46.179 53008.51810798 10.43 124.872737  64.951058  1.858
 23    46.144 53008.51810863 10.32 124.869767  64.954168  1.858
 23    46.058 53008.51810927 10.18 124.866797  64.957278  1.858
 23    46.001 53008.51810992  9.84 124.863827  64.960378  1.858
 23    46.002 53008.51811056  9.75 124.860867  64.963488  1.858
 23    46.006 53008.51811121  9.61 124.857897  64.966598  1.858
 23    46.060 53008.51811185  9.44 124.854917  64.969698  1.858
 23    46.036 53008.51811249  9.34 124.851947  64.972808  1.858
 23    46.198 53008.51811314  9.41 124.848977  64.975918  1.858
 23    46.391 53008.51811378  9.26 124.846007  64.979018  1.858
 23    46.429 53008.51811443  8.90 124.843037  64.982128  1.858
 23    46.446 53008.51811507  9.04 124.840057  64.985228  1.858
 23    46.424 53008.51811572  8.84 124.837087  64.988338  1.858
 23    46.280 53008.51811636  8.87 124.834107  64.991448  1.858
 23    46.197 53008.51811701  8.85 124.831137  64.994548  1.858
 24    46.382 53043.51806621  9.11 124.860891  64.951840  1.955
 24    46.389 53043.51806686  8.81 124.857931  64.954950  1.955
 24    45.972 53043.51806750  8.86 124.854961  64.958050  1.955
 24    46.628 53043.51806815  8.50 124.851981  64.961160  1.955
 24    46.008 53043.51806879  8.45 124.849011  64.964270  1.955
 24    45.804 53043.51806943  8.50 124.846041  64.967370  1.955
 24    46.075 53043.51807008  8.37 124.843071  64.970480  1.955
 24    45.860 53043.51807072  8.02 124.840091  64.973580  1.955
 24    45.904 53043.51807137  8.23 124.837121  64.976690  1.955
 24    45.876 53043.51807201  7.87 124.834151  64.979800  1.955
 24    46.278 53043.51807266  7.73 124.831171  64.982900  1.955
 24    46.720 53043.51807330  7.61 124.828201  64.986010  1.955
 25    46.488 53078.51809279  7.52 124.904201  64.921209  1.776
 25    46.423 53078.51809344  8.00 124.901241  64.924319  1.776
 25    46.335 53078.51809408  8.05 124.898282  64.927422  2.149
 25    46.407 53078.51809730  7.77 124.883462  64.942962  2.149
 25    46.157 53078.51809795  8.61 124.880492  64.946072  2.149
 25    46.155 53078.51809859  8.21 124.877532  64.949172  2.149
 25    46.077 53078.51809924  7.91 124.874562  64.952282  2.149
 25    45.923 53078.51809988  8.61 124.871592  64.955392  2.149
 25    46.219 53078.51810053  7.40 124.868632  64.958492  2.149
 25    46.119 53078.51810117  7.65 124.865662  64.961602  2.149
 25    46.079 53078.51810182  7.49 124.862692  64.964712  2.149
 25    46.268 53078.51810246  7.56 124.859722  64.967812  2.149
 25    46.372 53078.51810311  7.11 124.856752  64.970922  2.149
 25    46.517 53078.51810375  6.79 124.853782  64.974032  2.149
 25    46.903 53078.51810440  6.87 124.850812  64.977132  2.149
 25    46.833 53078.51810504  6.75 124.847832  64.980242  2.149
 25    46.895 53078.51810569  6.56 124.844862  64.983342  2.149
 25    47.032 53078.51810633  6.95 124.841892  64.986452  2.149
 25    46.688 53078.51810698  6.74 124.838919  64.989555  2.092
 26    47.081 53113.51807086  7.34 124.854382  64.955106  2.161
 26    47.268 53113.51807150  7.22 124.851422  64.958216  2.161
 26    47.270 53113.51807215  6.48 124.848442  64.961326  2.161
 26    47.175 53113.51807279  6.84 124.845472  64.964426  2.161
 26    46.246 53113.51807344  6.73 124.842502  64.967536  2.161
 26    46.390 53113.51807408  6.53 124.839532  64.970646  2.161
 26    46.389 53113.51807473  6.33 124.836562  64.973746  2.161
 26    46.819 53113.51807537  6.32 124.833582  64.976856  2.161
 26    46.927 53113.51807602  6.29 124.830612  64.979956  2.161
 26    47.222 53113.51807666  6.09 124.827632  64.983066  2.161
 26    47.759 53113.51807731  5.98 124.824657  64.986174  1.981
 27    46.939 53148.51810815 31.83 124.900336  64.918975 25.626
 27    46.697 53148.51811395 34.89 124.873659  64.946939 23.888
 27    46.612 53148.51811460 33.87 124.870689  64.950049 23.888
 27    46.619 53148.51811524 32.90 124.867729  64.953149 23.888
 27    46.611 53148.51811589 31.19 124.864759  64.956259 23.888
 27    46.570 53148.51811653 31.48 124.861789  64.959369 23.888
 27    46.462 53148.51811718 32.97 124.858819  64.962469 23.888
 27    46.408 53148.51811782 34.48 124.855849  64.965579 23.888
 27    46.503 53148.51811847 32.31 124.852879  64.968689 23.888
 27    46.539 53148.51811911 30.35 124.849909  64.971789 23.888
 27    46.490 53148.51811975 31.20 124.846929  64.974899 23.888
 27    46.472 53148.51812040 32.39 124.843959  64.977999 23.888
 27    46.462 53148.51812104 32.23 124.840989  64.981109 23.888
 27    46.426 53148.51812169 32.47 124.838008  64.984213 21.678
 27    46.384 53148.51812233 31.45 124.835038  64.987323 21.678
 27    46.382 53148.51812298 31.04 124.832058  64.990433 21.678
 28    51.789 53183.51810616 46.47 124.908660  64.922023 32.674
 28    51.726 53183.51810681 44.89 124.905700  64.925133 32.674
 28    51.627 53183.51810745 43.08 124.902740  64.928243 32.674
 28    51.565 53183.51810810 41.70 124.899770  64.931343 32.674
 28    51.482 53183.51810874 40.98 124.896810  64.934453 32.674
 28    51.410 53183.51810939 41.32 124.893840  64.937563 32.674
 28    51.490 53183.51811003 40.13 124.890880  64.940671 14.496
 28    51.541 53183.51811067 41.36 124.887910  64.943771 14.496
 28    51.510 53183.51811132 39.60 124.884950  64.946881 14.496
 28    51.435 53183.51811196 39.36 124.881980  64.949991 14.496
 28    51.401 53183.51811261 39.86 124.879010  64.953091 14.496
 28    51.392 53183.51811325 39.37 124.876040  64.956201 14.496
 28    51.369 53183.51811390 39.98 124.873080  64.959311 14.496
 28    51.343 53183.51811454 41.21 124.870110  64.962411 14.496
 28    51.294 53183.51811519 41.77 124.867140  64.965521 14.496
 28    51.264 53183.51811583 41.73 124.864170  64.968631 14.496
 28    51.229 53183.51811648 42.14 124.861190  64.971731 14.496
 28    51.212 53183.51811712 42.34 124.858220  64.974841 14.496
 28    51.180 53183.51811777 42.81 124.855250  64.977951 14.496
 28    51.056 53183.51811841 44.78 124.852280  64.981051 14.496
 28    51.021 53183.51811906 46.25 124.849300  64.984161 14.496
 29    48.061 53218.51813050 22.57 124.906672  64.920996 20.823
 29    48.151 53218.51813114 22.73 124.903702  64.924106 20.823
 29    48.210 53218.51813179 25.62 124.900742  64.927216 20.823
 29    48.153 53218.51813243 26.58 124.897782  64.930316 20.823
 29    50.890 53218.51813501 17.34 124.885929  64.942747  7.849
 29    50.486 53218.51813566 17.65 124.882959  64.945857  7.849
 29    47.219 53218.51813630 18.25 124.879999  64.948957  7.849
 29    47.201 53218.51813695 18.05 124.877029  64.952067  7.849
 29    47.241 53218.51813759 18.57 124.874059  64.955177  7.849
 29    47.479 53218.51813823 17.40 124.871089  64.958277  7.849
 29    47.414 53218.51813888 16.99 124.868129  64.961387  7.849
 29    47.303 53218.51813952 18.45 124.865159  64.964497  7.849
 29    47.471 53218.51814017 17.86 124.862189  64.967597  7.849
 29    47.789 53218.51814081 19.12 124.859219  64.970707  7.849
 29    48.473 53218.51814146 19.02 124.856239  64.973817  7.849
 29    47.620 53218.51814210 23.42 124.853269  64.976917  7.849
 29    47.569 53218.51814275 26.81 124.850299  64.980027  7.849
 29    47.597 53218.51814339 29.55 124.847329  64.983127  7.849
 29    47.577 53218.51814404 31.45 124.844349  64.986237  7.849
 30    47.029 53253.51810832 30.75 124.911786  64.923265 28.366
 30    46.645 53253.51810896 30.73 124.908826  64.926375 28.366
 30    46.664 53253.51810961 30.84 124.905866  64.929485 28.366
 30    46.883 53253.51811025 29.61 124.902906  64.932595 28.366
 30    46.885 53253.51811090 29.74 124.899936  64.935695 28.366
 30    46.889 53253.51811154 32.62 124.896976  64.938805 28.366
 30    46.976 53253.51811219 34.08 124.894011  64.941909 35.323
 30    47.025 53253.51811283 36.49 124.891051  64.945019 35.323
 30    46.826 53253.51811348 31.98 124.888081  64.948129 35.323
 30    46.801 53253.51811412 31.22 124.885121  64.951229 35.323
 30    46.840 53253.51811477 37.86 124.882151  64.954339 35.323
 30    46.870 53253.51811541 41.81 124.879191  64.957449 35.323
 30    46.910 53253.51811606 40.02 124.876221  64.960559 35.323
 30    46.925 53253.51811670 42.53 124.873251  64.963659 35.323
 30    46.910 53253.51811735 46.10 124.870281  64.966769 35.323
 30    46.885 53253.51811799 46.55 124.867311  64.969879 35.323
 30    46.851 53253.51811864 46.65 124.864351  64.972979 35.323
 30    46.845 53253.51811928 50.41 124.861371  64.976089 35.323
 30    46.746 53253.51811992 43.45 124.858401  64.979199 35.323
 30    46.816 53253.51812057 41.94 124.855431  64.982299 35.323
 31    47.948 53288.51811827 27.58 124.852638  64.955127  5.043
 31    47.955 53288.51811891 29.11 124.849668  64.958237  5.043
 31    47.675 53288.51811956 26.80 124.846698  64.961337  5.043
 31    47.623 53288.51812020 20.72 124.843728  64.964447  5.043
 31    47.434 53288.51812085 17.61 124.840758  64.967557  5.043
 31    47.262 53288.51812149 18.57 124.837778  64.970657  5.043
 31    47.158 53288.51812214 18.36 124.834808  64.973767  5.043
 31    47.273 53288.51812278 18.10 124.831838  64.976877  5.043
 31    47.179 53288.51812343 19.27 124.828858  64.979977  5.043
 31    47.209 53288.51812407 19.89 124.825888  64.983087  5.043
 32    47.259 53323.51808666 16.23 124.909544  64.923527  4.395
 32    47.175 53323.51808730 15.79 124.906584  64.926637  4.395
 32    47.127 53323.51808795 16.10 124.903624  64.929737  4.395
 32    47.061 53323.51808859 16.27 124.900664  64.932847  4.395
 32    47.028 53323.51808924 16.23 124.897694  64.935957  4.395
 32    46.919 53323.51808988 16.33 124.894734  64.939057  4.395
 32    46.872 53323.51809053 15.75 124.891764  64.942167  4.395
 32    46.784 53323.51809117 16.16 124.888804  64.945277  4.395
 32    46.817 53323.51809181 15.37 124.885834  64.948377  4.395
 32    46.756 53323.51809246 15.84 124.882864  64.951487  4.395
 32    46.784 53323.51809310 16.09 124.879904  64.954597  4.395
 32    46.723 53323.51809375 17.05 124.876934  64.957697  4.395
 32    46.713 53323.51809439 18.60 124.873964  64.960807  4.395
 32    46.775 53323.51809504 19.11 124.870994  64.963917  4.395
 32    46.861 53323.51809568 20.04 124.868024  64.967017  4.395
 32    46.778 53323.51809633 21.13 124.865050  64.970126  3.221
 32    46.805 53323.51809697 18.61 124.862080  64.973236  3.221
 32    46.797 53323.51809762 18.03 124.859110  64.976336  3.221
 32    47.261 53323.51809826 14.90 124.856140  64.979446  3.221
 32    47.598 53323.51809891 13.95 124.853160  64.982556  3.221
 33    47.255 53358.51805230 11.34 124.907367  64.934308  2.671
 33    47.101 53358.51805294 12.01 124.904407  64.937418  2.671
 33    47.094 53358.51805359 11.51 124.901437  64.940528  2.671
 33    47.000 53358.51805423 11.24 124.898477  64.943628  2.671
 33    46.917 53358.51805488 11.21 124.895507  64.946738  2.671
 33    46.956 53358.51805552 11.32 124.892547  64.949848  2.671
 33    46.855 53358.51805617 11.72 124.889577  64.952958  2.671
 33    46.880 53358.51805681 10.83 124.886617  64.956058  2.671
 33    46.786 53358.51805745 11.04 124.883647  64.959168  2.671
 33    46.977 53358.51805810 10.51 124.880677  64.962278  2.671
 33    47.103 53358.51805874 10.52 124.877708  64.965382  1.987
 33    47.121 53358.51805939 10.16 124.874738  64.968492  1.987
 33    47.142 53358.51806003 10.22 124.871768  64.971592  1.987
 33    47.196 53358.51806068 10.12 124.868798  64.974702  1.987
 33    47.296 53358.51806132 10.26 124.865828  64.977812  1.987
 34    47.130 53393.51807270  8.49 124.864233  64.950496  2.184
 34    47.143 53393.51807334  8.53 124.861263  64.953606  2.184
 34    47.239 53393.51807399  8.59 124.858293  64.956706  2.184
 34    47.006 53393.51807463  8.76 124.855328  64.959813  1.834
 34    46.946 53393.51807528  8.42 124.852358  64.962923  1.834
 34    46.702 53393.51807592  8.44 124.849388  64.966023  1.834
 34    46.532 53393.51807657  8.45 124.846408  64.969133  1.834
 34    46.507 53393.51807721  8.63 124.843438  64.972243  1.834
 34    46.691 53393.51807786  8.46 124.840468  64.975343  1.834
 34    46.860 53393.51807850  8.28 124.837488  64.978453  1.834
 34    46.762 53393.51807915  8.10 124.834518  64.981553  1.834
 34    47.018 53393.51807979  8.04 124.831538  64.984663  1.834
 34    46.925 53393.51808044  7.71 124.828568  64.987773  1.834
 35    47.305 53428.51806186  8.54 124.908603  64.929536  2.215
 35    47.100 53428.51806250  8.73 124.905643  64.932636  2.215
 35    46.887 53428.51806315  8.87 124.902683  64.935746  2.215
 35    46.896 53428.51806379  9.20 124.899713  64.938856  2.215
 35    46.582 53428.51806444  8.92 124.896753  64.941956  2.215
 35    46.449 53428.51806508  8.92 124.893793  64.945066  2.215
 35    46.446 53428.51806573  8.84 124.890823  64.948176  2.215
 35    46.378 53428.51806637  8.72 124.887853  64.951286  2.215
 35    46.130 53428.51806702  8.39 124.884893  64.954386  2.215
 35    46.133 53428.51806766  8.35 124.881923  64.957496  2.215
 35    46.291 53428.51806831  8.02 124.878953  64.960606  2.215
 35    46.377 53428.51806895  8.12 124.875986  64.963710  1.744
 35    46.522 53428.51806960  7.83 124.873016  64.966820  1.744
 35    46.718 53428.51807024  7.90 124.870046  64.969920  1.744
 35    46.955 53428.51807088  7.93 124.867076  64.973030  1.744
 35    47.191 53428.51807153  7.66 124.864106  64.976140  1.744
 35    47.454 53428.51807217  7.68 124.861136  64.979240  1.744
 36    47.005 53463.51808736  6.79 124.867311  64.950903  2.134
 36    47.169 53463.51808801  6.61 124.864339  64.954011  1.798
 36    47.119 53463.51808865  7.04 124.861369  64.957121  1.798
 36    47.252 53463.51808930  6.63 124.858399  64.960221  1.798
 36    46.815 53463.51808994  6.74 124.855429  64.963331  1.798
 36    46.651 53463.51809059  6.33 124.852459  64.966441  1.798
 36    46.423 53463.51809123  6.76 124.849479  64.969541  1.798
 36    46.644 53463.51809188  6.34 124.846509  64.972651  1.798
 36    46.817 53463.51809252  6.18 124.843539  64.975761  1.798
 36    46.953 53463.51809317  6.39 124.840559  64.978861  1.798
 36    47.211 53463.51809381  6.45 124.837589  64.981971  1.798
 36    47.245 53463.51809446  5.95 124.834609  64.985071  1.798
 36    47.079 53463.51809510  6.04 124.831639  64.988181  1.798
 36    46.920 53463.51809575  6.41 124.828659  64.991281  1.798
 37    47.002 53498.51815628 38.77 124.869165  64.948882 30.948
 37    46.890 53498.51815692 38.73 124.866195  64.951992 30.948
 37    46.988 53498.51815757 39.29 124.863225  64.955102 30.948
 37    46.976 53498.51815821 39.21 124.860252  64.958204 32.531
 37    46.852 53498.51815886 40.13 124.857292  64.961314 32.531
 37    46.812 53498.51815950 40.01 124.854312  64.964414 32.531
 37    46.888 53498.51816015 38.99 124.851342  64.967524 32.531
 37    46.816 53498.51816079 38.53 124.848372  64.970634 32.531
 37    46.791 53498.51816144 35.99 124.845402  64.973734 32.531
 37    46.752 53498.51816208 39.66 124.842432  64.976844 32.531
 37    46.743 53498.51816273 37.27 124.839462  64.979944 32.531
 37    46.696 53498.51816337 37.90 124.836482  64.983054 32.531
 37    46.702 53498.51816402 35.99 124.833512  64.986164 32.531
 37    46.677 53498.51816466 35.90 124.830532  64.989264 32.531
 38    49.987 53533.51813368 52.20 124.909988  64.923085 51.560
 38    49.984 53533.51813433 53.30 124.907028  64.926185 51.560
 38    50.002 53533.51813497 52.46 124.904068  64.929295 51.560
 38    50.006 53533.51813562 51.91 124.901098  64.932405 51.560
 38    49.946 53533.51813626 52.33 124.898138  64.935505 51.560
 38    49.919 53533.51813691 52.75 124.895178  64.938615 51.560
 38    49.908 53533.51813755 51.39 124.892208  64.941725 51.560
 38    49.849 53533.51813820 52.80 124.889248  64.944835 51.560
 38    49.701 53533.51813884 52.24 124.886278  64.947935 51.560
 38    49.646 53533.51813949 51.83 124.883318  64.951045 51.560
 38    49.729 53533.51814013 52.02 124.880348  64.954155 51.560
 38    49.705 53533.51814078 51.09 124.877374  64.957261 49.468
 38    49.671 53533.51814142 51.86 124.874414  64.960361 49.468
 38    49.564 53533.51814207 50.16 124.871444  64.963471 49.468
 38    49.524 53533.51814271 54.25 124.868474  64.966581 49.468
 38    49.463 53533.51814335 50.72 124.865504  64.969681 49.468
 38    49.405 53533.51814400 51.51 124.862534  64.972791 49.468
 38    49.379 53533.51814464 51.60 124.859564  64.975901 49.468
 38    49.332 53533.51814529 48.75 124.856584  64.979001 49.468
 38    49.280 53533.51814593 51.17 124.853614  64.982111 49.468
 39    49.277 53568.51815023 51.34 124.904444  64.919569 47.030
 39    49.222 53568.51815088 51.58 124.901484  64.922669 47.030
 39    49.226 53568.51815152 52.79 124.898524  64.925779 47.030
 39    49.083 53568.51815539 51.36 124.880744  64.944419 47.030
 39    48.986 53568.51815603 52.75 124.877784  64.947529 47.030
 39    48.897 53568.51815668 52.89 124.874814  64.950639 47.030
 39    48.913 53568.51815732 51.52 124.871844  64.953739 47.030
 39    48.936 53568.51815797 50.22 124.868884  64.956849 47.030
 39    48.878 53568.51815861 49.83 124.865914  64.959959 47.030
 39    48.818 53568.51815926 52.58 124.862947  64.963062 49.152
 39    48.716 53568.51815990 50.99 124.859977  64.966172 49.152
 39    48.668 53568.51816055 48.93 124.857007  64.969272 49.152
 39    48.618 53568.51816119 49.86 124.854037  64.972382 49.152
 39    48.589 53568.51816183 51.34 124.851057  64.975492 49.152
 39    48.568 53568.51816248 50.48 124.848087  64.978592 49.152
 39    48.522 53568.51816312 47.94 124.845117  64.981702 49.152
 39    48.483 53568.51816377 52.59 124.842147  64.984812 49.152
 39    48.447 53568.51816441 53.70 124.839167  64.987912 49.152
 39    48.433 53568.51816506 51.72 124.836197  64.991022 49.152
 40    48.207 53603.51809833 23.47 124.907630  64.932673 12.714
 40    47.943 53603.51809897 21.99 124.904670  64.935783 12.714
 40    47.803 53603.51809962 20.87 124.901700  64.938893 12.714
 40    47.611 53603.51810026 20.01 124.898740  64.942003 12.714
 40    47.269 53603.51810091 19.26 124.895780  64.945103 12.714
 40    47.194 53603.51810155 19.28 124.892810  64.948213 12.714
 40    46.344 53603.51810220 19.63 124.889850  64.951323 12.714
 40    46.820 53603.51810284 19.30 124.886880  64.954423 12.714
 40    47.448 53603.51810349 18.79 124.883910  64.957533 12.714
 40    47.324 53603.51810413 19.07 124.880950  64.960643 12.714
 40    47.590 53603.51810478 18.71 124.877984  64.963749 12.436
 40    48.136 53603.51810542 18.36 124.875014  64.966859 12.436
 40    49.767 53603.51810607 18.41 124.872044  64.969959 12.436
 40    50.085 53603.51810671 18.70 124.869074  64.973069 12.436
 40    49.470 53603.51810736 24.53 124.866104  64.976179 12.436
 40    48.383 53603.51810800 26.70 124.863134  64.979279 12.436
 41    48.172 53638.51810176 50.34 124.860146  64.953301 39.630
 41    48.143 53638.51810240 51.32 124.857186  64.956401 39.630
 41    48.009 53638.51810305 54.08 124.854214  64.959509 52.416
 41    48.000 53638.51810369 53.45 124.851244  64.962619 52.416
 41    47.961 53638.51810434 51.31 124.848274  64.965719 52.416
 41    47.948 53638.51810498 51.81 124.845294  64.968829 52.416
 41    47.934 53638.51810563 51.33 124.842324  64.971939 52.416
 41    47.929 53638.51810627 52.99 124.839354  64.975039 52.416
 41    47.907 53638.51810692 52.07 124.836374  64.978149 52.416
 41    47.779 53638.51810756 53.40 124.833404  64.981249 52.416
 41    47.691 53638.51810821 53.27 124.830424  64.984359 52.416
 41    47.642 53638.51810885 53.89 124.827454  64.987469 52.416
 42    46.689 53673.51811453 31.27 124.900540  64.917838 16.128
 42    46.639 53673.51812097 30.00 124.870900  64.948898 16.128
 42    46.631 53673.51812162 29.06 124.867930  64.952008 16.128
 42    46.511 53673.51812226 26.15 124.864960  64.955118 16.128
 42    46.363 53673.51812291 23.54 124.861990  64.958218 16.128
 42    46.207 53673.51812355 24.40 124.859025  64.961328  7.019
 42    46.196 53673.51812420 23.33 124.856055  64.964438  7.019
 42    46.264 53673.51812484 23.71 124.853085  64.967538  7.019
 42    46.464 53673.51812549 23.28 124.850115  64.970648  7.019
 42    46.550 53673.51812613 23.26 124.847145  64.973758  7.019
 42    46.495 53673.51812678 24.63 124.844165  64.976858  7.019
 42    46.509 53673.51812742 23.87 124.841195  64.979968  7.019
 42    46.405 53673.51812807 27.88 124.838225  64.983068  7.019
 42    46.363 53673.51812871 26.00 124.835245  64.986178  7.019
 42    46.339 53673.51812935 20.46 124.832275  64.989288  7.019
 42    46.311 53673.51813000 19.87 124.829295  64.992388  7.019
 43    46.761 53708.51804927 15.68 124.905194  64.938367  3.928
 43    46.656 53708.51804992 15.62 124.902224  64.941477  3.928
 43    46.572 53708.51805056 15.13 124.899264  64.944577  3.928
 43    46.738 53708.51805121 15.00 124.896294  64.947687  3.928
 43    46.807 53708.51805185 14.97 124.893334  64.950797  3.928
 43    46.627 53708.51805250 14.51 124.890364  64.953907  3.928
 43    46.503 53708.51805314 14.55 124.887404  64.957007  3.928
 43    46.582 53708.51805379 14.62 124.884434  64.960117  3.928
 43    46.710 53708.51805443 13.76 124.881464  64.963227  3.928
 43    46.678 53708.51805508 14.83 124.878495  64.966331  2.428
 43    46.789 53708.51805572 14.08 124.875525  64.969441  2.428
 43    46.752 53708.51805637 13.93 124.872555  64.972541  2.428
 43    46.643 53708.51805701 13.71 124.869585  64.975651  2.428
 43    46.687 53708.51805765 12.88 124.866615  64.978761  2.428
 44    46.415 53743.51796082 12.90 124.907289  64.943547  2.640
 44    46.564 53743.51796146 12.07 124.904329  64.946657  2.640
 44    46.703 53743.51796211 12.68 124.901369  64.949757  2.640
 44    46.817 53743.51796275 12.44 124.898399  64.952867  2.640
 44    46.812 53743.51796340 11.40 124.895439  64.955977  2.640
 44    46.799 53743.51796404 11.70 124.892469  64.959077  2.640
 44    46.864 53743.51796469 11.49 124.889509  64.962187  2.640
 44    46.963 53743.51796533 11.34 124.886539  64.965297  2.640
 44    47.279 53743.51796598 11.46 124.883566  64.968405  2.188
 44    47.385 53743.51796662 11.08 124.880606  64.971505  2.188
 44    47.065 53743.51796727 11.01 124.877636  64.974615  2.188
 45    46.761 53778.51798470  9.94 124.907282  64.922038  2.374
 45    46.735 53778.51798534 10.41 124.904312  64.925148  2.374
 45    46.620 53778.51798598 10.22 124.901352  64.928258  2.374
 45    46.563 53778.51798663  9.97 124.898392  64.931358  2.374
 45    46.337 53778.51798792 10.43 124.892462  64.937578  2.374
 45    46.294 53778.51798856 10.19 124.889502  64.940678  2.374
 45    46.407 53778.51798921 10.28 124.886532  64.943788  2.374
 45    46.433 53778.51798985 10.06 124.883562  64.946898  2.374
 45    46.541 53778.51799050  9.60 124.880602  64.950008  2.374
 45    46.448 53778.51799114  9.94 124.877632  64.953108  2.374
 45    46.405 53778.51799179  9.71 124.874662  64.956218  2.374
 45    46.324 53778.51799243  9.62 124.871692  64.959328  2.374
 45    46.269 53778.51799308  9.92 124.868723  64.962428  2.019
 45    46.348 53778.51799372  9.46 124.865753  64.965538  2.019
 45    46.368 53778.51799437  9.44 124.862783  64.968638  2.019
 45    46.221 53778.51799501  9.25 124.859813  64.971748  2.019
 45    46.522 53778.51799565  8.83 124.856843  64.974858  2.019
 45    46.705 53778.51799630  8.86 124.853863  64.977958  2.019
 45    46.894 53778.51799694  8.33 124.850893  64.981068  2.019
 45    46.773 53778.51799759  8.31 124.847923  64.984178  2.019
 45    46.826 53778.51799823  8.27 124.844943  64.987278  2.019
 46    45.896 53813.51796254  9.13 124.906486  64.941375  2.150
 46    45.972 53813.51796318  9.19 124.903516  64.944485  2.150
 46    45.857 53813.51796383  9.29 124.900556  64.947585  2.150
 46    45.915 53813.51796447  8.97 124.897586  64.950695  2.150
 46    45.749 53813.51796512  8.76 124.894626  64.953805  2.150
 46    46.373 53813.51796576  8.36 124.891656  64.956905  2.150
 46    46.297 53813.51796641  8.31 124.888696  64.960015  2.150
 46    46.641 53813.51796705  8.37 124.885726  64.963125  2.150
 46    46.825 53813.51796770  8.32 124.882756  64.966235  2.150
 46    47.038 53813.51796834  8.11 124.879786  64.969335  2.150
 46    46.966 53813.51796899  7.92 124.876816  64.972445  2.150
 46    47.012 53813.51796963  7.96 124.873856  64.975555  2.150
 47    46.825 53848.51802319  6.54 124.862583  64.951719  2.334
 47    47.068 53848.51802383  6.41 124.859613  64.954819  2.334
 47    47.421 53848.51802448  6.38 124.856643  64.957929  2.334
 47    47.292 53848.51802512  6.81 124.853673  64.961039  2.334
 47    46.747 53848.51802577  6.52 124.850703  64.964139  2.334
 47    45.761 53848.51802641  9.18 124.847731  64.967245  3.187
 47    45.989 53848.51802706  8.87 124.844761  64.970355  3.187
 47    46.032 53848.51802770 13.24 124.841791  64.973465  3.187
 47    46.224 53848.51802834 15.68 124.838811  64.976565  3.187
 47    46.291 53848.51802899 12.11 124.835841  64.979675  3.187
 47    47.229 53848.51802963  6.29 124.832861  64.982775  3.187
 47    47.454 53848.51803028  5.97 124.829891  64.985885  3.187
 47    47.364 53848.51803092  5.79 124.826911  64.988995  3.187
 49    50.027 53918.51810365 25.65 124.870150  64.948986 15.618
 49    50.027 53918.51810429 25.37 124.867190  64.952096 15.618
 49    49.979 53918.51810494 27.82 124.864220  64.955206 15.618
 49    49.841 53918.51810558 28.17 124.861250  64.958306 15.618
 49    49.790 53918.51810623 26.31 124.858280  64.961416 15.618
 49    49.694 53918.51810687 25.23 124.855310  64.964516 15.618
 49    49.612 53918.51810751 24.18 124.852343  64.967628 10.021
 49    49.606 53918.51810816 24.47 124.849373  64.970738 10.021
 49    49.576 53918.51810880 24.84 124.846403  64.973838 10.021
 49    49.395 53918.51810945 25.77 124.843423  64.976948 10.021
 49    49.530 53918.51811009 26.99 124.840453  64.980058 10.021
 49    49.654 53918.51811074 31.10 124.837483  64.983158 10.021
 49    49.619 53918.51811138 36.56 124.834503  64.986268 10.021
 49    49.690 53918.51811203 38.54 124.831533  64.989368 10.021
 50    46.957 53953.51809908 43.70 124.902466  64.916406 19.042
 50    46.886 53953.51810552 31.91 124.872836  64.947476 19.042
 50    46.655 53953.51810617 26.76 124.869866  64.950576 19.042
 50    46.413 53953.51810681 23.99 124.866896  64.953686 19.042
 50    46.508 53953.51810746 22.58 124.863926  64.956796 19.042
 50    46.390 53953.51810810 22.50 124.860966  64.959906 19.042
 50    46.311 53953.51810875 21.73 124.857996  64.963006 19.042
 50    46.187 53953.51810939 20.97 124.855026  64.966116 19.042
 50    45.997 53953.51811004 21.03 124.852056  64.969216 19.042
 50    46.268 53953.51811068 20.16 124.849086  64.972326  6.529
 50    46.264 53953.51811133 22.20 124.846106  64.975436  6.529
 50    46.327 53953.51811197 25.62 124.843136  64.978536  6.529
 50    46.516 53953.51811261 27.49 124.840166  64.981646  6.529
 50    46.501 53953.51811326 30.21 124.837196  64.984756  6.529
 50    46.289 53953.51811390 30.08 124.834216  64.987856  6.529
 50    46.571 53953.51811455 24.53 124.831246  64.990966  6.529
 52    47.515 54023.51808623 51.33 124.869737  64.948284 37.442
 52    47.439 54023.51808687 48.12 124.866767  64.951394 37.442
 52    47.310 54023.51808752 46.89 124.863797  64.954504 37.442
 52    47.255 54023.51808816 46.37 124.860827  64.957604 37.442
 52    47.238 54023.51808881 46.90 124.857857  64.960714 37.442
 52    47.240 54023.51808945 46.61 124.854887  64.963824 37.442
 52    47.241 54023.51809010 46.45 124.851917  64.966924 37.442
 52    47.261 54023.51809074 47.17 124.848943  64.970030 36.974
 52    47.266 54023.51809138 46.08 124.845963  64.973140 36.974
 52    47.248 54023.51809203 45.97 124.842993  64.976240 36.974
 52    47.269 54023.51809267 45.70 124.840023  64.979350 36.974
 52    47.206 54023.51809332 42.72 124.837043  64.982460 36.974
 52    47.156 54023.51809396 42.42 124.834073  64.985560 36.974
 52    47.148 54023.51809461 41.59 124.831093  64.988670 36.974
 53    47.070 54058.51807272 26.28 124.910300  64.921574 10.802
 53    47.120 54058.51807337 27.31 124.907340  64.924684 10.802
 53    47.031 54058.51807401 25.29 124.904380  64.927794 10.802
 53    47.027 54058.51807466 25.72 124.901420  64.930904 10.802
 53    46.990 54058.51807530 22.16 124.898450  64.934004 10.802
 53    46.887 54058.51807594 20.22 124.895490  64.937114 10.802
 53    46.742 54058.51807659 19.26 124.892520  64.940224 10.802
 53    46.561 54058.51807723 18.18 124.889560  64.943324 10.802
 53    46.566 54058.51807788 17.83 124.886590  64.946434 10.802
 53    46.662 54058.51807852 16.32 124.883620  64.949544 10.802
 53    46.736 54058.51807917 17.24 124.880660  64.952644 10.802
 53    46.767 54058.51807981 16.28 124.877690  64.955754 10.802
 53    46.863 54058.51808046 17.55 124.874720  64.958864 10.802
 53    46.872 54058.51808110 30.52 124.871750  64.961964 10.802
 53    46.851 54058.51808175 20.76 124.868780  64.965074 10.802
 53    46.685 54058.51808239 16.32 124.865810  64.968184 10.802
 53    46.711 54058.51808304 14.79 124.862840  64.971284 10.802
 53    46.668 54058.51808368 14.79 124.859863  64.974389  2.456
 53    46.501 54058.51808433 14.40 124.856893  64.977499  2.456
 53    46.468 54058.51808497 14.27 124.853923  64.980609  2.456
 53    46.484 54058.51808561 13.72 124.850943  64.983709  2.456
 54    47.340 54093.51805425 13.25 124.907464  64.931508  3.169
 54    47.202 54093.51805490 13.16 124.904504  64.934618  3.169
 54    47.305 54093.51805554 12.44 124.901544  64.937718  3.169
 54    46.994 54093.51805619 13.41 124.898584  64.940828  3.169
 54    46.812 54093.51805683 12.49 124.895614  64.943938  3.169
 54    46.873 54093.51805748 12.76 124.892654  64.947038  3.169
 54    46.744 54093.51805812 12.53 124.889684  64.950148  3.169
 54    46.727 54093.51805877 12.63 124.886724  64.953258  3.169
 54    46.805 54093.51805941 12.06 124.883754  64.956358  3.169
 54    46.931 54093.51806006 12.15 124.880784  64.959468  3.169
 54    46.988 54093.51806070 12.01 124.877824  64.962578  3.169
 54    47.084 54093.51806134 11.56 124.874854  64.965688  3.169
 54    47.131 54093.51806199 11.30 124.871884  64.968788  3.169
 54    46.970 54093.51806263 11.48 124.868914  64.971898  3.169
 54    46.998 54093.51806328 10.64 124.865944  64.974998  3.169
 54    47.031 54093.51806392 10.50 124.862970  64.978108  2.062
 54    47.887 54093.51806457 10.54 124.860000  64.981218  2.062
 55    46.771 54128.51799785  8.13 124.862811  64.951879  2.503
 55    46.837 54128.51799849  8.52 124.859841  64.954979  2.503
 55    46.399 54128.51799914  8.45 124.856871  64.958089  2.503
 55    46.628 54128.51799978  8.21 124.853901  64.961199  2.503
 55    46.560 54128.51800043  8.45 124.850931  64.964299  2.503
 55    46.333 54128.51800107  8.45 124.847956  64.967404  1.743
 55    46.398 54128.51800172  8.53 124.844976  64.970514  1.743
 55    46.342 54128.51800236  8.67 124.842006  64.973624  1.743
 55    46.968 54128.51800301  8.45 124.839036  64.976724  1.743
 55    47.345 54128.51800365  7.90 124.836056  64.979834  1.743
 55    47.551 54128.51800429  7.86 124.833086  64.982934  1.743
 55    47.347 54128.51800494  7.98 124.830106  64.986044  1.743
 55    47.252 54128.51800558  7.91 124.827136  64.989144  1.743
 56    47.235 54163.51802229  8.44 124.907758  64.921421  2.119
 56    46.979 54163.51802294  8.62 124.904798  64.924531  2.119
 56    46.762 54163.51802358  8.56 124.901838  64.927631  2.119
 56    46.765 54163.51802423  8.25 124.898878  64.930741  2.119
 56    46.955 54163.51802487  8.21 124.895912  64.933843  2.420
 56    46.114 54163.51802616  8.65 124.889982  64.940063  2.420
 56    46.288 54163.51802680  8.50 124.887022  64.943173  2.420
 56    46.253 54163.51802745  8.44 124.884052  64.946273  2.420
 56    46.449 54163.51802809  8.82 124.881082  64.949383  2.420
 56    46.495 54163.51802874  8.06 124.878122  64.952493  2.420
 56    46.341 54163.51802938  8.42 124.875152  64.955593  2.420
 56    46.367 54163.51803003  8.72 124.872182  64.958703  2.420
 56    46.342 54163.51803067 10.21 124.869212  64.961813  2.420
 56    46.480 54163.51803132  9.26 124.866252  64.964913  2.420
 56    46.629 54163.51803196  9.21 124.863282  64.968023  2.420
 56    46.069 54163.51803261 10.49 124.860312  64.971133  2.420
 56    47.389 54163.51803325  8.30 124.857332  64.974233  2.420
 56    47.995 54163.51803390  7.79 124.854362  64.977343  2.420
 56    47.538 54163.51803454  7.90 124.851392  64.980453  2.420
 56    48.225 54163.51803518  7.79 124.848422  64.983553  2.420
 56    48.032 54163.51803583  7.62 124.845442  64.986663  2.420
 57    48.205 54198.51799265  9.81 124.901415  64.915605  2.462
 57    46.972 54198.51799974  7.64 124.868802  64.949784  2.378
 57    46.970 54198.51800038  7.46 124.865842  64.952884  2.378
 57    46.862 54198.51800103  7.83 124.862872  64.955994  2.378
 57    47.039 54198.51800167  7.90 124.859902  64.959104  2.378
 57    46.485 54198.51800232  8.76 124.856932  64.962204  2.378
 57    46.553 54198.51800296  8.01 124.853962  64.965314  2.378
 57    46.690 54198.51800361  8.68 124.850982  64.968414  2.378
 57    47.304 54198.51800425  7.98 124.848012  64.971524  2.378
 57    47.721 54198.51800490  8.26 124.845042  64.974634  2.378
 57    47.923 54198.51800554  8.04 124.842072  64.977734  2.378
 57    47.683 54198.51800619  7.74 124.839092  64.980844  2.378
 57    47.888 54198.51800683  7.15 124.836116  64.983953  2.086
 57    47.389 54198.51800748  7.33 124.833146  64.987053  2.086
 57    47.312 54198.51800812  7.62 124.830166  64.990163  2.086
 58    47.312 54233.51803602 47.43 124.903324  64.919924 35.682
 58    47.288 54233.51803666 46.68 124.900364  64.923034 35.682
 58    46.642 54233.51804118 42.47 124.879604  64.944785 36.868
 58    46.601 54233.51804182 40.57 124.876644  64.947895 36.868
 58    46.473 54233.51804246 42.15 124.873674  64.950995 36.868
 58    46.601 54233.51804311 40.99 124.870704  64.954105 36.868
 58    46.570 54233.51804375 40.29 124.867734  64.957215 36.868
 58    46.476 54233.51804440 40.14 124.864764  64.960315 36.868
 58    46.411 54233.51804504 37.45 124.861794  64.963425 36.868
 58    46.370 54233.51804569 37.98 124.858824  64.966535 36.868
 58    46.370 54233.51804633 36.78 124.855854  64.969635 36.868
 58    46.313 54233.51804698 38.77 124.852884  64.972745 36.868
 58    46.436 54233.51804762 38.38 124.849914  64.975855 36.868
 58    46.451 54233.51804827 39.33 124.846944  64.978955 36.868
 58    46.509 54233.51804891 43.14 124.843964  64.982065 36.868
 58    46.521 54233.51804956 45.56 124.840994  64.985165 36.868
 58    46.476 54233.51805020 41.61 124.838014  64.988275 36.868
 58    46.266 54233.51805085 44.68 124.835040  64.991377 49.482
 58    46.336 54233.51805149 44.54 124.832060  64.994487 49.482
 59    51.055 54268.51805513 15.20 124.907124  64.920806 13.120
 59    50.945 54268.51805578 14.79 124.904164  64.923906 13.120
 59    50.933 54268.51805642 14.59 124.901204  64.927016 13.120
 59    50.776 54268.51805707 14.74 124.898241  64.930120  5.076
 59    51.434 54268.51805965 22.31 124.886381  64.942550  5.076
 59    51.425 54268.51806029 19.47 124.883411  64.945660  5.076
 59    51.168 54268.51806094 18.73 124.880451  64.948770  5.076
 59    50.499 54268.51806158 18.46 124.877481  64.951870  5.076
 59    49.992 54268.51806222 17.83 124.874511  64.954980  5.076
 59    49.419 54268.51806287 19.98 124.871551  64.958090  5.076
 59    49.424 54268.51806351 19.15 124.868581  64.961190  5.076
 59    50.087 54268.51806416 18.25 124.865611  64.964300  5.076
 59    50.366 54268.51806480 18.74 124.862641  64.967410  5.076
 59    50.362 54268.51806545 19.44 124.859661  64.970510  5.076
 59    50.534 54268.51806609 19.85 124.856691  64.973620  5.076
 59    50.404 54268.51806674 19.97 124.853721  64.976730  5.076
 59    49.746 54268.51806738 21.60 124.850751  64.979830  5.076
 59    49.898 54268.51806803 23.27 124.847781  64.982940  5.076
 59    50.101 54268.51806867 23.69 124.844801  64.986040  5.076
 60    49.135 54303.51805845 21.76 124.907856  64.919630 16.482
 60    49.003 54303.51805909 20.43 124.904896  64.922740 16.482
 60    48.968 54303.51805974 22.30 124.901936  64.925840 16.482
 60    49.019 54303.51806038 29.40 124.898966  64.928950 16.482
 60    50.997 54303.51806296 18.40 124.887115  64.941382  4.021
 60    51.095 54303.51806360 17.34 124.884145  64.944482  4.021
 60    50.879 54303.51806425 16.14 124.881185  64.947592  4.021
 60    48.315 54303.51806489 16.27 124.878215  64.950702  4.021
 60    48.067 54303.51806554 16.65 124.875245  64.953802  4.021
 60    48.462 54303.51806618 15.79 124.872275  64.956912  4.021
 60    48.266 54303.51806683 16.93 124.869315  64.960022  4.021
 60    48.598 54303.51806747 15.89 124.866345  64.963122  4.021
 60    48.640 54303.51806812 16.12 124.863375  64.966232  4.021
 60    49.128 54303.51806876 15.71 124.860405  64.969342  4.021
 60    48.669 54303.51806941 15.92 124.857425  64.972442  4.021
 60    48.698 54303.51807005 16.28 124.854455  64.975552  4.021
 60    48.687 54303.51807070 17.29 124.851485  64.978652  4.021
 60    48.820 54303.51807134 17.64 124.848515  64.981762  4.021
 60    49.117 54303.51807199 18.45 124.845535  64.984872  4.021
 60    48.370 54303.51807263 20.85 124.842565  64.987972  4.021
 61    49.141 54338.51804414 23.22 124.909452  64.923439 23.857
 61    48.123 54338.51804478 21.81 124.906492  64.926549 23.857
 61    48.171 54338.51804543 21.10 124.903532  64.929649 23.857
 61    48.551 54338.51804607 19.15 124.900562  64.932759 23.857
 61    48.356 54338.51804672 20.35 124.897601  64.935872  5.221
 61    48.326 54338.51804736 20.51 124.894641  64.938972  5.221
 61    48.088 54338.51804800 20.67 124.891671  64.942082  5.221
 61    47.843 54338.51804865 20.70 124.888711  64.945192  5.221
 61    47.816 54338.51804929 17.64 124.885741  64.948292  5.221
 61    47.595 54338.51804994 17.60 124.882781  64.951402  5.221
 61    47.422 54338.51805058 18.39 124.879811  64.954512  5.221
 61    47.657 54338.51805123 17.23 124.876841  64.957612  5.221
 61    47.546 54338.51805187 17.21 124.873871  64.960722  5.221
 61    47.471 54338.51805252 17.63 124.870911  64.963832  5.221
 61    47.544 54338.51805316 17.64 124.867941  64.966932  5.221
 61    47.645 54338.51805381 17.21 124.864971  64.970042  5.221
 61    48.763 54338.51805445 17.59 124.862001  64.973152  5.221
 61    47.886 54338.51805510 17.52 124.859021  64.976252  5.221
 61    47.875 54338.51805574 17.97 124.856051  64.979362  5.221
 61    47.851 54338.51805639 18.40 124.853081  64.982472  5.221
 62    48.124 54373.51799161 23.27 124.903840  64.917450 10.741
 62    48.278 54373.51799225 23.08 124.900880  64.920560 10.741
 62    47.456 54373.51799741 27.48 124.877160  64.945420 10.741
 62    47.292 54373.51799806 21.64 124.874196  64.948524  4.299
 62    47.348 54373.51799870 20.96 124.871226  64.951634  4.299
 62    47.285 54373.51799934 20.35 124.868256  64.954734  4.299
 62    47.347 54373.51799999 20.92 124.865296  64.957844  4.299
 62    47.425 54373.51800063 20.22 124.862326  64.960954  4.299
 62    47.180 54373.51800128 20.99 124.859346  64.964054  4.299
 62    47.057 54373.51800192 19.70 124.856376  64.967164  4.299
 62    47.058 54373.51800257 20.58 124.853406  64.970274  4.299
 62    47.631 54373.51800321 21.14 124.850436  64.973374  4.299
 62    47.671 54373.51800386 21.02 124.847466  64.976484  4.299
 62    46.705 54373.51800450 20.49 124.844486  64.979584  4.299
 62    47.095 54373.51800515 20.59 124.841516  64.982694  4.299
 62    47.721 54373.51800579 22.03 124.838536  64.985804  4.299
 62    47.743 54373.51800644 22.85 124.835566  64.988904  4.299
 62    47.444 54373.51800708 23.64 124.832586  64.992014  4.299
 63    46.233 54408.51798934 39.51 124.906899  64.921115 32.869
 63    46.277 54408.51798998 42.74 124.903939  64.924215 32.869
 63    46.350 54408.51799063 41.65 124.900979  64.927325 32.869
 63    46.410 54408.51799127 44.14 124.898009  64.930435 32.869
 63    46.193 54408.51799321 39.95 124.889119  64.939755 32.869
 63    46.205 54408.51799385 38.05 124.886159  64.942865 32.869
 63    46.192 54408.51799449 41.86 124.883189  64.945965 32.869
 63    46.173 54408.51799514 42.75 124.880229  64.949075 32.869
 63    46.160 54408.51799578 43.53 124.877259  64.952185 32.869
 63    46.170 54408.51799643 43.87 124.874290  64.955289 25.303
 63    46.186 54408.51799707 38.98 124.871320  64.958399 25.303
 63    46.142 54408.51799772 39.51 124.868350  64.961499 25.303
 63    46.120 54408.51799836 38.17 124.865390  64.964609 25.303
 63    46.001 54408.51799901 35.38 124.862420  64.967719 25.303
 63    46.038 54408.51799965 35.01 124.859450  64.970819 25.303
 63    46.072 54408.51800030 36.24 124.856470  64.973929 25.303
 63    45.988 54408.51800094 33.06 124.853500  64.977029 25.303
 63    45.799 54408.51800159 30.19 124.850530  64.980139 25.303
 63    45.619 54408.51800223 27.89 124.847560  64.983249 25.303
 63    45.823 54408.51800288 26.67 124.844580  64.986349 25.303
 64    46.707 54443.51795990 17.23 124.863217  64.950786  3.882
 64    46.400 54443.51796054 18.09 124.860247  64.953896  3.882
 64    46.318 54443.51796119 18.33 124.857277  64.957006  3.882
 64    46.202 54443.51796183 18.03 124.854307  64.960106  3.882
 64    46.248 54443.51796247 17.62 124.851327  64.963216  3.882
 64    46.236 54443.51796312 18.72 124.848357  64.966316  3.882
 64    46.405 54443.51796376 17.77 124.845387  64.969426  3.882
 64    46.439 54443.51796441 17.45 124.842417  64.972536  3.882
 64    46.204 54443.51796505 17.85 124.839437  64.975636  3.882
 64    45.940 54443.51796570 15.78 124.836467  64.978746  3.882
 64    46.168 54443.51796634 14.93 124.833487  64.981846  3.882
 64    46.256 54443.51796699 14.00 124.830517  64.984956  3.882
 64    46.535 54443.51796763 13.32 124.827537  64.988066  3.882
 65    47.141 54478.51797906 14.68 124.906160  64.921815  4.307
 65    47.142 54478.51797970 14.70 124.903190  64.924925  4.307
 65    47.163 54478.51798035 14.71 124.900230  64.928035  4.307
 65    47.054 54478.51798099 15.28 124.897270  64.931135  4.307
 65    46.996 54478.51798293 14.92 124.888380  64.940455  4.307
 65    46.845 54478.51798357 14.73 124.885410  64.943565  4.307
 65    46.632 54478.51798421 14.02 124.882450  64.946675  4.307
 65    46.556 54478.51798486 14.61 124.879480  64.949775  4.307
 65    46.522 54478.51798550 14.86 124.876510  64.952885  4.307
 65    46.737 54478.51798615 14.54 124.873540  64.955995  4.307
 65    46.767 54478.51798679 14.61 124.870580  64.959095  4.307
 65    46.711 54478.51798744 16.55 124.867610  64.962205  4.307
 65    46.824 54478.51798808 17.21 124.864640  64.965315  4.307
 65    46.881 54478.51798873 17.49 124.861670  64.968415  4.307
 65    46.894 54478.51798937 16.64 124.858700  64.971523  3.049
 65    46.916 54478.51799002 14.54 124.855720  64.974633  3.049
 65    46.839 54478.51799066 13.56 124.852750  64.977733  3.049
 65    46.555 54478.51799131 13.63 124.849780  64.980843  3.049
 65    46.582 54478.51799195 12.42 124.846810  64.983953  3.049
 65    46.620 54478.51799260 12.05 124.843830  64.987053  3.049
 66    46.680 54513.51797481 10.90 124.865350  64.950993  2.995
 66    46.747 54513.51797545 10.41 124.862380  64.954103  2.995
 66    46.401 54513.51797610 10.99 124.859410  64.957203  2.995
 66    46.228 54513.51797674 11.61 124.856440  64.960313  2.995
 66    46.296 54513.51797739 11.92 124.853470  64.963413  2.995
 66    46.395 54513.51797803 11.39 124.850490  64.966523  2.995
 66    46.390 54513.51797867 11.22 124.847520  64.969633  2.995
 66    46.262 54513.51797932 10.13 124.844550  64.972733  2.995
 66    46.136 54513.51797996 10.26 124.841580  64.975843  2.995
 66    46.134 54513.51798061  9.85 124.838604  64.978952  2.118
 66    46.318 54513.51798125  9.03 124.835624  64.982052  2.118
 66    46.792 54513.51798190  9.19 124.832654  64.985162  2.118
 66    46.695 54513.51798254  9.04 124.829674  64.988262  2.118
 67    47.247 54548.51799286  8.56 124.909579  64.922879  2.031
 67    47.309 54548.51799350  8.34 124.906620  64.925984  2.642
 67    46.881 54548.51799415  8.51 124.903660  64.929094  2.642
 67    46.899 54548.51799479  8.66 124.900700  64.932204  2.642
 67    46.618 54548.51799544  8.64 124.897730  64.935314  2.642
 67    46.460 54548.51799608  8.62 124.894770  64.938414  2.642
 67    46.249 54548.51799673  8.83 124.891810  64.941524  2.642
 67    46.152 54548.51799737  8.85 124.888840  64.944634  2.642
 67    46.030 54548.51799802  8.98 124.885880  64.947734  2.642
 67    45.978 54548.51799866  8.98 124.882910  64.950844  2.642
 67    46.002 54548.51799930  9.38 124.879940  64.953954  2.642
 67    46.209 54548.51799995  9.17 124.876980  64.957054  2.642
 67    46.173 54548.51800059  9.22 124.874010  64.960164  2.642
 67    46.344 54548.51800124  9.82 124.871040  64.963274  2.642
 67    46.698 54548.51800188  8.79 124.868070  64.966374  2.642
 67    46.706 54548.51800253  9.59 124.865100  64.969484  2.642
 67    46.777 54548.51800317  9.41 124.862130  64.972594  2.642
 67    46.645 54548.51800382  8.21 124.859160  64.975694  2.642
 67    46.946 54548.51800446  8.42 124.856190  64.978804  2.642
 67    47.332 54548.51800511  7.58 124.853220  64.981914  2.642
 67    46.956 54548.51800575  7.44 124.850240  64.985014  2.642
 68    47.529 54583.51796379  8.91 124.906277  64.919203  2.438
 68    47.385 54583.51796443  7.71 124.903317  64.922313  2.438
 68    47.286 54583.51796507  8.33 124.900357  64.925423  2.438
 68    47.579 54583.51796572  7.51 124.897387  64.928523  2.438
 68    47.005 54583.51796894  7.50 124.882567  64.944063  2.438
 68    46.786 54583.51796959  7.30 124.879597  64.947173  2.438
 68    46.482 54583.51797023  7.22 124.876637  64.950273  2.438
 68    46.607 54583.51797088  7.12 124.873667  64.953383  2.438
 68    46.669 54583.51797152  6.60 124.870697  64.956493  2.438
 68    46.541 54583.51797217  6.77 124.867727  64.959593  2.438
 68    46.568 54583.51797281  7.05 124.864757  64.962703  2.438
 68    46.765 54583.51797346  6.70 124.861787  64.965813  2.438
 68    47.000 54583.51797410  7.02 124.858817  64.968913  2.438
 68    46.770 54583.51797474  6.72 124.855847  64.972023  2.438
 68    46.821 54583.51797539  6.69 124.852877  64.975133  2.438
 68    46.757 54583.51797603  6.86 124.849897  64.978233  2.438
 68    46.663 54583.51797668  7.17 124.846929  64.981339  2.690
 68    46.884 54583.51797732  7.50 124.843959  64.984449  2.690
 68    47.391 54583.51797797  6.90 124.840979  64.987559  2.690
 69    52.436 54618.51798391 50.95 124.907048  64.919042 44.494
 69    52.412 54618.51798456 48.90 124.904085  64.922147 23.313
 69    52.387 54618.51798520 47.95 124.901125  64.925257 23.313
 69    52.373 54618.51798585 48.43 124.898165  64.928367 23.313
 69    52.299 54618.51798907 44.22 124.883345  64.943897 23.313
 69    52.318 54618.51798971 39.50 124.880375  64.947007 23.313
 69    52.222 54618.51799036 43.45 124.877405  64.950117 23.313
 69    52.204 54618.51799100 43.55 124.874445  64.953217 23.313
 69    52.171 54618.51799165 44.98 124.871475  64.956327 23.313
 69    52.163 54618.51799229 41.93 124.868505  64.959437 23.313
 69    52.133 54618.51799294 40.21 124.865535  64.962537 23.313
 69    52.054 54618.51799358 41.51 124.862565  64.965647 23.313
 69    52.012 54618.51799423 43.25 124.859595  64.968757 23.313
 69    51.985 54618.51799487 41.45 124.856625  64.971857 23.313
 69    51.960 54618.51799552 40.83 124.853655  64.974967 23.313
 69    51.930 54618.51799616 41.74 124.850675  64.978077 23.313
 69    51.895 54618.51799681 41.69 124.847705  64.981177 23.313
 69    51.864 54618.51799745 42.97 124.844728  64.984282 29.654
 69    51.823 54618.51799810 43.64 124.841758  64.987392 29.654
 70    48.746 54653.51799578 54.74 124.905435  64.920069 45.920
 70    48.713 54653.51799642 53.83 124.902472  64.923174 51.968
 70    48.801 54653.51799707 53.36 124.899512  64.926284 51.968
 70    48.764 54653.51800029 52.57 124.884692  64.941824 51.968
 70    48.784 54653.51800093 51.48 124.881732  64.944924 51.968
 70    48.771 54653.51800158 53.40 124.878762  64.948034 51.968
 70    48.734 54653.51800222 52.32 124.875792  64.951144 51.968
 70    48.662 54653.51800287 54.30 124.872832  64.954244 51.968
 70    48.599 54653.51800351 50.59 124.869862  64.957354 51.968
 70    48.600 54653.51800416 53.24 124.866892  64.960464 51.968
 70    48.615 54653.51800480 53.35 124.863922  64.963564 51.968
 70    48.503 54653.51800545 50.78 124.860952  64.966674 51.968
 70    48.396 54653.51800609 52.39 124.857982  64.969784 51.968
 70    48.354 54653.51800674 53.20 124.855012  64.972884 51.968
 70    48.344 54653.51800738 53.01 124.852042  64.975994 51.968
 70    48.288 54653.51800803 54.26 124.849062  64.979094 51.968
 70    48.264 54653.51800867 54.05 124.846092  64.982204 51.968
 70    48.265 54653.51800932 53.08 124.843116  64.985307 55.450
 70    48.273 54653.51800996 54.05 124.840146  64.988417 55.450
 71    48.750 54688.51798502 20.95 124.909019  64.922841 17.305
 71    48.797 54688.51798567 21.30 124.906059  64.925941 17.305
 71    48.809 54688.51798631 21.86 124.903099  64.929051 17.305
 71    48.767 54688.51798696 22.03 124.900132  64.932156  2.672
 71    48.807 54688.51798760 19.85 124.897172  64.935266  2.672
 71    48.753 54688.51798825 18.21 124.894212  64.938376  2.672
 71    50.636 54688.51798889 17.58 124.891242  64.941476  2.672
 71    50.572 54688.51798954 17.43 124.888282  64.944586  2.672
 71    48.335 54688.51799018 17.48 124.885312  64.947696  2.672
 71    48.294 54688.51799083 17.11 124.882352  64.950806  2.672
 71    48.130 54688.51799147 17.13 124.879382  64.953906  2.672
 71    48.023 54688.51799211 17.35 124.876412  64.957016  2.672
 71    48.204 54688.51799276 17.20 124.873452  64.960126  2.672
 71    48.240 54688.51799340 16.92 124.870482  64.963226  2.672
 71    48.223 54688.51799405 17.44 124.867512  64.966336  2.672
 71    48.298 54688.51799469 17.31 124.864542  64.969446  2.672
 71    48.561 54688.51799534 17.48 124.861572  64.972546  2.672
 71    48.340 54688.51799598 18.27 124.858592  64.975656  2.672
 71    48.412 54688.51799663 18.54 124.855622  64.978766  2.672
 71    48.486 54688.51799727 19.39 124.852652  64.981866  2.672
 71    48.424 54688.51799792 20.30 124.849682  64.984976  2.672
 72    50.016 54723.51795071 14.52 124.864927  64.951459  3.034
 72    49.910 54723.51795135 14.60 124.861957  64.954569  3.034
 72    49.911 54723.51795200 14.79 124.858987  64.957669  3.034
 72    49.823 54723.51795264 15.35 124.856017  64.960779  3.034
 72    49.825 54723.51795329 15.62 124.853037  64.963889  3.034
 72    49.766 54723.51795393 16.10 124.850067  64.966989  3.034
 72    49.080 54723.51795458 16.53 124.847097  64.970099  3.034
 72    49.009 54723.51795522 17.33 124.844127  64.973199  3.034
 72    49.121 54723.51795587 17.05 124.841147  64.976309  3.034
 72    49.046 54723.51795651 17.84 124.838177  64.979411  3.172
 72    49.160 54723.51795716 17.47 124.835197  64.982521  3.172
 72    48.701 54723.51795780 17.79 124.832227  64.985631  3.172
 72    48.700 54723.51795845 17.79 124.829247  64.988731  3.172
 73    47.088 54758.51796058 53.41 124.906221  64.921763 47.014
 73    47.022 54758.51796123 53.44 124.903261  64.924873 47.014
 73    46.964 54758.51796187 52.83 124.900301  64.927973 47.014
 73    46.927 54758.51796252 52.44 124.897341  64.931083 47.014
 73    46.852 54758.51796445 51.48 124.888441  64.940403 47.014
 73    46.856 54758.51796510 53.19 124.885481  64.943513 47.014
 73    46.846 54758.51796574 51.58 124.882511  64.946613 47.014
 73    46.812 54758.51796639 48.53 124.879551  64.949723 47.014
 73    46.775 54758.51796703 48.28 124.876581  64.952833 47.014
 73    46.768 54758.51796767 48.97 124.873611  64.955933 47.014
 73    46.778 54758.51796832 50.25 124.870641  64.959043 47.014
 73    46.806 54758.51796896 49.89 124.867671  64.962153 47.014
 73    46.820 54758.51796961 48.38 124.864711  64.965253 47.014
 73    46.815 54758.51797025 50.02 124.861739  64.968362 45.560
 73    46.795 54758.51797090 48.27 124.858769  64.971472 45.560
 73    46.754 54758.51797154 49.64 124.855789  64.974572 45.560
 73    46.657 54758.51797219 49.57 124.852819  64.977682 45.560
 73    46.675 54758.51797283 49.43 124.849849  64.980792 45.560
 73    46.690 54758.51797348 48.43 124.846879  64.983892 45.560
 73    46.569 54758.51797412 42.85 124.843899  64.987002 45.560
 74    46.798 54793.51794432 18.23 124.859797  64.952842  6.513
 74    46.482 54793.51794496 18.51 124.856827  64.955942  6.513
 74    46.345 54793.51794561 18.61 124.853857  64.959052  6.513
 74    46.149 54793.51794625 19.28 124.850887  64.962152  6.513
 74    45.985 54793.51794690 20.65 124.847917  64.965262  6.513
 74    46.120 54793.51794754 20.76 124.844937  64.968372  6.513
 74    46.322 54793.51794819 21.48 124.841967  64.971472  6.513
 74    46.412 54793.51794883 20.58 124.838997  64.974582  6.513
 74    46.255 54793.51794948 20.49 124.836023  64.977691  3.357
 74    46.243 54793.51795012 17.89 124.833043  64.980791  3.357
 74    46.071 54793.51795077 16.84 124.830073  64.983901  3.357
 74    46.200 54793.51795141 15.48 124.827093  64.987001  3.357
 75    47.238 54828.51795874 16.60 124.905957  64.918751  2.692
 75    47.296 54828.51795938 16.97 124.902997  64.921861  2.692
 75    47.209 54828.51796002 16.63 124.900031  64.924964  4.467
 75    46.976 54828.51796389 15.65 124.882241  64.943614  4.467
 75    46.896 54828.51796454 14.52 124.879281  64.946714  4.467
 75    46.768 54828.51796518 14.95 124.876311  64.949824  4.467
 75    46.775 54828.51796583 14.44 124.873341  64.952934  4.467
 75    46.806 54828.51796647 13.66 124.870381  64.956034  4.467
 75    47.077 54828.51796712 13.79 124.867411  64.959144  4.467
 75    47.138 54828.51796776 14.59 124.864441  64.962254  4.467
 75    47.089 54828.51796841 14.80 124.861471  64.965354  4.467
 75    47.010 54828.51796905 15.94 124.858501  64.968464  4.467
 75    47.024 54828.51796969 18.42 124.855531  64.971574  4.467
 75    47.102 54828.51797034 16.96 124.852551  64.974674  4.467
 75    47.021 54828.51797098 15.59 124.849581  64.977784  4.467
 75    46.863 54828.51797163 15.90 124.846611  64.980884  4.467
 75    46.770 54828.51797227 14.24 124.843631  64.983994  4.467
 75    46.663 54828.51797292 13.03 124.840661  64.987096  2.432
 75    46.752 54828.51797356 12.07 124.837681  64.990206  2.432
 76    46.582 54863.51793793 11.85 124.868173  64.950228  3.047
 76    46.419 54863.51793857 11.92 124.865203  64.953338  3.047
 76    46.366 54863.51793922 12.27 124.862233  64.956438  3.047
 76    46.438 54863.51793986 12.04 124.859263  64.959548  3.047
 76    46.496 54863.51794050 12.21 124.856293  64.962658  3.047
 76    46.433 54863.51794115 11.95 124.853323  64.965758  3.047
 76    46.375 54863.51794179 12.58 124.850353  64.968868  3.047
 76    46.430 54863.51794244 12.53 124.847373  64.971968  3.047
 76    46.465 54863.51794308 11.59 124.844403  64.975078  3.047
 76    46.471 54863.51794373 11.78 124.841427  64.978180  2.158
 76    46.226 54863.51794437 11.19 124.838457  64.981290  2.158
 76    46.337 54863.51794502 10.74 124.835477  64.984400  2.158
 76    46.608 54863.51794566 10.11 124.832507  64.987500  2.158
 76    46.636 54863.51794631 10.32 124.829527  64.990610  2.158
 77    47.194 54898.51795909 10.71 124.906476  64.922750  2.112
 77    46.821 54898.51795974 10.94 124.903514  64.925853  2.981
 77    46.599 54898.51796038 11.54 124.900554  64.928963  2.981
 77    46.380 54898.51796103 11.25 124.897594  64.932073  2.981
 77    46.347 54898.51796296 10.60 124.888704  64.941393  2.981
 77    46.263 54898.51796360 10.52 124.885734  64.944503  2.981
 77    46.048 54898.51796425 10.72 124.882774  64.947603  2.981
 77    46.123 54898.51796489 10.51 124.879804  64.950713  2.981
 77    46.019 54898.51796554 10.74 124.876834  64.953823  2.981
 77    45.991 54898.51796618 10.55 124.873874  64.956923  2.981
 77    46.082 54898.51796683 10.83 124.870904  64.960033  2.981
 77    46.097 54898.51796747  9.95 124.867934  64.963143  2.981
 77    46.109 54898.51796812 12.38 124.864964  64.966243  2.981
 77    45.960 54898.51796876 12.79 124.861994  64.969353  2.981
 77    46.132 54898.51796941 12.51 124.859024  64.972463  2.981
 77    46.231 54898.51797005 10.57 124.856054  64.975563  2.981
 77    46.554 54898.51797070 10.12 124.853084  64.978673  2.981
 77    46.507 54898.51797134  9.36 124.850104  64.981773  2.981
 77    46.603 54898.51797199  9.44 124.847134  64.984883  2.981
 78    47.671 54933.51792554  8.80 124.901254  64.917713  1.889
 78    46.658 54933.51793199  9.01 124.871601  64.948785  2.347
 78    46.668 54933.51793263  8.71 124.868641  64.951885  2.347
 78    46.641 54933.51793328  9.15 124.865671  64.954995  2.347
 78    46.229 54933.51793392  8.80 124.862701  64.958105  2.347
 78    46.009 54933.51793457  8.60 124.859731  64.961205  2.347
 78    46.107 54933.51793521  8.68 124.856761  64.964315  2.347
 78    46.245 54933.51793586  9.02 124.853791  64.967425  2.347
 78    46.079 54933.51793650  8.66 124.850811  64.970525  2.347
 78    46.040 54933.51793715  8.70 124.847841  64.973635  2.347
 78    45.938 54933.51793779  8.16 124.844871  64.976735  2.347
 78    45.978 54933.51793843  8.07 124.841891  64.979845  2.347
 78    46.287 54933.51793908  8.04 124.838924  64.982946  2.022
 78    46.567 54933.51793972  7.85 124.835944  64.986056  2.022
 78    46.900 54933.51794037  7.85 124.832974  64.989166  2.022
 78    46.894 54933.51794101  8.01 124.829994  64.992266  2.022
 79    50.042 54968.51795997 31.25 124.906183  64.919742 29.397
 79    50.050 54968.51796061 31.19 124.903223  64.922852 29.397
 79    50.077 54968.51796126 30.31 124.900263  64.925957 15.842
 79    50.074 54968.51796190 29.30 124.897303  64.929067 15.842
 79    49.984 54968.51796448 36.60 124.885443  64.941497 15.842
 79    50.777 54968.51796512 25.74 124.882473  64.944607 15.842
 79    49.746 54968.51796577 24.64 124.879513  64.947707 15.842
 79    49.704 54968.51796641 23.18 124.876543  64.950817 15.842
 79    49.655 54968.51796706 20.11 124.873573  64.953927 15.842
 79    49.510 54968.51796770 19.79 124.870613  64.957027 15.842
 79    49.153 54968.51796835 22.32 124.867643  64.960137 15.842
 79    49.435 54968.51796899 22.24 124.864673  64.963247 15.842
 79    49.496 54968.51796964 28.30 124.861703  64.966347 15.842
 79    49.705 54968.51797028 29.36 124.858733  64.969457 15.842
 79    49.744 54968.51797093 32.45 124.855763  64.972567 15.842
 79    49.733 54968.51797157 28.54 124.852783  64.975667 15.842
 79    49.543 54968.51797222 24.08 124.849813  64.978777 15.842
 79    49.423 54968.51797286 22.79 124.846843  64.981877 15.842
 79    49.621 54968.51797351 24.55 124.843863  64.984987 15.842
 79    49.602 54968.51797415 32.10 124.840891  64.988091 13.349
 80    50.710 55003.51797958 14.30 124.904024  64.919145 19.009
 80    50.517 55003.51798023 13.86 124.901054  64.922255 19.009
 80    50.421 55003.51798087 13.57 124.898099  64.925359  5.262
 80    51.488 55003.51798474 27.44 124.880309  64.944009  5.262
 80    51.304 55003.51798538 19.70 124.877349  64.947109  5.262
 80    50.568 55003.51798603 14.11 124.874379  64.950219  5.262
 80    50.132 55003.51798667 14.68 124.871409  64.953329  5.262
 80    49.850 55003.51798732 15.23 124.868449  64.956429  5.262
 80    49.928 55003.51798796 14.54 124.865479  64.959539  5.262
 80    49.984 55003.51798861 13.89 124.862509  64.962649  5.262
 80    49.857 55003.51798925 15.24 124.859539  64.965749  5.262
 80    49.784 55003.51798990 16.19 124.856569  64.968859  5.262
 80    49.729 55003.51799054 16.64 124.853599  64.971969  5.262
 80    48.437 55003.51799119 17.75 124.850619  64.975069  5.262
 80    48.878 55003.51799183 18.59 124.847649  64.978179  5.262
 80    48.230 55003.51799248 21.24 124.844679  64.981289  5.262
 80    48.851 55003.51799312 21.00 124.841699  64.984389  5.262
 80    48.911 55003.51799377 23.18 124.838731  64.987492  3.914
 80    49.194 55003.51799441 20.28 124.835751  64.990602  3.914
 80    49.420 55003.51799505 17.71 124.832781  64.993712  3.914
 81    48.301 55038.51796686 23.23 124.906825  64.921459 22.403
 81    48.313 55038.51796751 23.20 124.903866  64.924563  5.014
 81    47.935 55038.51796815 24.16 124.900896  64.927673  5.014
 81    48.138 55038.51796880 21.36 124.897936  64.930783  5.014
 81    50.910 55038.51797073 18.64 124.889046  64.940103  5.014
 81    51.182 55038.51797138 18.37 124.886076  64.943213  5.014
 81    47.525 55038.51797202 19.02 124.883116  64.946313  5.014
 81    47.535 55038.51797267 18.05 124.880146  64.949423  5.014
 81    47.299 55038.51797331 17.51 124.877176  64.952533  5.014
 81    47.229 55038.51797396 16.74 124.874216  64.955633  5.014
 81    47.039 55038.51797460 17.08 124.871246  64.958743  5.014
 81    47.204 55038.51797524 16.52 124.868276  64.961853  5.014
 81    47.183 55038.51797589 17.10 124.865306  64.964953  5.014
 81    47.388 55038.51797653 17.48 124.862336  64.968063  5.014
 81    47.464 55038.51797718 16.35 124.859366  64.971173  5.014
 81    47.493 55038.51797782 16.66 124.856396  64.974273  5.014
 81    47.625 55038.51797847 17.20 124.853416  64.977383  5.014
 81    47.933 55038.51797911 17.14 124.850446  64.980483  5.014
 81    48.229 55038.51797976 17.55 124.847476  64.983593  5.014
 81    48.370 55038.51798040 17.57 124.844504  64.986697  5.875
 82    48.306 55073.51795197 51.81 124.911100  64.922178 45.412
 82    48.289 55073.51795262 52.67 124.908140  64.925288 45.412
 82    48.239 55073.51795326 52.19 124.905180  64.928388 45.412
 82    48.259 55073.51795391 51.13 124.902220  64.931494 49.170
 82    48.231 55073.51795455 50.39 124.899260  64.934604 49.170
 82    48.216 55073.51795520 50.05 124.896290  64.937714 49.170
 82    48.226 55073.51795584 50.39 124.893330  64.940814 49.170
 82    48.214 55073.51795649 51.04 124.890370  64.943924 49.170
 82    48.207 55073.51795713 51.34 124.887400  64.947034 49.170
 82    48.174 55073.51795778 50.44 124.884430  64.950144 49.170
 82    48.126 55073.51795842 49.62 124.881470  64.953244 49.170
 82    48.036 55073.51795906 51.12 124.878500  64.956354 49.170
 82    48.043 55073.51795971 51.58 124.875530  64.959464 49.170
 82    48.022 55073.51796035 53.28 124.872570  64.962564 49.170
 82    47.995 55073.51796100 51.47 124.869600  64.965674 49.170
 82    47.989 55073.51796164 49.29 124.866630  64.968784 49.170
 82    47.985 55073.51796229 51.81 124.863660  64.971884 49.170
 82    47.879 55073.51796293 54.07 124.860690  64.974994 49.170
 82    47.819 55073.51796358 52.49 124.857720  64.978104 49.170
 82    47.776 55073.51796422 51.49 124.854740  64.981204 49.170
 82    47.807 55073.51796487 52.35 124.851770  64.984314 49.170
 83    47.855 55108.51790535 21.83 124.868005  64.949751  5.293
 83    47.469 55108.51790600 24.10 124.865035  64.952851  5.293
 83    47.491 55108.51790664 20.96 124.862075  64.955961  5.293
 83    47.432 55108.51790728 20.46 124.859105  64.959071  5.293
 83    47.497 55108.51790793 18.49 124.856135  64.962171  5.293
 83    47.385 55108.51790857 18.64 124.853155  64.965281  5.293
 83    47.300 55108.51790922 17.83 124.850185  64.968381  5.293
 83    46.926 55108.51790986 19.10 124.847215  64.971491  5.293
 83    47.141 55108.51791051 18.10 124.844245  64.974601  5.293
 83    47.313 55108.51791115 17.87 124.841265  64.977701  5.293
 83    47.551 55108.51791180 18.20 124.838295  64.980811  5.293
 83    47.407 55108.51791244 18.17 124.835316  64.983920  4.558
 83    47.342 55108.51791309 18.52 124.832346  64.987020  4.558
 83    47.372 55108.51791373 19.86 124.829366  64.990130  4.558
 84    45.963 55143.51790306 31.68 124.908380  64.919761  8.107
 84    45.925 55143.51790371 32.46 124.905420  64.922871  8.107
 84    45.877 55143.51790435 35.00 124.902454  64.925974 22.302
 84    45.802 55143.51790500 37.53 124.899494  64.929084 22.302
 84    45.731 55143.51790564 36.32 124.896534  64.932194 22.302
 84    45.842 55143.51790757 32.46 124.887644  64.941514 22.302
 84    45.754 55143.51790822 30.48 124.884674  64.944624 22.302
 84    45.998 55143.51790886 29.59 124.881714  64.947724 22.302
 84    46.002 55143.51790951 32.03 124.878744  64.950834 22.302
 84    46.012 55143.51791015 42.08 124.875774  64.953944 22.302
 84    45.943 55143.51791080 34.79 124.872814  64.957044 22.302
 84    45.708 55143.51791144 33.09 124.869844  64.960154 22.302
 84    45.778 55143.51791209 39.07 124.866874  64.963264 22.302
 84    45.812 55143.51791273 40.19 124.863904  64.966364 22.302
 84    45.687 55143.51791338 29.19 124.860934  64.969474 22.302
 84    45.754 55143.51791402 30.37 124.857964  64.972584 22.302
 84    45.754 55143.51791467 30.85 124.854994  64.975684 22.302
 84    45.727 55143.51791531 27.73 124.852024  64.978794 22.302
 84    45.785 55143.51791595 27.10 124.849044  64.981894 22.302
 84    46.026 55143.51791660 25.33 124.846074  64.985004 22.302
 85    46.602 55178.51787879 20.05 124.863197  64.950991  4.413
 85    46.606 55178.51787944 20.58 124.860227  64.954091  4.413
 85    46.528 55178.51788008 20.31 124.857257  64.957201  4.413
 85    46.474 55178.51788072 19.65 124.854287  64.960311  4.413
 85    46.356 55178.51788137 19.53 124.851317  64.963411  4.413
 85    46.405 55178.51788201 19.24 124.848337  64.966521  4.413
 85    46.323 55178.51788266 19.90 124.845367  64.969621  4.413
 85    46.320 55178.51788330 19.16 124.842397  64.972731  4.413
 85    46.323 55178.51788395 19.56 124.839427  64.975831  3.534
 85    46.322 55178.51788459 19.67 124.836447  64.978941  3.534
 85    46.228 55178.51788524 19.16 124.833477  64.982051  3.534
 85    46.218 55178.51788588 18.64 124.830497  64.985151  3.534
 85    46.324 55178.51788653 18.34 124.827517  64.988261  3.534
 86    46.538 55213.51789805 16.87 124.906344  64.921183  2.405
 86    46.383 55213.51789869 17.14 124.903384  64.924293  2.405
 86    46.464 55213.51789934 17.48 124.900426  64.927397  4.741
 86    46.362 55213.51789998 17.59 124.897466  64.930507  4.741
 86    46.147 55213.51790256 17.78 124.885606  64.942937  4.741
 86    45.933 55213.51790321 19.35 124.882636  64.946047  4.741
 86    46.083 55213.51790385 18.88 124.879676  64.949147  4.741
 86    46.074 55213.51790450 19.33 124.876706  64.952257  4.741
 86    45.979 55213.51790514 19.15 124.873736  64.955367  4.741
 86    45.993 55213.51790579 18.88 124.870766  64.958467  4.741
 86    45.953 55213.51790643 19.27 124.867806  64.961577  4.741
 86    45.871 55213.51790707 19.24 124.864836  64.964687  4.741
 86    45.838 55213.51790772 18.53 124.861866  64.967787  4.741
 86    45.802 55213.51790836 17.77 124.858896  64.970897  4.741
 86    45.735 55213.51790901 18.02 124.855926  64.974007  4.741
 86    45.706 55213.51790965 17.95 124.852946  64.977107  4.741
 86    45.900 55213.51791030 16.72 124.849976  64.980217  4.741
 86    45.998 55213.51791094 16.08 124.847006  64.983317  4.741
 86    46.095 55213.51791159 16.76 124.844026  64.986427  4.741
 87    47.045 55248.51787133 14.55 124.902874  64.916676  2.320
 87    46.700 55248.51787197 14.51 124.899914  64.919786  2.320
 87    45.998 55248.51787778 15.27 124.873231  64.947745  3.673
 87    46.015 55248.51787842 15.63 124.870261  64.950855  3.673
 87    45.891 55248.51787906 15.25 124.867301  64.953955  3.673
 87    45.842 55248.51787971 14.96 124.864331  64.957065  3.673
 87    45.672 55248.51788035 15.93 124.861361  64.960175  3.673
 87    45.567 55248.51788100 16.42 124.858391  64.963275  3.673
 87    45.508 55248.51788164 16.26 124.855411  64.966385  3.673
 87    45.704 55248.51788229 14.80 124.852441  64.969485  3.673
 87    45.535 55248.51788293 15.62 124.849471  64.972595  3.673
 87    45.574 55248.51788358 14.65 124.846501  64.975705  3.673
 87    45.664 55248.51788422 14.60 124.843521  64.978805  3.673
 87    45.647 55248.51788487 14.18 124.840551  64.981915  3.673
 87    46.051 55248.51788551 13.62 124.837574  64.985024  3.077
 87    46.433 55248.51788616 13.40 124.834604  64.988124  3.077
 87    46.640 55248.51788680 13.46 124.831624  64.991234  3.077
 88    47.098 55283.51789228 13.28 124.907127  64.923540  2.120
 88    47.241 55283.51789293 13.85 124.904163  64.926645  3.689
 88    46.482 55283.51789357 14.59 124.901203  64.929755  3.689
 88    46.374 55283.51789422 14.01 124.898243  64.932865  3.689
 88    45.956 55283.51789486 14.33 124.895283  64.935965  3.689
 88    46.757 55283.51789551 14.01 124.892313  64.939075  3.689
 88    45.894 55283.51789615 14.62 124.889353  64.942185  3.689
 88    45.512 55283.51789679 15.38 124.886383  64.945295  3.689
 88    45.601 55283.51789744 15.03 124.883423  64.948395  3.689
 88    45.574 55283.51789808 15.54 124.880453  64.951505  3.689
 88    45.642 55283.51789873 15.20 124.877483  64.954615  3.689
 88    45.645 55283.51789937 14.75 124.874523  64.957715  3.689
 88    45.489 55283.51790002 14.63 124.871553  64.960825  3.689
 88    45.513 55283.51790066 14.81 124.868583  64.963935  3.689
 88    45.690 55283.51790131 15.40 124.865613  64.967035  3.689
 88    45.835 55283.51790195 13.81 124.862643  64.970145  3.689
 88    46.042 55283.51790260 12.94 124.859673  64.973255  3.689
 88    45.977 55283.51790324 12.92 124.856703  64.976355  3.689
 88    46.039 55283.51790389 13.05 124.853733  64.979465  3.689
 88    46.238 55283.51790453 12.54 124.850753  64.982565  3.689
 88    46.593 55283.51790518 12.23 124.847783  64.985675  3.689
 89    47.071 55318.51786252 22.84 124.904604  64.921469  8.319
 89    46.869 55318.51786317 22.13 124.901644  64.924579  8.319
 89    47.428 55318.51786381 19.81 124.898684  64.927689  8.319
 89    47.208 55318.51786703 20.78 124.883864  64.943219  8.319
 89    46.336 55318.51786768 20.35 124.880894  64.946329  8.319
 89    46.479 55318.51786832 18.69 124.877924  64.949439  8.319
 89    45.901 55318.51786897 19.50 124.874964  64.952539  8.319
 89    46.484 55318.51786961 19.39 124.871994  64.955649  8.319
 89    45.631 55318.51787026 18.97 124.869024  64.958759  8.319
 89    45.480 55318.51787090 20.20 124.866054  64.961859  8.319
 89    46.407 55318.51787155 20.04 124.863084  64.964969  8.319
 89    46.375 55318.51787219 21.12 124.860114  64.968079  8.319
 89    46.102 55318.51787284 22.70 124.857144  64.971179  8.319
 89    46.338 55318.51787348 23.08 124.854174  64.974289  8.319
 89    46.044 55318.51787413 22.15 124.851204  64.977399  8.319
 89    45.904 55318.51787477 25.74 124.848224  64.980499  8.319
 89    46.209 55318.51787542 24.75 124.845254  64.983606 12.253
 89    46.464 55318.51787606 24.35 124.842284  64.986716 12.253
 90    50.203 55353.51786500 50.41 124.906785  64.922883 38.749
 90    50.068 55353.51786564 47.42 124.903818  64.925988 12.950
 90    50.088 55353.51786628 45.43 124.900858  64.929098 12.950
 90    50.121 55353.51786693 45.50 124.897898  64.932208 12.950
 90    50.145 55353.51786757 44.82 124.894938  64.935308 12.950
 90    50.106 55353.51786822 42.64 124.891968  64.938418 12.950
 90    50.044 55353.51786886 42.67 124.889008  64.941528 12.950
 90    49.939 55353.51786951 36.25 124.886038  64.944638 12.950
 90    49.839 55353.51787015 34.66 124.883078  64.947738 12.950
 90    49.864 55353.51787080 34.20 124.880108  64.950848 12.950
 90    49.808 55353.51787144 35.43 124.877138  64.953958 12.950
 90    49.617 55353.51787209 34.12 124.874178  64.957058 12.950
 90    49.740 55353.51787273 33.72 124.871208  64.960168 12.950
 90    49.791 55353.51787338 33.82 124.868238  64.963278 12.950
 90    49.773 55353.51787402 34.07 124.865268  64.966378 12.950
 90    49.751 55353.51787467 34.75 124.862298  64.969488 12.950
 90    49.737 55353.51787531 36.01 124.859328  64.972598 12.950
 90    49.702 55353.51787595 36.70 124.856358  64.975698 12.950
 90    49.577 55353.51787660 34.48 124.853378  64.978808 12.950
 90    49.583 55353.51787724 35.80 124.850408  64.981918 12.950
 90    49.546 55353.51787789 37.39 124.847438  64.985018 12.950
 91    48.218 55388.51786872 18.36 124.866896  64.950151  5.222
 91    48.230 55388.51786936 18.42 124.863926  64.953261  5.222
 91    48.349 55388.51787001 18.70 124.860956  64.956371  5.222
 91    48.330 55388.51787065 18.56 124.857986  64.959471  5.222
 91    48.344 55388.51787130 18.76 124.855016  64.962581  5.222
 91    48.262 55388.51787194 19.51 124.852046  64.965691  5.222
 91    48.226 55388.51787259 18.92 124.849066  64.968791  5.222
 91    48.145 55388.51787323 18.78 124.846096  64.971901  5.222
 91    48.263 55388.51787388 19.05 124.843126  64.975001  5.222
 91    48.093 55388.51787452 18.77 124.840146  64.978111  5.222
 91    48.135 55388.51787517 18.73 124.837179  64.981212  3.200
 91    48.298 55388.51787581 19.46 124.834199  64.984322  3.200
 91    48.293 55388.51787646 19.79 124.831229  64.987432  3.200
 91    48.101 55388.51787710 18.81 124.828249  64.990532  3.200
 92    48.452 55423.51788218 25.15 124.907610  64.920680 10.110
 92    48.341 55423.51788282 23.69 124.904650  64.923780 10.110
 92    48.321 55423.51788347 23.46 124.901680  64.926890 10.110
 92    48.476 55423.51788411 22.52 124.898720  64.930000 10.110
 92    47.703 55423.51788669 17.78 124.886870  64.942420 10.110
 92    47.658 55423.51788733 17.97 124.883900  64.945530 10.110
 92    47.371 55423.51788798 18.38 124.880930  64.948640 10.110
 92    47.336 55423.51788862 17.94 124.877970  64.951750 10.110
 92    47.686 55423.51788927 17.17 124.875000  64.954850 10.110
 92    47.262 55423.51788991 18.42 124.872030  64.957960 10.110
 92    47.352 55423.51789056 18.70 124.869060  64.961060 10.110
 92    47.469 55423.51789120 18.22 124.866090  64.964172  5.998
 92    47.432 55423.51789185 18.20 124.863120  64.967282  5.998
 92    47.437 55423.51789249 18.32 124.860150  64.970382  5.998
 92    47.470 55423.51789314 18.41 124.857180  64.973492  5.998
 92    47.580 55423.51789378 18.32 124.854210  64.976602  5.998
 92    47.798 55423.51789443 19.37 124.851230  64.979702  5.998
 92    47.956 55423.51789507 19.07 124.848260  64.982812  5.998
 92    48.038 55423.51789571 19.13 124.845290  64.985922  5.998
 93    48.027 55458.51785453 33.47 124.910180  64.925388 26.240
 93    47.969 55458.51785517 32.40 124.907220  64.928488 26.240
 93    47.969 55458.51785582 29.07 124.904260  64.931598 26.240
 93    47.734 55458.51785646 27.16 124.901290  64.934703  7.060
 93    47.670 55458.51785710 24.21 124.898330  64.937813  7.060
 93    47.500 55458.51785775 25.10 124.895370  64.940923  7.060
 93    47.102 55458.51785839 22.05 124.892400  64.944023  7.060
 93    46.483 55458.51785904 21.91 124.889440  64.947133  7.060
 93    46.101 55458.51785968 22.18 124.886470  64.950243  7.060
 93    46.074 55458.51786033 22.15 124.883510  64.953353  7.060
 93    46.094 55458.51786097 22.09 124.880540  64.956453  7.060
 93    46.502 55458.51786162 21.83 124.877570  64.959563  7.060
 93    46.527 55458.51786226 23.09 124.874600  64.962673  7.060
 93    47.466 55458.51786291 21.74 124.871640  64.965773  7.060
 93    47.605 55458.51786355 22.25 124.868670  64.968883  7.060
 93    48.221 55458.51786420 20.81 124.865700  64.971993  7.060
 93    47.995 55458.51786484 20.93 124.862720  64.975093  7.060
 93    47.956 55458.51786549 21.05 124.859750  64.978203  7.060
 93    47.976 55458.51786613 22.63 124.856780  64.981313  7.060
