# NaN NaN NaN ;Mean Elev.(m), Avg Gradient(m/km), RMS Gradient(m/km) - SRTM1     
#  -27.995  -0.710   8.218 ;Mean Elev.(m), Avg Gradient(m/km), RMS Gradient(m/km) - ASTER GDEM
#    2.060   0.358  11.164 ;Mean Elev.(m), Avg Gradient(m/km), RMS Gradient(m/km) - GMTED2010 
  7 126.814402  72.520314     3.410     3.524  6 52475.48572875 22.962
  8 126.830800  72.523267     2.671     2.491  5 52510.48568526 26.415
  9 126.804106  72.520541     3.413     3.254  5 52545.48569831 23.462
 10 126.810967  72.521284     1.431     1.498  6 52580.48572666 33.934
 11 126.829512  72.522037     2.150     1.846  5 52615.48569501 24.053
 12 126.815773  72.520549     2.640     2.540  5 52650.48567328 24.434
 13 126.833113  72.522282     2.478     2.430  5 52685.48566004 22.668
 14 126.815954  72.520338     2.900     3.015  6 52720.48571119 20.942
 15 126.821036  72.520807     2.514     2.398  5 52755.48573501 20.157
 16 126.799011  72.518800     2.392     1.959  6 52790.48568413 35.160
 17 126.807375  72.519611     4.434     4.708  6 52825.48575363 25.442
 18 126.808144  72.521043     3.235     3.318  6 52860.48579965 26.425
 19 126.819234  72.521609     3.230     3.270  5 52895.48583001 31.632
 20 126.835928  72.522397     3.040     3.082  6 52930.48577833 41.334
 21 126.805289  72.519386     0.906     0.937  6 52965.48577144 22.843
 23 126.831831  72.522897     1.953     1.855  5 53035.48575374 13.635
 24 126.816521  72.521079     2.272     2.223  5 53070.48577359 12.190
 25 126.837425  72.523280     2.648     2.730  6 53105.48575505  9.506
 26 126.810349  72.520243     3.129     3.179  6 53140.48578025  6.554
 27 126.814942  72.521110     6.096     6.081  6 53175.48581306 17.763
 28 126.820723  72.520703     3.307     3.442  6 53210.48583105 26.287
 29 126.826834  72.522864     3.700     3.407  5 53245.48579924 28.672
 30 126.797949  72.520003     4.082     4.292  7 53280.48578276 22.333
 31 126.813301  72.521204     3.215     3.119  6 53315.48579833 25.913
 32 126.828910  72.521989     3.065     2.940  5 53350.48576372 21.138
 33 126.799574  72.520611     3.176     3.182  6 53385.48574541 21.034
 34 126.828313  72.520785     3.174     3.256  5 53420.48574911 17.642
 35 126.799371  72.519861     3.081     3.145  6 53455.48575542 18.541
 36 126.808215  72.520542     3.819     3.503  5 53490.48584056 14.142
 37 126.824563  72.519665     7.440     7.466  5 53525.48582405 43.492
 38 126.819053  72.520847     3.276     3.188  6 53560.48585208 24.953
 39 126.836707  72.522913     3.752     3.753  6 53595.48579028 24.213
 40 126.789902  72.519336     3.718     3.842  7 53630.48578463 29.394
 41 126.812322  72.520987     4.561     4.383  5 53665.48580759 28.080
 42 126.827300  72.522743     5.360     5.648  5 53700.48576092 16.975
 43 126.845516  72.523696     6.053     6.390  6 53735.48568260 14.219
 44 126.817363  72.521300     5.093     5.139  5 53770.48567242 14.306
 45 126.835031  72.523486     6.426     6.559  5 53805.48566525 12.296
 47 126.814212  72.521062     3.626     3.560  5 53875.48573246 10.272
 48 126.807810  72.520341     4.730     4.902  5 53910.48577984 21.419
 49 126.815053  72.520545     3.165     3.055  5 53945.48579943 27.958
 50 126.833373  72.521154     3.131     2.925  5 53980.48574561 29.021
 51 126.801752  72.518967     3.757     3.710  6 54015.48576526 25.305
 52 126.824961  72.520748     3.434     3.158  5 54050.48576646 26.076
 53 126.827380  72.521638     3.866     3.957  6 54085.48575879 21.081
 54 126.847650  72.523128     4.864     4.699  5 54120.48568525 17.887
 55 126.817939  72.521397     4.942     4.973  5 54155.48571702 12.426
 56 126.838289  72.523382     5.967     5.950  5 54190.48568248 11.885
 57 126.813446  72.520710     4.167     3.913  6 54225.48572816 11.672
 58 126.820327  72.520004     7.064     6.848  5 54260.48574812 12.093
 59 126.821130  72.520889     4.265     4.167  5 54295.48575209 29.546
 60 126.831632  72.520710     3.382     3.067  5 54330.48574429 25.778
 62 126.824493  72.519251     3.322     3.300  5 54400.48568583 27.970
 63 126.833518  72.522728     2.330     2.576  6 54435.48564357 15.658
 64 126.812136  72.520166     2.791     2.641  6 54470.48567017 14.141
 65 126.833899  72.523177     3.102     3.109  5 54505.48565720 11.869
 66 126.825387  72.519789     3.914     3.932  5 54540.48568469 10.452
 67 126.838988  72.521867     4.380     3.812  5 54575.48565811  9.945
 68 126.823751  72.519861     2.364     1.986  5 54610.48567687 38.442
 69 126.823099  72.520091     5.154     5.117  5 54645.48568440 22.921
 70 126.821561  72.521723     3.140     2.988  5 54680.48568605 26.274
 71 126.839273  72.523347     3.540     3.383  5 54715.48563609 25.408
 72 126.810375  72.521483     4.229     4.328  6 54750.48565701 24.518
 73 126.831275  72.521930     3.539     3.135  6 54785.48562489 23.153
 74 126.812244  72.520729     3.293     3.145  5 54820.48565000 20.977
 75 126.829438  72.522592     4.103     3.625  5 54855.48562153 19.651
 76 126.820795  72.521557     3.848     3.239  5 54890.48565385 19.777
 77 126.838536  72.523175     4.448     4.147  6 54925.48562036 15.708
 78 126.812613  72.520816     3.905     3.707  6 54960.48565228  9.107
 79 126.819805  72.520851     6.519     6.360  5 54995.48567362 15.646
 80 126.822112  72.521511     3.459     3.371  5 55030.48566345 25.585
 81 126.829190  72.520839     3.217     3.122  5 55065.48565363 26.154
 82 126.840984  72.523066     2.985     2.848  5 55100.48559626 29.091
 83 126.814849  72.520471     3.774     3.727  5 55135.48559909 41.791
 84 126.833886  72.522347     2.629     2.611  6 55170.48556216 16.556
 85 126.811234  72.521746     2.861     2.878  6 55205.48559279 15.877
 86 126.834718  72.522625     3.119     2.984  6 55240.48556827 13.276
 87 126.826678  72.520727     2.982     2.761  5 55275.48558614 12.167
 88 126.836434  72.523008     3.245     3.209  5 55310.48555248 10.442
 89 126.821763  72.522066     5.162     5.139  5 55345.48555542 24.690
 90 126.830894  72.520759     3.479     3.475  5 55380.48554817 24.624
 91 126.812886  72.520088     3.523     3.545  6 55415.48557492 24.242
 92 126.829241  72.523082     3.021     2.939  5 55450.48556032 29.671
 93 126.844901  72.522948     2.480     2.456  5 55485.48548444 42.121
