# NaN NaN NaN ;Mean Elev.(m), Avg Gradient(m/km), RMS Gradient(m/km) - SRTM1     
#   72.867     NaN     NaN ;Mean Elev.(m), Avg Gradient(m/km), RMS Gradient(m/km) - ASTER GDEM
#  124.699  -7.691  54.482 ;Mean Elev.(m), Avg Gradient(m/km), RMS Gradient(m/km) - GMTED2010 
  7   121.374 52444.53511053 30.60 122.017404  60.562585 13.446
  7   121.543 52444.53511118 29.97 122.015144  60.565745 13.446
  7   121.012 52444.53511182 31.63 122.012884  60.568915 13.446
  8   122.555 52479.53510320  9.27 122.025783  60.561630 10.039
  8   125.869 52479.53510385  8.43 122.023523  60.564790 10.039
  8   129.838 52479.53510449  9.10 122.021263  60.567950 10.039
  8   130.035 52479.53510514  8.99 122.018993  60.571120 10.039
  9   114.971 52514.53504931 32.41 122.045363  60.561369 10.470
  9   118.347 52514.53504996 27.73 122.043103  60.564539 10.470
  9   115.132 52514.53505060 24.60 122.040833  60.567699 10.470
  9   125.443 52514.53505125 24.92 122.038573  60.570859 10.470
 10   131.856 52549.53509524  6.89 122.015437  60.562333 12.653
 10   132.662 52549.53509588  8.32 122.013167  60.565503 12.653
 10   133.150 52549.53509653  9.19 122.010906  60.568668  9.621
 11   119.662 52584.53508031 30.97 122.035791  60.562498 21.581
 11   121.410 52584.53508096 35.66 122.033521  60.565658 21.581
 11   121.883 52584.53508160 37.90 122.031261  60.568818 21.581
 12   123.793 52619.53505843 12.67 122.036473  60.561373 16.403
 12   124.546 52619.53505907 13.87 122.034203  60.564543 16.403
 12   125.089 52619.53505972 13.76 122.031943  60.567703 16.403
 12   125.234 52619.53506036 13.38 122.029683  60.570873 16.403
 13   126.940 52654.53504386  8.55 122.033092  60.561404 15.548
 13   129.676 52654.53504451  8.00 122.030822  60.564574 15.548
 13   130.780 52654.53504515  8.41 122.028562  60.567734 15.548
 13   127.151 52654.53504579  8.44 122.026302  60.570894 15.548
 14   126.535 52689.53503847  6.05 122.041961  60.559976  7.309
 14   128.158 52689.53503911  6.82 122.039701  60.563136  7.309
 14   126.683 52689.53503976  7.11 122.037441  60.566306  7.309
 14   128.063 52689.53504040  6.48 122.035181  60.569466  7.309
 15   122.410 52724.53508317  6.66 122.030361  60.560528  7.549
 15   123.491 52724.53508381  6.77 122.028101  60.563688  7.549
 15   123.749 52724.53508446  6.29 122.025831  60.566848  7.549
 15   125.249 52724.53508510  5.44 122.023571  60.570018  7.549
 18   126.133 52829.53512542 30.94 122.024854  60.563228 16.922
 18   126.105 52829.53512606 18.37 122.022584  60.566388 16.922
 18   122.593 52829.53512671 19.31 122.020324  60.569558 16.922
 19   125.672 52864.53516954 16.89 122.031951  60.562590 12.693
 19   123.958 52864.53517018 16.91 122.029691  60.565750 12.693
 19   124.774 52864.53517083 16.54 122.027421  60.568920 12.693
 20   123.188 52899.53519830 19.10 122.033078  60.560788 16.473
 20   121.459 52899.53519894 18.92 122.030818  60.563948 16.473
 20   124.112 52899.53519959 19.83 122.028558  60.567118 16.473
 20   124.604 52899.53520023 19.26 122.026288  60.570278 16.473
 21   124.231 52934.53514182 37.76 122.038409  60.561429 24.314
 21   124.499 52934.53514246 37.57 122.036139  60.564599 24.314
 21   122.767 52934.53514310 39.00 122.033879  60.567759 24.314
 21   117.705 52934.53514375 33.49 122.031619  60.570929 24.314
 22   125.526 52969.53515747 13.86 122.024496  60.560784 18.582
 22   125.188 52969.53515811 14.54 122.022226  60.563944 18.582
 22   124.579 52969.53515876 16.44 122.019966  60.567104 18.582
 22   123.804 52969.53515940 15.34 122.017696  60.570274 18.582
 25   126.972 53074.53515620  4.18 122.029860  60.561703 10.122
 25   128.459 53074.53515685  3.02 122.027600  60.564873 10.122
 25   129.104 53074.53515749  3.00 122.025340  60.568033 10.122
 27   406.011 53144.53516770  3.37 122.023227  60.562517  2.646
 27   404.328 53144.53516835  2.05 122.020967  60.565677  2.646
 27   403.399 53144.53516899  1.31 122.018697  60.568847  2.646
 30   123.537 53249.53517342 42.27 122.038303  60.562312 18.463
 30   125.504 53249.53517406 40.59 122.036033  60.565482 18.463
 30   125.876 53249.53517471 40.98 122.033773  60.568642 18.463
 31   130.443 53284.53516947  8.17 122.015992  60.560892 16.506
 31   125.674 53284.53517012 17.01 122.013724  60.564050 14.707
 31   128.889 53284.53517076 15.40 122.011464  60.567220 14.707
 31   130.119 53284.53517141 15.25 122.009194  60.570380 14.707
 32   125.044 53319.53515747 27.55 122.033359  60.561304 20.197
 32   123.789 53319.53515812 31.43 122.031099  60.564464 20.197
 32   123.167 53319.53515876 28.92 122.028829  60.567634 20.197
 32   121.366 53319.53515941 24.70 122.026569  60.570794 20.197
 39   128.244 53564.53522408 11.51 122.027652  60.562785 10.200
 39   131.252 53564.53522472 10.79 122.025392  60.565955 10.200
 39   132.098 53564.53522537 11.78 122.023122  60.569115 10.200
 40   126.256 53599.53516550 27.01 122.039417  60.562693 14.114
 40   125.291 53599.53516614 26.53 122.037157  60.565863 14.114
 40   125.404 53599.53516678 25.57 122.034897  60.569023 14.114
 41   121.368 53634.53516235 35.29 122.016668  60.561459  4.971
 41   114.535 53634.53516299 32.89 122.014398  60.564619  4.971
 41   119.957 53634.53516364 20.86 122.012140  60.567777  9.197
 41   120.964 53634.53516428 19.20 122.009870  60.570947  9.197
 42   119.601 53669.53518359 38.03 122.023809  60.561140 21.423
 42   117.282 53669.53518423 41.12 122.021539  60.564310 21.423
 42   117.595 53669.53518488 43.81 122.019279  60.567470 21.423
 42   122.333 53669.53518552 36.29 122.017015  60.570629 13.397
 45   130.424 53774.53505038  2.77 122.033050  60.560806 12.403
 45   130.926 53774.53505102  4.40 122.030790  60.563976 12.403
 45   132.007 53774.53505167  5.11 122.028520  60.567136 12.403
 45   132.349 53774.53505231  4.99 122.026260  60.570306 12.403
 46   133.093 53809.53503404  2.71 122.044435  60.562444  8.467
 46   131.831 53809.53503469  0.37 122.042175  60.565604  8.467
 46   131.805 53809.53503533  2.14 122.039905  60.568774  8.467
 48   406.826 53879.53510516  2.38 122.029221  60.561795  3.411
 48   406.062 53879.53510581  0.35 122.026961  60.564965  3.411
 48   403.133 53879.53510645  1.27 122.024691  60.568125  3.411
 49   133.114 53914.53516138 34.80 122.021902  60.562008 19.406
 49   132.541 53914.53516203 37.08 122.019632  60.565178 19.406
 49   131.523 53914.53516267 37.99 122.017372  60.568338 19.406
 49   131.977 53914.53516332 34.71 122.015112  60.571508 19.406
 50   120.367 53949.53517198 42.57 122.023480  60.562369 11.409
 50   119.325 53949.53517263 40.51 122.021220  60.565529 11.409
 51   134.442 53984.53511080  5.72 122.034636  60.566628 12.586
 51   134.113 53984.53511145 11.46 122.032376  60.569798 12.586
 52   125.622 54019.53514503 24.77 122.024402  60.560563 22.628
 52   123.523 54019.53514567 26.34 122.022132  60.563723 22.628
 52   121.001 54019.53514632 28.00 122.019872  60.566893 22.628
 52   121.330 54019.53514696 28.29 122.017602  60.570053 22.628
 53   126.521 54054.53513549 11.12 122.037796  60.561526 18.484
 53   128.888 54054.53513614 12.10 122.035536  60.564696 18.484
 53   129.258 54054.53513678 12.49 122.033266  60.567856 18.484
 53   126.949 54054.53513743 11.77 122.031006  60.571026 18.484
 54   128.883 54089.53512525  6.76 122.039389  60.560406 13.959
 54   130.823 54089.53512590  6.39 122.037119  60.563566 13.959
 54   130.567 54089.53512654  7.38 122.034859  60.566726 13.959
 54   132.202 54089.53512719  6.10 122.032599  60.569896 13.959
 55   129.037 54124.53505124  3.67 122.019722  60.562816  3.532
 55   128.572 54124.53505188  2.73 122.017465  60.565984 11.791
 55   130.866 54124.53505252  2.89 122.015195  60.569144 11.791
 57   126.747 54194.53505308  1.81 122.021822  60.561104  7.501
 57   134.195 54194.53505372  3.34 122.019562  60.564264  7.501
 57   138.507 54194.53505437  2.83 122.017292  60.567424  7.501
 57   129.976 54194.53505501  0.81 122.015032  60.570594  7.501
 60   119.813 54299.53512571 42.54 122.032897  60.560196 15.943
 60   120.268 54299.53512635 48.76 122.030637  60.563356 15.943
 60   119.873 54299.53512700 46.80 122.028366  60.566517 12.996
 60   120.376 54299.53512764 46.54 122.026106  60.569687 12.996
 61   126.296 54334.53511576 37.19 122.037198  60.560773 12.805
 61   122.735 54334.53511641 34.07 122.034937  60.563937 15.354
 61   127.157 54334.53511705 33.77 122.032677  60.567107 15.354
 61   127.151 54334.53511770 37.13 122.030417  60.570267 15.354
 63   124.425 54404.53506006 32.86 122.032907  60.562331 20.270
 63   124.616 54404.53506070 38.02 122.030647  60.565491 20.270
 63   118.762 54404.53506135 35.20 122.028379  60.568653 10.057
 64   125.761 54439.53501812 11.68 122.015554  60.563555 14.998
 64   125.248 54439.53501877 12.13 122.013284  60.566715 14.998
 64   125.016 54439.53501941 12.99 122.011014  60.569875 14.998
 70   127.192 54649.53506098 37.59 122.027785  60.560469 15.201
 70   126.079 54649.53506162 42.66 122.025525  60.563639 15.201
 70   129.045 54649.53506227 40.17 122.023255  60.566799 15.201
 70   129.975 54649.53506291 40.02 122.020995  60.569969 15.201
 71   124.771 54684.53505746 23.79 122.034790  60.562643 15.438
 71   126.374 54684.53505810 23.48 122.032530  60.565803 15.438
 71   126.023 54684.53505875 23.35 122.030270  60.568973 15.438
 73   117.878 54754.53503106 30.17 122.028822  60.561893 19.637
 73   117.949 54754.53503171 30.09 122.026552  60.565063 19.637
 73   117.372 54754.53503235 30.39 122.024292  60.568223 19.637
 74   126.066 54789.53499922 19.57 122.018997  60.562117 15.469
 74   122.773 54789.53499987 23.94 122.016737  60.565277 15.469
 74   123.907 54789.53500051 20.44 122.014467  60.568447 15.469
 76   130.212 54859.53499201  6.36 122.022223  60.560613 14.308
 76   127.250 54859.53499265  6.87 122.019963  60.563783 14.308
 76   128.200 54859.53499330  6.45 122.017693  60.566943 14.308
 76   128.878 54859.53499394  6.08 122.015433  60.570103 14.308
 77   130.733 54894.53502810  5.09 122.032619  60.561749  7.140
 77   131.912 54894.53502875  5.21 122.030359  60.564919  7.140
 77   128.811 54894.53502939  5.29 122.028099  60.568079  7.140
 80   129.883 54999.53504862 10.89 122.028911  60.561051 10.543
 80   132.876 54999.53504926 10.79 122.026651  60.564221 10.543
 80   134.649 54999.53504991 11.65 122.024381  60.567381 10.543
 80   134.561 54999.53505055 15.71 122.022121  60.570551 10.543
 81   126.001 55034.53503533 23.33 122.028365  60.562042 18.222
 81   126.282 55034.53503597 24.67 122.026095  60.565202 18.222
 81   127.200 55034.53503662 23.93 122.023835  60.568362 18.222
 82   126.366 55069.53502446 20.43 122.038262  60.560622 17.650
 82   126.874 55069.53502511 20.28 122.035992  60.563792 17.650
 82   127.950 55069.53502575 20.34 122.033732  60.566952 17.650
 82   131.128 55069.53502639 26.51 122.031472  60.570122 17.650
 84   125.467 55139.53497178 31.72 122.031070  60.562013 23.161
 84   118.293 55139.53497242 34.09 122.028810  60.565173 23.161
 84   119.220 55139.53497307 33.67 122.026540  60.568343 23.161
 85   125.682 55174.53493303 11.28 122.020339  60.561873 16.971
 85   128.600 55174.53493368 10.65 122.018079  60.565033 16.971
 85   127.353 55174.53493432 10.53 122.015809  60.568203 16.971
 85   127.470 55174.53493497 11.29 122.013549  60.571363 16.971
 86   128.581 55209.53496765  8.17 122.028197  60.561985 18.206
 86   129.668 55209.53496830  7.44 122.025927  60.565155 18.206
 86   131.315 55209.53496894  6.63 122.023667  60.568315 18.206
 87   129.669 55244.53493942  4.06 122.021047  60.563282 15.535
 87   126.093 55244.53494006  4.81 122.018778  60.566449  5.754
 87   129.748 55244.53494071  4.25 122.016518  60.569609  5.754
 88   129.399 55279.53496116  1.25 122.034141  60.561454 14.143
 88   130.868 55279.53496181  2.01 122.031881  60.564624 14.143
 88   131.835 55279.53496245  1.62 122.029621  60.567784 14.143
 88   132.532 55279.53496310  1.50 122.027351  60.570954 14.143
 91   122.262 55384.53492555 40.62 122.020676  60.562852 13.544
 91   126.297 55384.53492619 35.23 122.018416  60.566012 13.544
 91   126.181 55384.53492683 33.48 122.016146  60.569182 13.544
 92   127.744 55419.53495151 37.82 122.028527  60.563295 24.897
 92   120.607 55419.53495215 40.41 122.026257  60.566465 24.897
 92   118.913 55419.53495280 41.16 122.023997  60.569625 24.897
 93   130.894 55454.53492924  4.24 122.037714  60.563019 10.824
 93   130.075 55454.53492989 10.72 122.035444  60.566189 10.824
 93   128.412 55454.53493053 15.55 122.033184  60.569349 10.824
 94   117.958 55489.53484797 39.13 122.046542  60.561195 22.663
 94   122.017 55489.53484861 41.77 122.044282  60.564365 22.663
 94   116.709 55489.53484925 43.61 122.042022  60.567525 22.663
 94   116.443 55489.53484990 43.42 122.039752  60.570685 22.663
