# NaN NaN NaN ;Mean Elev.(m), Avg Gradient(m/km), RMS Gradient(m/km) - SRTM1     
#  136.004  -3.601  19.116 ;Mean Elev.(m), Avg Gradient(m/km), RMS Gradient(m/km) - ASTER GDEM
#  131.360  -4.531  22.307 ;Mean Elev.(m), Avg Gradient(m/km), RMS Gradient(m/km) - GMTED2010 
  8 116.719990  60.437661   147.637   147.661  5 52485.13495147 37.765
  9 116.717085  60.437315   148.593   148.602  4 52520.13491578 39.918
 11 116.721183  60.438391   147.298   147.300  4 52590.13495434 22.922
 12 116.721542  60.438174   152.090   153.190  4 52625.13488713 12.542
 13 116.724527  60.436619   149.646   149.343  4 52660.13492075  9.384
 14 116.738122  60.435703   151.173   151.173  2 52695.13490053  8.057
 17 116.738538  60.435776   151.274   151.258  3 52800.13493167 50.119
 18 116.736105  60.435611   147.494   147.505  3 52835.13499985 53.895
 19 116.730542  60.435151   149.704   149.523  5 52870.13504165 31.629
 20 116.721493  60.435820   147.341   147.378  4 52905.13504464 41.128
 21 116.712120  60.439260   147.054   146.987  4 52940.13497706 39.086
 22 116.727860  60.435369   146.961   146.996  4 52975.13502207 22.802
 23 116.718181  60.436559   148.639   147.146  4 53010.13502695 14.173
 24 116.729728  60.434725   149.330   148.531  5 53045.13498859 10.301
 25 116.717080  60.438410   152.966   154.775  4 53080.13502236  8.154
 26 116.727998  60.436434   147.206   147.260  5 53115.13499280 11.537
 27 116.721550  60.436549   154.796   154.798  4 53150.13503961 26.347
 28 116.733618  60.436259   152.116   152.056  3 53185.13503050 18.620
 29 116.721514  60.435955   151.714   151.696  4 53220.13505655 52.783
 30 116.712230  60.440008   149.137   149.162  4 53255.13503298 35.451
 31 116.727317  60.436637   148.007   147.966  5 53290.13504219 22.140
 32 116.727612  60.436574   147.717   147.699  4 53325.13501734 45.962
 34 116.730218  60.434899   148.237   148.294  4 53395.13499595 12.285
 35 116.720860  60.437361   149.592   147.979  4 53430.13498874 10.838
 36 116.736428  60.437723   150.637   148.223  3 53465.13501513  6.436
 37 116.718611  60.437205   152.199   152.153  4 53500.13507767 26.660
 38 116.722793  60.435983   151.129   151.175  4 53535.13506497 22.433
 39 116.716363  60.437065   150.583   150.580  4 53570.13507658 41.566
 40 116.715817  60.439121   148.499   148.520  4 53605.13502341 30.825
 41 116.729840  60.435121   146.783   146.785  4 53640.13502303 52.885
 42 116.720287  60.436606   146.520   146.521  4 53675.13504297 40.119
 43 116.720453  60.438045   147.543   147.556  4 53710.13497291 20.383
 45 116.728482  60.435490   150.939   151.396  5 53780.13491355 10.727
 46 116.713290  60.437686   150.980   150.872  4 53815.13488406  9.385
 47 116.728001  60.435248   146.867   147.010  4 53850.13494809 29.857
 49 116.716437  60.436988   150.381   150.402  4 53920.13502740 22.196
 50 116.716141  60.439688   146.925   146.901  4 53955.13502608 29.739
 51 116.718560  60.439389   148.193   148.206  4 53990.13494439 51.261
 52 116.733869  60.436031   147.161   147.147  3 54025.13500947 48.570
 53 116.730001  60.435051   147.573   147.576  5 54060.13500305 29.992
 54 116.715610  60.438483   150.313   148.246  3 54095.13497848 16.159
 55 116.736662  60.435782   147.933   148.028  3 54130.13492235 11.183
 56 116.718633  60.436662   149.060   147.978  4 54165.13495000  9.727
 58 116.728409  60.435690   153.439   153.521  5 54235.13496402 46.017
 59 116.723877  60.435870   151.448   151.497  4 54270.13498432 31.562
 60 116.725571  60.436029   149.703   149.650  5 54305.13498732 45.614
 61 116.720701  60.437222   145.624   145.211  5 54340.13497020 24.116
 62 116.728953  60.435790   147.394   147.413  4 54375.13492145 47.138
 63 116.722916  60.436956   146.417   146.395  4 54410.13491655 49.672
 64 116.736130  60.436567   147.577   147.577  2 54445.13488416 25.861
 65 116.725253  60.435875   147.216   147.207  5 54480.13490746 15.079
 66 116.735687  60.436260   147.244   147.244  2 54515.13489873 12.917
 68 116.727416  60.435990   147.662   147.632  5 54585.13489444 35.984
 69 116.725098  60.436375   152.314   152.493  5 54620.13491406 24.850
 70 116.723225  60.437612   149.770   149.757  4 54655.13492462 51.415
 71 116.719922  60.436061   149.765   149.801  4 54690.13491126 35.953
 72 116.734513  60.436065   149.007   149.019  3 54725.13487453 43.782
 73 116.721739  60.436210   147.570   147.574  4 54760.13488789 50.081
 74 116.735800  60.437222   147.229   147.229  2 54795.13486780 28.630
 75 116.724420  60.436028   149.234   147.992  4 54830.13488738 12.315
 76 116.734517  60.437165   149.607   149.607  2 54865.13486256 12.108
 77 116.720075  60.438476   152.268   153.436  4 54900.13488651 10.176
 78 116.729621  60.436099   148.657   148.575  4 54935.13485487  5.873
 79 116.726824  60.436871   147.923   147.921  4 54970.13488783 21.134
 80 116.721993  60.436753   153.609   153.613  4 55005.13490784 43.964
 81 116.725178  60.436417   148.651   148.656  4 55040.13489532 51.033
 82 116.720437  60.438759   150.507   150.481  4 55075.13487771 27.050
 83 116.730589  60.435445   148.681   148.733  5 55110.13482801 41.054
 84 116.721554  60.437428   146.847   146.821  4 55145.13483099 36.361
 85 116.736706  60.436687   148.384   148.384  2 55180.13480345 16.850
 86 116.722231  60.436661   149.508   149.511  5 55215.13482562 12.586
 87 116.733780  60.437410   148.409   148.420  3 55250.13480079 10.631
 88 116.719004  60.437854   148.078   148.006  5 55285.13481915 11.340
 89 116.721695  60.435719   147.613   147.588  4 55320.13479191 28.007
 90 116.722054  60.436513   151.078   151.042  4 55355.13479300 27.150
 91 116.729591  60.435514   149.659   149.649  4 55390.13479262 37.195
 92 116.725356  60.436990   147.711   147.638  4 55425.13480972 34.047
 93 116.719939  60.438007   147.275   147.305  4 55460.13477883 30.561
