# NaN NaN NaN ;Mean Elev.(m), Avg Gradient(m/km), RMS Gradient(m/km) - SRTM1     
#    5.000  -1.050   8.255 ;Mean Elev.(m), Avg Gradient(m/km), RMS Gradient(m/km) - ASTER GDEM
#   17.000  -0.973   7.961 ;Mean Elev.(m), Avg Gradient(m/km), RMS Gradient(m/km) - GMTED2010 
 20 124.797022  69.405161    16.835    16.835  2 52910.50506860 36.815
 35 124.795608  69.403536    51.022    51.022  2 53435.50503123  2.543
 39 124.790929  69.401920    18.783    18.783  2 53575.50511070 45.744
 40 124.797091  69.404177    57.760    57.760  2 53610.50506193  7.431
 43 124.799403  69.402900    52.366    52.366  2 53715.50500987  4.667
 46 124.805151  69.406025    58.193    58.193  2 53820.50491580  1.156
 54 124.795002  69.404346    38.544    38.544  2 54100.50501371 11.259
 61 124.797851  69.403908    57.123    57.104  3 54345.50500629 12.957
 63 124.792313  69.401095    43.963    43.963  2 54415.50495448 10.394
 67 124.795767  69.401709    60.282    60.282  2 54555.50496111  0.907
 71 124.794740  69.401518    19.522    19.522  2 54695.50494752 45.405
 80 124.789833  69.400693    22.420    22.420  2 55010.50494833 45.215
 82 124.796759  69.402960    18.299    18.299  2 55080.50491408 35.566
 86 124.790171  69.400778    38.845    38.845  2 55220.50486866  8.694
 93 124.799042  69.404837    56.848    56.848  2 55465.50481239  1.409
