# NaN NaN NaN ;Mean Elev.(m), Avg Gradient(m/km), RMS Gradient(m/km) - SRTM1     
#    0.624  -4.576  39.244 ;Mean Elev.(m), Avg Gradient(m/km), RMS Gradient(m/km) - ASTER GDEM
#   11.000  -4.129  44.339 ;Mean Elev.(m), Avg Gradient(m/km), RMS Gradient(m/km) - GMTED2010 
 20 126.465582  70.520302     7.663     7.706  4 52924.13491394 18.969
 28 126.470597  70.512750    13.492    13.492  2 53204.13495466 16.010
 29 126.465106  70.512652   101.994   101.994  2 53239.13492321  0.512
 30 126.491247  70.507865   104.029   104.029  2 53274.13488601  1.089
 31 126.479718  70.517543     7.393     7.435  5 53309.13493869 35.325
 32 126.473923  70.519433     5.358     5.358  6 53344.13490489 22.832
 40 126.486157  70.512330   102.608   102.740  4 53624.13490117  3.203
 41 126.493204  70.521605    93.855    93.855  2 53659.13492631  5.630
 43 126.464910  70.519810     9.081     8.133  5 53729.13482827 11.647
 44 126.495213  70.515131     9.273     9.718  6 53764.13479046  8.851
 45 126.473145  70.520639    11.060    11.120  5 53799.13479752  8.308
 52 126.489817  70.515602     6.758     6.742  5 54044.13489989 26.759
 54 126.458583  70.518988     9.156     9.406  3 54114.13483025 14.777
 59 126.471523  70.513262    14.541    14.541  2 54289.13487723 17.725
 69 126.471335  70.515480   100.388   100.700  3 54639.13481285  2.129
 71 126.464520  70.515788   100.071   100.071  2 54709.13477330  5.075
 72 126.472578  70.510914    11.423    11.423  2 54744.13478266 17.143
 77 126.462457  70.521291    11.910    13.245  5 54919.13475695  5.902
 82 126.457848  70.516450    16.833    16.833  2 55094.13473759 17.289
 83 126.482173  70.518080     6.877     6.867  6 55129.13472456 47.780
 84 126.474672  70.518777     5.296     5.031  6 55164.13469846 15.042
 91 126.476428  70.511962   102.573   102.567  3 55409.13469704  2.427
