# NaN NaN NaN ;Mean Elev.(m), Avg Gradient(m/km), RMS Gradient(m/km) - SRTM1     
#  136.005  -6.433  25.632 ;Mean Elev.(m), Avg Gradient(m/km), RMS Gradient(m/km) - ASTER GDEM
#  141.428  -5.651  26.733 ;Mean Elev.(m), Avg Gradient(m/km), RMS Gradient(m/km) - GMTED2010 
  8 116.094168  60.570486   145.463   145.463  2 52504.13691078 40.670
  9 116.111254  60.565406   150.626   150.632  4 52539.13689492 34.106
 10 116.098171  60.571001   148.541   148.541  2 52574.13693708 43.889
 11 116.096250  60.569975   158.394   158.132  3 52609.13689668 16.463
 12 116.103406  60.568397   161.905   159.742  3 52644.13688967 14.252
 13 116.097976  60.568916   158.326   158.326  2 52679.13686935 13.371
 15 116.085151  60.574287   159.309   159.309  2 52749.13693738 23.580
 17 116.106337  60.566324   151.498   151.491  3 52819.13695616 45.235
 18 116.105156  60.567280   152.068   152.108  3 52854.13700502 45.830
 20 116.090460  60.571633   159.553   159.421  3 52924.13699205 24.251
 21 116.111568  60.565367   149.052   149.087  4 52959.13695930 24.940
 22 116.103157  60.567909   158.013   158.199  3 52994.13698922 16.446
 23 116.093550  60.571118   158.310   158.310  2 53029.13695289 14.146
 24 116.105223  60.565712   158.769   158.851  3 53064.13696131 11.969
 25 116.087750  60.572985   158.716   158.716  2 53099.13697254 15.820
 26 116.107920  60.565249   152.273   149.240  3 53134.13696025 33.860
 28 116.098518  60.569339   151.487   151.487  2 53204.13703180 50.359
 29 116.098818  60.570082   150.772   150.643  3 53239.13700003 44.491
 30 116.111661  60.562397   157.772   157.663  4 53274.13696380 17.312
 31 116.098721  60.570034   149.923   149.923  2 53309.13701681 46.994
 32 116.095257  60.569720   157.617   157.617  2 53344.13698332 15.974
 33 116.113266  60.562970   161.240   160.018  5 53379.13692968 14.731
 34 116.102664  60.567609   165.249   165.483  3 53414.13696011 13.235
 35 116.111299  60.563060   162.579   161.959  4 53449.13695134  9.923
 37 116.099613  60.569811   160.726   160.726  2 53519.13703331 19.050
 38 116.092898  60.571138   152.265   152.265  2 53554.13705577 53.174
 39 116.098988  60.569854   153.358   153.358  2 53589.13700269 21.429
 40 116.105411  60.568458   149.522   149.492  3 53624.13697863 42.113
 41 116.102770  60.568331   159.456   159.406  3 53659.13700571 18.932
 42 116.094928  60.571755   148.545   148.545  2 53694.13698314 31.013
 43 116.091811  60.570963   155.926   155.926  2 53729.13690639 20.948
 44 116.109965  60.563174   160.735   160.774  4 53764.13686954 15.383
 45 116.095984  60.570589   159.615   160.033  3 53799.13687596 12.652
 46 116.110222  60.564844   166.929   168.706  4 53834.13687370 11.176
 47 116.102025  60.568366   150.737   150.737  2 53869.13693691 28.761
 48 116.098677  60.568897   158.150   158.118  3 53904.13697027 36.413
 49 116.092246  60.571790   150.896   150.896  2 53939.13700422 49.849
 50 116.090827  60.572043   150.792   150.822  3 53974.13696478 51.414
 52 116.108275  60.566626   148.579   148.624  3 54044.13697834 42.373
 53 116.094780  60.570359   157.599   157.599  2 54079.13697164 18.254
 54 116.088939  60.572935   164.177   164.177  2 54114.13690774 14.614
 56 116.089813  60.571894   149.015   149.015  2 54184.13689796 25.254
 57 116.103229  60.568191   159.592   160.537  3 54219.13692670 29.189
 58 116.099460  60.568964   157.131   157.131  2 54254.13695110 25.047
 59 116.100377  60.569721   159.503   159.503  2 54289.13695438 15.200
 60 116.100775  60.570058   151.052   151.052  2 54324.13695177 46.575
 61 116.089882  60.571209   149.706   149.706  2 54359.13690721 40.157
 62 116.101465  60.567944   149.696   149.637  3 54394.13689237 51.280
 63 116.095995  60.570454   155.407   155.407  2 54429.13685749 21.510
 64 116.104889  60.567271   150.005   150.005  2 54464.13687147 20.715
 65 116.096516  60.569279   157.452   157.452  2 54499.13686809 15.937
 66 116.102207  60.568736   158.732   158.732  2 54534.13688548 10.903
 67 116.092274  60.571709   161.353   160.054  3 54569.13687129  7.805
 68 116.101553  60.569339   157.130   157.130  2 54604.13687980 40.820
 69 116.097701  60.570470   155.659   155.659  2 54639.13689031 35.710
 70 116.097035  60.569197   159.610   159.610  2 54674.13689314 16.811
 71 116.095437  60.571545   155.121   155.121  2 54709.13685044 50.167
 72 116.102105  60.569302   159.480   159.102  3 54744.13685949 19.652
 73 116.097928  60.569518   148.674   148.712  3 54779.13683414 42.753
 74 116.104071  60.567144   159.460   159.460  2 54814.13685313 17.260
 75 116.095691  60.570578   157.938   157.938  2 54849.13683301 14.549
 76 116.101568  60.569102   168.235   168.235  2 54884.13685655 12.061
 77 116.088031  60.572415   165.195   165.195  2 54919.13683506 10.854
 78 116.102162  60.569170   158.609   159.215  3 54954.13685090 33.599
 79 116.098388  60.569018   159.594   159.516  3 54989.13687511 44.937
 80 116.097617  60.569316   152.640   152.668  3 55024.13686689 39.295
 81 116.098347  60.569279   153.710   153.730  3 55059.13686149 48.824
 82 116.090321  60.572112   152.312   152.312  2 55094.13681473 34.076
 83 116.100972  60.569038   149.959   149.959  2 55129.13680300 46.742
 84 116.097368  60.570586   158.609   158.847  3 55164.13677657 16.438
 85 116.102987  60.569131   159.900   159.557  3 55199.13679428 15.633
 87 116.100763  60.569251   158.793   158.793  2 55269.13678904 11.854
 88 116.091521  60.571076   159.278   159.278  2 55304.13676172  8.267
 89 116.100089  60.570117   155.562   155.562  2 55339.13676123 46.438
 90 116.097942  60.569698   151.728   151.734  3 55374.13675298 43.971
 91 116.103535  60.568512   160.966   161.710  3 55409.13677419 19.371
 92 116.098825  60.570251   152.015   152.015  2 55444.13676999 46.516
 93 116.089740  60.571798   159.745   159.745  2 55479.13670728 19.782
