# NaN NaN NaN ;Mean Elev.(m), Avg Gradient(m/km), RMS Gradient(m/km) - SRTM1     
#   84.502  -8.326  19.736 ;Mean Elev.(m), Avg Gradient(m/km), RMS Gradient(m/km) - ASTER GDEM
#   84.515  -8.814  24.657 ;Mean Elev.(m), Avg Gradient(m/km), RMS Gradient(m/km) - GMTED2010 
 11 128.089737  61.235411   198.743   198.677  3 52585.10483274  1.180
 12 128.071580  61.235029   198.483   198.483  2 52620.10481351  1.881
 15 128.083839  61.231896    95.986    96.002  6 52725.10484017  9.520
 22 128.090048  61.236423   200.028   199.614  3 52970.10491489  1.295
 27 128.085312  61.234930   202.455   202.795  3 53145.10492531  1.067
 37 128.077712  61.233130   211.925   204.407  3 53495.10497520  3.831
 52 128.095264  61.237684   204.533   204.533  2 54020.10490140  1.061
 53 128.091500  61.230601   209.054   209.054  2 54055.10489412  0.311
 54 128.077305  61.233609   201.432   201.432  2 54090.10488202  0.421
 58 128.083836  61.231845   222.752   222.230  5 54230.10486145  3.050
 59 128.089012  61.238450   207.374   207.374  2 54265.10487784  1.136
 63 128.076675  61.229198   209.590   208.854  4 54405.10481783  0.963
 65 128.087976  61.234657   200.714   200.714  2 54475.10480347  0.253
 71 128.079732  61.236227   101.049   101.049  2 54685.10481331 16.957
 74 128.096439  61.237930   202.888   202.888  2 54790.10475588  0.301
 75 128.090019  61.236694   201.319   201.319  2 54825.10478307  0.167
 79 128.080855  61.230327   104.687   104.580  6 54965.10478586 25.909
 83 128.093349  61.235388   193.349   193.375  5 55105.10472216 22.641
 84 128.081322  61.232723   199.651   199.476  3 55140.10472953  0.712
 85 128.097963  61.235557   198.391   198.093  4 55175.10468889  2.369
 89 128.086093  61.236363   203.942   204.025  3 55315.10468289  1.622
 91 128.089372  61.231903   103.126   103.353  6 55385.10468304 43.293
 92 128.083152  61.230775    97.919    97.936  6 55420.10470849 37.193
