# NaN NaN NaN ;Mean Elev.(m), Avg Gradient(m/km), RMS Gradient(m/km) - SRTM1     
#   50.273  -3.516  11.772 ;Mean Elev.(m), Avg Gradient(m/km), RMS Gradient(m/km) - ASTER GDEM
#   47.861  -2.700  16.433 ;Mean Elev.(m), Avg Gradient(m/km), RMS Gradient(m/km) - GMTED2010 
  8 129.175258  63.503574    69.671    69.742  3 52499.10636710 41.827
 10 129.184414  63.500700    68.991    68.991  2 52569.10638341 37.614
 11 129.172749  63.505027    75.085    75.184  3 52604.10636902 20.013
 12 129.186216  63.500338    73.092    73.092  2 52639.10634885 16.867
 13 129.175450  63.503519    73.891    74.152  3 52674.10634534 13.974
 14 129.185452  63.500472    72.701    72.701  2 52709.10635908 11.764
 15 129.170733  63.504146    73.420    73.420  2 52744.10638824 10.036
 19 129.177791  63.504512    70.494    70.277  3 52884.10649623 47.888
 20 129.174453  63.504187    69.664    69.777  3 52919.10645283 34.654
 21 129.193751  63.498479    69.713    69.713  2 52954.10641639 27.397
 22 129.188127  63.498737    73.114    73.114  2 52989.10642462 15.837
 23 129.182042  63.504283    74.448    74.697  4 53024.10640873 13.526
 24 129.189185  63.498519    73.294    73.294  2 53059.10640613 12.575
 25 129.163656  63.503168    75.062    75.188  3 53094.10644390 10.998
 28 129.181587  63.502079    71.947    71.840  3 53199.10648389 41.456
 29 129.182222  63.500420    72.235    72.235  2 53234.10645436 27.647
 30 129.164600  63.504306    70.643    70.643  2 53269.10642123 24.554
 31 129.180068  63.502486    72.451    72.451  2 53304.10648161 17.470
 32 129.176317  63.504308    73.236    73.631  3 53339.10645038 12.008
 33 129.170966  63.504804    74.385    74.694  3 53374.10638264 10.922
 35 129.166655  63.503621    73.053    73.053  2 53444.10640821  9.171
 36 129.180748  63.502682    71.874    71.874  2 53479.10648536  2.487
 37 129.180889  63.503693    73.664    73.647  4 53514.10649325 39.618
 38 129.172770  63.504507    71.720    71.690  3 53549.10651208 51.688
 39 129.177736  63.504086    75.089    74.892  4 53584.10647600 26.294
 40 129.162734  63.503747    71.118    71.146  3 53619.10643298 23.437
 41 129.183867  63.501129    69.474    69.474  2 53654.10645744 46.945
 42 129.175558  63.503135    70.380    69.721  3 53689.10645401 18.324
 43 129.170154  63.504599    73.812    73.812  2 53724.10637851 14.288
 44 129.192963  63.496721    72.040    72.040  2 53759.10631998 14.055
 45 129.179528  63.503839    73.408    73.204  4 53794.10633912 13.568
 46 129.192869  63.497319    71.392    71.392  2 53829.10631373 12.388
 47 129.183763  63.502356    70.013    70.013  2 53864.10639393 30.915
 48 129.181798  63.501683    76.090    76.090  2 53899.10641891 50.467
 49 129.170660  63.503936    73.894    73.486  3 53934.10646325 24.274
 50 129.170672  63.503832    73.239    71.776  3 53969.10643430 21.178
 51 129.192362  63.496414    72.453    72.453  2 54004.10640729 51.110
 52 129.186095  63.499302    73.659    73.659  2 54039.10644040 14.717
 53 129.179759  63.504027    74.695    74.878  3 54074.10643433 13.267
 54 129.163313  63.502609    72.418    72.418  2 54109.10638081 12.205
 55 129.184645  63.500013    73.713    73.713  2 54144.10637209 11.246
 57 129.183089  63.501135    70.688    70.688  2 54214.10637964  9.562
 58 129.181761  63.502089    76.074    75.910  3 54249.10640728 32.091
 59 129.180145  63.503212    73.339    73.053  3 54284.10641521 23.072
 60 129.180696  63.503696    72.979    72.798  4 54319.10641269 24.479
 61 129.173438  63.505401    72.652    70.734  3 54354.10637621 29.615
 62 129.183776  63.504064    71.901    70.172  3 54389.10635273 29.465
 63 129.175771  63.503970    75.304    75.653  3 54424.10632639 14.314
 65 129.177059  63.504387    75.166    75.822  4 54494.10633072 11.317
 66 129.185011  63.499556    73.845    73.845  2 54529.10634152 10.450
 67 129.171204  63.504653    75.135    74.842  3 54564.10633776  7.664
 68 129.180823  63.502023    71.118    70.874  3 54599.10633657 41.159
 69 129.180484  63.504213    73.304    73.331  4 54634.10634905 44.004
 70 129.178299  63.504330    71.105    70.277  4 54669.10635391 36.323
 71 129.175030  63.504668    73.432    72.228  3 54704.10631791 39.600
 72 129.185958  63.501468    71.313    71.313  2 54739.10631648 49.095
 73 129.176673  63.503664    73.289    73.458  4 54774.10629942 21.497
 75 129.177548  63.504640    72.368    72.337  3 54844.10629713 12.326
 76 129.181812  63.501925    73.969    73.969  2 54879.10631338 11.068
 77 129.169696  63.503814    73.470    73.470  2 54914.10630166  9.871
 78 129.181364  63.501815    69.896    69.712  3 54949.10630542 43.863
 79 129.180395  63.503602    75.084    74.840  3 54984.10633034 52.079
 80 129.181761  63.504659    72.301    72.262  3 55019.10632663 50.115
 81 129.179348  63.504248    74.224    74.149  3 55054.10632270 16.725
 82 129.170558  63.504187    70.376    70.376  2 55089.10628385 41.140
 83 129.183142  63.500148    70.132    70.132  2 55124.10626049 47.434
 84 129.173489  63.503195    73.637    74.448  3 55159.10624501 18.387
 85 129.187463  63.500846    73.299    73.299  2 55194.10625013 15.389
 87 129.181003  63.500677    72.409    72.409  2 55264.10624575 12.131
 88 129.173824  63.505300    72.449    73.300  3 55299.10622956 11.391
 89 129.178054  63.504225    76.017    76.105  3 55334.10622272 20.814
 90 129.178981  63.503610    74.372    74.044  4 55369.10621422 20.619
 91 129.184747  63.499872    72.073    72.073  2 55404.10623128 31.498
 92 129.177834  63.503505    71.439    70.499  3 55439.10623239 30.157
 93 129.170825  63.503916    72.103    70.602  3 55474.10617933 27.455
