# NaN NaN NaN ;Mean Elev.(m), Avg Gradient(m/km), RMS Gradient(m/km) - SRTM1     
#   32.388   0.162   5.925 ;Mean Elev.(m), Avg Gradient(m/km), RMS Gradient(m/km) - ASTER GDEM
#   44.200   0.071  16.431 ;Mean Elev.(m), Avg Gradient(m/km), RMS Gradient(m/km) - GMTED2010 
  8    50.640 52492.12008227 51.73 125.184416  64.648610 39.450
  8    50.481 52492.12008291 53.03 125.181516  64.645500 39.450
 10    50.421 52562.12011159 43.94 125.186461  64.648532 18.721
 10    50.572 52562.12011223 49.43 125.183551  64.645422 18.721
 10    50.503 52562.12011288 45.50 125.180641  64.642312 18.721
 12    49.653 52632.12006954 26.30 125.186105  64.647679  7.372
 12    49.796 52632.12007018 30.02 125.183195  64.644569  7.372
 13    49.644 52667.12008942 18.15 125.176053  64.648728  3.506
 13    49.603 52667.12009006 17.59 125.173143  64.645618  3.506
 14    49.827 52702.12005994 15.99 125.194164  64.644958  3.529
 14    49.812 52702.12006059 17.13 125.191254  64.641838  3.529
 15    49.775 52737.12010197  9.93 125.176151  64.649805  2.577
 15    49.897 52737.12010261  9.87 125.173241  64.646695  2.577
 15    49.693 52737.12010326 10.15 125.170341  64.643575  2.577
 16    49.826 52772.12007089 42.89 125.167798  64.648455 25.414
 16    49.843 52772.12007153 42.93 125.164898  64.645345 25.414
 17    54.224 52807.12012516 33.11 125.187539  64.648434 23.296
 17    54.783 52807.12012580 21.22 125.184629  64.645324 23.296
 17    55.208 52807.12012645 29.50 125.181719  64.642214 23.296
 18    51.969 52842.12018456 23.79 125.184942  64.645755 28.247
 18    54.835 52842.12018520 23.39 125.182032  64.642645 28.247
 19    50.943 52877.12022325 42.61 125.179165  64.646175 34.098
 19    50.983 52877.12022389 42.08 125.176265  64.643065 34.098
 20    53.779 52912.12018133 17.42 125.176186  64.648714 13.150
 20    54.320 52912.12018197 18.33 125.173286  64.645604 13.150
 21    50.049 52947.12013807 31.07 125.196866  64.645834 15.273
 21    50.030 52947.12013871 41.57 125.193956  64.642724 15.273
 21    49.988 52947.12013936 46.70 125.191046  64.639614 15.273
 23    49.811 53017.12017129 12.39 125.169069  64.647945  2.265
 23    49.735 53017.12017193 12.83 125.166169  64.644825  2.265
 24    53.322 53052.12015039 11.23 125.188395  64.645165  2.238
 24    50.232 53052.12015103 11.54 125.185485  64.642055  2.238
 25    49.543 53087.12018750 10.24 125.160792  64.647965  2.149
 25    49.317 53087.12018814 10.81 125.157892  64.644855  2.149
 26    51.189 53122.12015700  8.36 125.183656  64.647018  7.185
 26    50.711 53122.12015764  8.02 125.180746  64.643908  7.185
 27    54.004 53157.12021301 30.81 125.175312  64.647448 32.907
 27    54.386 53157.12021366 37.18 125.172402  64.644334 34.546
 28    54.261 53192.12020577 22.24 125.179928  64.646076 27.682
 28    53.368 53192.12020642 37.27 125.177028  64.642966 27.682
 29    52.578 53227.12020679 50.40 125.177234  64.647905 39.706
 29    52.553 53227.12020743 52.10 125.174334  64.644785 39.706
 30    51.229 53262.12018053 22.42 125.162105  64.648293 24.137
 30    51.331 53262.12018117 32.52 125.159205  64.645173 24.137
 31    50.883 53297.12021590 45.83 125.175739  64.648928 22.895
 31    50.876 53297.12021654 48.54 125.172829  64.645818 22.895
 32    50.795 53332.12018826 18.28 125.176468  64.646786  4.123
 32    50.880 53332.12018891 18.19 125.173558  64.643676  4.123
 33    50.758 53367.12013324 12.60 125.170233  64.650286  2.803
 33    50.971 53367.12013388 12.16 125.167333  64.647166  2.803
 33    50.850 53367.12013453 13.06 125.164423  64.644056  2.803
 35    50.336 53437.12015052  9.43 125.171181  64.649251  2.213
 35    50.172 53437.12015116  9.80 125.168271  64.646141  2.213
 36    50.192 53472.12020332  9.51 125.179460  64.646357  2.314
 36    50.090 53472.12020397  9.26 125.176560  64.643247  2.314
 37    53.424 53507.12023301 33.12 125.176126  64.649522 32.478
 37    53.311 53507.12023366 33.95 125.173216  64.646412 32.478
 38    53.288 53542.12024012 37.16 125.173446  64.648402 24.340
 38    53.287 53542.12024077 37.56 125.170536  64.645292 24.340
 39    52.653 53577.12022752 49.56 125.169406  64.649535 32.832
 39    52.697 53577.12022816 55.91 125.166506  64.646415 32.832
 40    52.491 53612.12018013 19.67 125.162315  64.648203 20.389
 40    52.638 53612.12018078 26.39 125.159405  64.645093 20.389
 41    53.772 53647.12018443 17.67 125.187035  64.646662 20.398
 41    53.966 53647.12018508 19.54 125.184125  64.643552 20.398
 42    49.860 53682.12020039 29.63 125.169042  64.648699 10.541
 42    49.830 53682.12020104 31.86 125.166132  64.645589 10.541
 43    50.010 53717.12012751 21.06 125.172808  64.649882  4.183
 43    50.081 53717.12012815 20.32 125.169908  64.646772  4.183
 44    50.607 53752.12004676 15.41 125.194749  64.646634  3.022
 44    50.540 53752.12004740 15.05 125.191849  64.643524  3.022
 44    50.482 53752.12004805 15.09 125.188939  64.640414  3.022
 45    50.079 53787.12007694 12.49 125.178939  64.648995  2.493
 45    50.231 53787.12007759 12.15 125.176029  64.645885  2.493
 46    50.052 53822.12003171  9.79 125.164386  64.650388  2.078
 46    50.166 53822.12003235  9.94 125.161486  64.647268  2.078
 46    50.003 53822.12003300 10.58 125.158586  64.644158  2.078
 47    49.845 53857.12012257 14.71 125.179955  64.648879  5.714
 47    49.128 53857.12012321 16.03 125.177045  64.645769  5.714
 48    54.201 53892.12013580 43.39 125.184877  64.647244 35.271
 48    54.195 53892.12013644 38.01 125.181967  64.644134 35.271
 49    51.844 53927.12019653 41.36 125.168986  64.648187 33.224
 49    51.756 53927.12019718 39.35 125.166076  64.645077 33.224
 50    50.278 53962.12018116 52.25 125.163917  64.648266 36.788
 50    50.365 53962.12018181 49.77 125.161007  64.645156 36.788
 51    52.446 53997.12012447 52.25 125.198487  64.645564 41.363
 51    52.456 53997.12012512 53.94 125.195577  64.642454 41.363
 51    52.547 53997.12012576 52.66 125.192667  64.639344 41.363
 52    50.289 54032.12017611 39.68 125.186827  64.647349 16.710
 52    50.272 54032.12017676 47.50 125.183917  64.644239 16.710
 53    50.665 54067.12017020 22.82 125.177098  64.648468  5.147
 53    50.679 54067.12017084 22.28 125.174188  64.645358  5.147
 54    50.561 54102.12013108 16.09 125.166413  64.648419  3.139
 54    50.633 54102.12013172 15.34 125.163503  64.645309  3.139
 55    50.458 54137.12009773 10.26 125.185587  64.648453  2.121
 55    50.779 54137.12009838 10.19 125.182687  64.645343  2.121
 56    50.210 54172.12010779 10.13 125.170167  64.649483  2.335
 56    50.209 54172.12010843 10.50 125.167257  64.646373  2.335
 57    50.292 54207.12010356  9.06 125.183877  64.646625  2.499
 57    50.749 54207.12010421  9.02 125.180967  64.643505  2.499
 58    56.907 54242.12013613 32.96 125.177146  64.646627 35.296
 58    57.119 54242.12013678 40.74 125.174236  64.643517 35.296
 59    52.922 54277.12015019 48.74 125.178014  64.647557 35.535
 59    52.856 54277.12015084 51.87 125.175104  64.644437 35.535
 60    54.319 54312.12015119 18.70 125.177127  64.646698 26.092
 60    54.660 54312.12015183 27.55 125.174217  64.643578 26.092
 61    54.216 54347.12012387 17.04 125.167391  64.648269 22.866
 61    54.809 54347.12012451 17.47 125.164491  64.645149 22.866
 62    53.605 54382.12008804 26.36 125.183896  64.646911 21.590
 62    50.880 54382.12008868 39.90 125.180996  64.643801 21.590
 63    49.685 54417.12007282 22.14 125.172099  64.649167  5.511
 63    49.793 54417.12007346 22.41 125.169199  64.646057  5.511
 64    50.508 54452.12005715 14.70 125.187983  64.647242  2.911
 64    50.751 54452.12005779 14.06 125.185073  64.644132  2.911
 65    50.316 54487.12006967 11.90 125.179532  64.649421  2.673
 65    50.384 54487.12007031 12.14 125.176632  64.646311  2.673
 65    50.261 54487.12007096 11.75 125.173722  64.643201  2.673
 66    50.721 54522.12007036  9.96 125.184774  64.648116  2.264
 66    50.885 54522.12007100  9.63 125.181874  64.645006  2.264
 67    49.935 54557.12008026  8.65 125.170501  64.648708  2.356
 67    49.711 54557.12008090  8.55 125.167591  64.645598  2.356
 68    50.580 54592.12006673  6.17 125.178012  64.646355  2.328
 68    50.665 54592.12006737  6.55 125.175112  64.643245  2.328
 69    54.037 54627.12008234 25.48 125.174528  64.647317 23.176
 69    54.626 54627.12008299 31.05 125.171618  64.644207 23.176
 70    51.578 54662.12008953 49.29 125.178129  64.649429 36.758
 70    51.467 54662.12009018 53.43 125.175229  64.646319 36.758
 71    52.741 54697.12006530 23.62 125.171611  64.649012 21.841
 71    52.751 54697.12006595 29.18 125.168711  64.645902 21.841
 72    54.170 54732.12004645 19.41 125.183003  64.645673 16.964
 72    54.565 54732.12004710 31.30 125.180103  64.642563 16.964
 73    50.485 54767.12004453 49.11 125.177569  64.648737 19.313
 73    50.412 54767.12004518 50.56 125.174669  64.645627 19.313
 74    50.225 54802.12003990 19.61 125.185399  64.648325  3.811
 74    50.318 54802.12004054 17.84 125.182489  64.645215  3.811
 75    50.701 54837.12003709 14.16 125.176610  64.647698  3.048
 75    50.555 54837.12003773 14.24 125.173710  64.644588  3.048
 76    50.274 54872.12003907 12.22 125.183057  64.645750  2.516
 76    50.262 54872.12003972 12.03 125.180157  64.642640  2.516
 77    49.955 54907.12004524 11.26 125.164986  64.647746  2.499
 77    49.866 54907.12004588 11.62 125.162076  64.644636  2.499
 78    50.219 54942.12003176  6.95 125.181823  64.646149  2.787
 78    50.274 54942.12003240  7.23 125.178923  64.643039  2.787
 79    54.381 54977.12005956 25.79 125.176006  64.646745 25.364
 79    54.339 54977.12006021 35.23 125.173106  64.643635 25.364
 80    52.954 55012.12006756 46.29 125.175365  64.648745 34.701
 80    52.892 55012.12006821 51.57 125.172465  64.645635 34.701
 81    53.464 55047.12005947 20.66 125.179520  64.648283 19.436
 81    54.395 55047.12006012 20.64 125.176620  64.645173 19.436
 82    51.327 55082.12003153 41.08 125.167556  64.649335 32.401
 82    51.379 55082.12003218 45.38 125.164656  64.646225 32.401
 83    51.327 55117.11999184 33.29 125.183154  64.645979 21.115
 83    53.910 55117.11999249 33.74 125.180254  64.642869 21.115
 84    49.608 55152.11998950 27.80 125.174363  64.648708  6.237
 84    49.512 55152.11999015 25.86 125.171453  64.645598  6.237
 85    50.207 55187.11997823 20.60 125.184488  64.647444  3.876
 85    50.049 55187.11997887 21.36 125.181578  64.644334  3.876
 86    49.937 55222.11998798 15.67 125.174915  64.649141  2.975
 86    49.963 55222.11998863 14.97 125.172015  64.646031  2.975
 87    50.020 55257.11997414 14.99 125.183475  64.649008  3.063
 87    50.496 55257.11997479 13.67 125.180575  64.645898  3.063
 87    49.960 55257.11997543 13.88 125.177665  64.642788  3.063
 88    49.849 55292.11997592 13.51 125.169311  64.650579  3.001
 88    49.785 55292.11997656 13.43 125.166411  64.647469  3.001
 88    49.714 55292.11997721 13.34 125.163501  64.644359  3.001
 89    50.208 55327.11995854 41.54 125.176194  64.647747 28.243
 89    50.093 55327.11995918 45.45 125.173294  64.644637 28.243
 90    54.025 55362.11995467 22.41 125.173630  64.649199 23.493
 90    54.204 55362.11995532 23.08 125.170730  64.646089 23.493
 91    54.000 55397.11996225 19.09 125.182952  64.646618 21.467
 91    54.412 55397.11996290 19.66 125.180042  64.643508 21.467
 92    53.549 55432.11996981 22.23 125.179255  64.647855 23.261
 92    54.451 55432.11997046 23.26 125.176345  64.644745 23.261
 93    50.866 55467.11992930 41.96 125.166992  64.650029 33.760
 93    50.915 55467.11992994 48.02 125.164092  64.646919 33.760
