# NaN NaN NaN ;Mean Elev.(m), Avg Gradient(m/km), RMS Gradient(m/km) - SRTM1     
#   16.700  -0.548  10.771 ;Mean Elev.(m), Avg Gradient(m/km), RMS Gradient(m/km) - ASTER GDEM
#   31.317  -0.843  11.410 ;Mean Elev.(m), Avg Gradient(m/km), RMS Gradient(m/km) - GMTED2010 
 11 123.046560  67.436998    31.813    31.813  2 52590.13350769 18.411
 12 123.044776  67.437217    32.017    32.017  2 52625.13344048 14.800
 13 123.048240  67.433687    32.300    32.518  3 52660.13347442 12.813
 15 123.050357  67.431850    32.441    32.562  4 52730.13348610 10.074
 19 123.049369  67.427611    32.927    32.811  3 52870.13359629 19.271
 20 123.045730  67.434746    30.556    30.556  2 52905.13359799 18.760
 22 123.051285  67.430581    32.285    32.414  4 52975.13357606 15.567
 24 123.050426  67.426824    33.254    33.283  3 53045.13354322 11.007
 26 123.051406  67.430072    32.900    32.934  4 53115.13354712  9.004
 27 123.047908  67.435214    24.728    24.728  2 53150.13359295 31.047
 28 123.049206  67.425689    33.484    33.578  3 53185.13358578 24.579
 29 123.045859  67.434803    31.226    31.226  2 53220.13360990 16.606
 30 123.039281  67.442209    27.137    27.137  2 53255.13358569 28.917
 31 123.051114  67.430131    26.692    26.594  4 53290.13359650 39.137
 32 123.049039  67.432212    32.146    32.278  4 53325.13357133 14.898
 34 123.050776  67.427007    32.855    32.855  2 53395.13355058 10.572
 35 123.044177  67.436333    31.934    31.934  2 53430.13354209 10.396
 36 123.049851  67.421985    33.717    33.717  2 53465.13357138  8.813
 38 123.047252  67.434943    32.030    32.030  2 53535.13361832 19.458
 42 123.046201  67.435117    22.449    22.449  2 53675.13359632 29.721
 45 123.048295  67.429525    29.750    31.112  4 53780.13346787 14.593
 47 123.050616  67.428969    32.829    32.828  3 53850.13350239 10.543
 50 123.042473  67.438418    31.710    31.710  2 53955.13357942 21.814
 52 123.049851  67.423554    25.228    25.228  2 54025.13356507 31.173
 53 123.049576  67.429018    27.567    26.923  4 54060.13355736 21.089
 55 123.050001  67.420163    33.151    33.151  2 54130.13347859 15.600
 57 123.051071  67.426974    32.875    32.875  2 54200.13348033 13.351
 58 123.049663  67.429846    25.128    25.812  4 54235.13351834 35.256
 59 123.047061  67.433184    34.747    34.650  3 54270.13353799 21.907
 60 123.049295  67.433148    32.243    32.084  4 54305.13354099 20.033
 62 123.052158  67.431203    32.724    32.672  4 54375.13347543 17.983
 63 123.048085  67.435643    24.080    24.080  2 54410.13346988 24.044
 64 123.051218  67.422403    33.282    33.282  2 54445.13344007 12.548
 65 123.050444  67.434516    31.678    31.747  3 54480.13346080 11.995
 66 123.050242  67.422046    33.668    33.668  2 54515.13345465  9.635
 68 123.048399  67.430154    33.039    33.201  4 54585.13344875  5.876
 70 123.047190  67.434767    32.018    32.045  3 54655.13347829 23.036
 72 123.050552  67.423599    32.364    32.364  2 54725.13343014 22.654
 73 123.046323  67.434775    24.800    24.800  2 54760.13344124 32.087
 74 123.051289  67.422911    28.557    28.557  2 54795.13342372 17.181
 75 123.049877  67.434732    30.857    30.871  4 54830.13344073 14.831
 76 123.048920  67.422969    33.153    33.153  2 54865.13341849 14.071
 77 123.044834  67.437139    31.394    31.394  2 54900.13343986 10.116
 78 123.049862  67.428581    32.263    32.736  4 54935.13340951  9.873
 80 123.047477  67.435374    32.908    32.908  2 55005.13346119 20.777
 81 123.048877  67.433696    32.184    32.076  3 55040.13344899 17.940
 82 123.045117  67.437768    32.141    32.141  2 55075.13343106 18.054
 83 123.050681  67.427532    31.042    29.911  3 55110.13338264 26.354
 84 123.046627  67.436057    27.034    27.034  2 55145.13338433 26.057
 86 123.045149  67.433784    26.458    26.458  2 55215.13337929 20.380
 87 123.049369  67.424784    28.314    28.314  2 55250.13335639 16.993
 89 123.046825  67.434670    23.684    23.684  2 55320.13334526 18.233
 90 123.046874  67.435239    31.881    31.881  2 55355.13334635 24.910
 91 123.049929  67.427758    32.019    32.027  4 55390.13334726 22.223
 92 123.049332  67.434282    31.374    31.147  3 55425.13336339 19.421
 93 123.043705  67.436979    27.933    27.933  2 55460.13333218 27.900
