# NaN NaN NaN ;Mean Elev.(m), Avg Gradient(m/km), RMS Gradient(m/km) - SRTM1     
#   32.000   0.046   3.861 ;Mean Elev.(m), Avg Gradient(m/km), RMS Gradient(m/km) - ASTER GDEM
#   25.482   1.514   8.469 ;Mean Elev.(m), Avg Gradient(m/km), RMS Gradient(m/km) - GMTED2010 
  7    31.519 52448.51801817 25.16 124.995427  64.812676 11.933
  7    31.397 52448.51801882 25.81 124.992487  64.815786 11.933
  7    31.290 52448.51801946 25.42 124.989547  64.818896 11.933
  7    31.315 52448.51802011 25.01 124.986607  64.821996 11.933
  8    49.043 52483.51800568 34.25 125.009082  64.812787 17.740
  8    49.014 52483.51800632 33.51 125.006142  64.815887 17.740
  8    48.931 52483.51800697 32.06 125.003202  64.818997 17.740
  9    47.598 52518.51796421 49.54 125.019656  64.812551 35.195
  9    47.563 52518.51796486 47.42 125.016716  64.815661 35.195
  9    47.705 52518.51796550 39.64 125.013776  64.818771 35.195
 11    49.180 52588.51799645 22.66 125.012036  64.813124  4.187
 11    47.521 52588.51799710 22.91 125.009096  64.816224  4.187
 11    50.143 52588.51799774 21.45 125.006156  64.819334  4.187
 12    48.657 52623.51794792 16.29 125.017531  64.815047  2.425
 12    50.901 52623.51794857 16.28 125.014591  64.818157  2.425
 13    49.412 52658.51796705 15.27 125.005804  64.815298  2.731
 13    50.070 52658.51796770 15.51 125.002864  64.818408  2.731
 13    50.672 52658.51796834 15.23 124.999924  64.821518  2.731
 15    49.444 52728.51798598 10.04 125.010352  64.812766  1.859
 15    49.317 52728.51798663 10.33 125.007412  64.815876  1.859
 15    49.031 52728.51798727 10.15 125.004472  64.818986  1.859
 16    49.618 52763.51799872 10.63 125.011144  64.814096  2.162
 16    49.525 52763.51799936 10.76 125.008204  64.817206  2.162
 16    49.403 52763.51800001 10.84 125.005271  64.820310  2.352
 17    51.385 52798.51797327 52.56 124.998817  64.814137 38.230
 17    51.332 52798.51797391 52.74 124.995877  64.817247 38.230
 17    51.330 52798.51797456 52.71 124.992937  64.820357 38.230
 18    50.301 52833.51804377 45.08 124.997896  64.815744 35.287
 18    50.305 52833.51804442 45.31 124.994956  64.818854 35.287
 18    50.237 52833.51804506 44.33 124.992016  64.821954 35.287
 19    48.681 52868.51808556 28.00 125.009218  64.814382 24.682
 19    48.680 52868.51808620 29.55 125.006278  64.817492 24.682
 19    48.657 52868.51808684 30.54 125.003338  64.820592 24.682
 20    48.456 52903.51809874 34.74 125.009410  64.815095 33.350
 20    48.499 52903.51809939 30.35 125.006471  64.818206 28.189
 20    48.588 52903.51810003 28.92 125.003531  64.821316 28.189
 21    47.618 52938.51803470 25.52 125.023553  64.813194  4.113
 21    47.836 52938.51803535 23.87 125.020613  64.816304  4.113
 22    49.044 52973.51807194 17.77 124.996936  64.815499  3.232
 22    48.992 52973.51807258 17.46 124.993996  64.818609  3.232
 22    49.475 52973.51807323 16.83 124.991056  64.821719  3.232
 23    49.574 53008.51807962 10.67 125.002669  64.814320  1.797
 23    49.961 53008.51808026 10.36 124.999729  64.817430  1.797
 23    50.078 53008.51808091 10.47 124.996789  64.820540  1.797
 24    49.163 53043.51803785  9.43 124.990926  64.815103  1.858
 24    49.441 53043.51803849  9.70 124.987976  64.818213  1.858
 24    49.404 53043.51803914  9.32 124.985036  64.821323  1.858
 25    50.088 53078.51807087  7.64 125.004499  64.815534  1.721
 25    50.269 53078.51807152  7.58 125.001559  64.818644  1.721
 25    50.631 53078.51807216  7.66 124.998609  64.821754  1.721
 27    48.895 53148.51808623 28.06 125.000652  64.813299 20.727
 27    49.163 53148.51808688 29.20 124.997702  64.816409 20.727
 27    48.901 53148.51808752 29.03 124.994772  64.819519 20.727
 27    48.020 53148.51808817 30.59 124.991822  64.822629 20.727
 28    52.908 53183.51808360 54.71 125.011926  64.813244 51.154
 28    52.769 53183.51808424 54.97 125.008988  64.816353 48.088
 28    52.743 53183.51808489 53.03 125.006048  64.819463 48.088
 29    48.997 53218.51810858 27.09 125.006974  64.815315 23.597
 29    48.997 53218.51810922 26.92 125.004034  64.818425 23.597
 29    49.095 53218.51810987 26.70 125.001094  64.821535 23.597
 30    48.387 53253.51808576 45.76 125.014993  64.814476 30.533
 30    48.236 53253.51808640 50.72 125.012050  64.817581 35.282
 32    50.261 53323.51806409 12.79 125.012816  64.814739  1.872
 32    50.871 53323.51806474 12.73 125.009876  64.817849  1.872
 33    50.175 53358.51802716 10.75 125.022419  64.813089  2.047
 33    50.993 53358.51802780 10.60 125.019479  64.816199  2.047
 33    51.108 53358.51802844 10.56 125.016549  64.819309  2.047
 34    49.103 53393.51804433  9.31 124.994247  64.813760  1.932
 34    49.526 53393.51804498  9.13 124.991307  64.816870  1.932
 34    49.406 53393.51804562  9.58 124.988367  64.819980  1.932
 34    49.532 53393.51804627  9.00 124.985417  64.823090  1.932
 35    50.557 53428.51803801  8.27 125.017761  64.814527  1.836
 35    50.676 53428.51803865  8.17 125.014821  64.817637  1.836
 36    49.664 53463.51805900  6.64 124.997318  64.814176  1.765
 36    49.775 53463.51805964  6.58 124.994378  64.817286  1.765
 36    49.829 53463.51806029  6.91 124.991438  64.820386  1.765
 36    49.808 53463.51806093  6.81 124.988498  64.823496  1.765
 37    50.022 53498.51812791 36.43 124.999104  64.812135 23.311
 37    49.705 53498.51812856 34.47 124.996164  64.815245 23.311
 37    49.457 53498.51812920 35.57 124.993224  64.818355 23.311
 37    49.497 53498.51812985 34.57 124.990284  64.821465 23.311
 38    51.087 53533.51811112 51.90 125.013240  64.814290 45.657
 38    51.039 53533.51811177 52.19 125.010300  64.817400 45.657
 38    50.960 53533.51811241 53.20 125.007360  64.820510 45.657
 39    50.384 53568.51812831 53.69 125.004730  64.813881 40.667
 39    50.331 53568.51812896 52.22 125.001800  64.816991 40.667
 39    50.293 53568.51812960 52.44 124.998850  64.820101 40.667
 40    49.386 53603.51807383 27.63 125.019726  64.814560 25.857
 40    49.742 53603.51807448 28.07 125.016786  64.817670 25.857
 41    49.446 53638.51807275 42.76 124.993124  64.813453 40.433
 41    49.360 53638.51807339 42.03 124.990184  64.816563 40.433
 41    49.271 53638.51807404 41.57 124.987244  64.819673 40.433
 41    49.219 53638.51807468 48.08 124.984304  64.822783 40.433
 42    47.740 53673.51809325 24.04 124.997894  64.815266  8.697
 42    47.646 53673.51809390 23.18 124.994954  64.818376  8.697
 42    47.886 53673.51809454 23.26 124.992014  64.821486  8.697
 43    48.922 53708.51802349 14.05 125.023206  64.814038  2.448
 43    50.582 53708.51802413 13.72 125.020276  64.817148  2.448
 44    49.253 53743.51793374 11.76 125.031178  64.812991  2.219
 44    51.599 53743.51793439 11.66 125.028238  64.816101  2.219
 45    49.743 53778.51796213 10.29 125.010544  64.813257  2.032
 45    50.210 53778.51796278  9.77 125.007604  64.816367  2.032
 45    50.853 53778.51796342  9.93 125.004664  64.819477  2.032
 46    50.083 53813.51793611  9.08 125.027422  64.813937  1.947
 46    50.261 53813.51793675  9.18 125.024492  64.817047  1.947
 47    49.203 53848.51799482  6.33 124.992599  64.814975  1.968
 47    49.191 53848.51799547  6.54 124.989659  64.818085  1.968
 47    49.331 53848.51799611  6.36 124.986719  64.821195  1.968
 47    49.101 53848.51799676  6.08 124.983769  64.824305  1.968
 49    51.398 53918.51807593 51.02 124.997147  64.815342 43.457
 49    51.376 53918.51807657 50.13 124.994207  64.818452 43.457
 49    51.364 53918.51807721 49.85 124.991267  64.821562 43.457
 50    48.214 53953.51807780 46.85 124.999800  64.813834 36.849
 50    48.128 53953.51807845 49.26 124.996860  64.816934 36.849
 50    47.975 53953.51807909 48.20 124.993920  64.820044 36.849
 50    47.896 53953.51807974 48.55 124.990980  64.823154 36.849
 52    48.620 54023.51805851 39.56 124.996779  64.814652 21.010
 52    48.510 54023.51805915 40.35 124.993839  64.817762 21.010
 52    48.618 54023.51805980 41.38 124.990899  64.820872 21.010
 53    49.652 54058.51805016 14.23 125.013565  64.812801  2.399
 53    50.479 54058.51805080 14.60 125.010625  64.815911  2.399
 53    50.985 54058.51805145 14.69 125.007685  64.819011  2.399
 54    49.680 54093.51802976 12.00 125.019556  64.813396  2.108
 54    48.901 54093.51803040 11.98 125.016616  64.816506  2.108
 54    50.768 54093.51803104 11.63 125.013676  64.819616  2.108
 55    49.375 54128.51796948  9.93 124.992852  64.815139  2.037
 55    49.700 54128.51797013  9.88 124.989912  64.818249  2.037
 55    49.782 54128.51797077  9.70 124.986962  64.821359  2.037
 56    50.180 54163.51799973  8.39 125.010992  64.812628  1.834
 56    50.273 54163.51800037  8.55 125.008052  64.815738  1.834
 56    50.509 54163.51800102  8.04 125.005112  64.818848  1.834
 57    49.604 54198.51797137  7.62 124.998796  64.813045  1.913
 57    49.667 54198.51797202  7.51 124.995856  64.816155  1.913
 57    50.025 54198.51797266  7.26 124.992916  64.819265  1.913
 57    49.691 54198.51797331  7.39 124.989966  64.822375  1.913
 58    48.249 54233.51801410 48.16 125.003643  64.814251 25.879
 58    48.210 54233.51801474 48.40 125.000703  64.817361 25.879
 58    48.050 54233.51801539 46.98 124.997763  64.820471 25.879
 59    51.752 54268.51803321 19.38 125.007435  64.815121 23.658
 59    51.746 54268.51803386 19.46 125.004495  64.818231 23.658
 59    52.252 54268.51803450 20.98 125.001555  64.821341 23.658
 60    50.042 54303.51803653 23.64 125.008155  64.813948 27.910
 60    50.361 54303.51803717 20.41 125.005215  64.817058 27.910
 60    50.591 54303.51803782 23.23 125.002275  64.820168 27.910
 61    49.183 54338.51802157 22.89 125.012691  64.814646 25.566
 61    51.245 54338.51802222 19.91 125.009751  64.817756 25.566
 61    50.600 54338.51802286 24.94 125.006811  64.820866 25.566
 62    49.080 54373.51797033 27.79 125.001213  64.814891 32.977
 62    49.138 54373.51797098 29.43 124.998273  64.818001 32.977
 62    48.992 54373.51797162 37.95 124.995333  64.821111 32.977
 63    48.016 54408.51796742 23.89 125.007201  64.815435  6.270
 63    48.139 54408.51796806 24.80 125.004261  64.818545  6.270
 63    47.991 54408.51796871 25.70 125.001321  64.821655  6.270
 64    48.471 54443.51793153 14.38 124.993246  64.814063  2.492
 64    48.639 54443.51793217 13.89 124.990306  64.817163  2.492
 64    48.772 54443.51793282 13.86 124.987358  64.820274  2.499
 64    48.181 54443.51793346 14.09 124.984418  64.823384  2.499
 65    49.253 54478.51795649 12.62 125.009414  64.813027  3.043
 65    49.490 54478.51795714 12.24 125.006474  64.816137  3.043
 65    48.978 54478.51795778 12.97 125.003534  64.819247  3.043
 66    49.392 54513.51794644  9.30 124.995373  64.814263  2.208
 66    49.431 54513.51794709  9.12 124.992423  64.817373  2.208
 66    49.287 54513.51794773  9.50 124.989483  64.820483  2.208
 66    50.009 54513.51794837  9.39 124.986543  64.823583  2.208
 67    50.589 54548.51797029  7.62 125.012816  64.814093  2.030
 67    50.494 54548.51797094  7.66 125.009876  64.817203  2.030
 67    50.538 54548.51797158  7.84 125.006936  64.820313  2.030
 68    50.334 54583.51794187  6.22 125.006586  64.813530  1.791
 68    50.210 54583.51794251  6.05 125.003646  64.816640  1.791
 68    50.533 54583.51794316  6.14 125.000706  64.819750  1.791
 69    53.523 54618.51796199 43.23 125.007350  64.813366 29.156
 69    53.509 54618.51796264 42.82 125.004410  64.816476 29.156
 69    53.389 54618.51796328 44.29 125.001470  64.819586 29.156
 70    49.983 54653.51797386 50.96 125.005737  64.814394 39.345
 70    49.964 54653.51797450 53.01 125.002797  64.817504 39.345
 70    49.942 54653.51797515 52.76 124.999857  64.820614 39.345
 71    49.746 54688.51796246 20.22 125.012263  64.814046 27.950
 71    51.191 54688.51796310 17.70 125.009323  64.817156 27.950
 71    51.282 54688.51796375 21.25 125.006383  64.820266 27.950
 72    51.122 54723.51792234 17.80 124.994958  64.814725 29.636
 72    51.272 54723.51792299 17.44 124.992008  64.817835 29.636
 72    51.394 54723.51792363 17.47 124.989068  64.820935 29.636
 73    48.280 54758.51793802 46.65 125.009467  64.812973 20.500
 73    48.553 54758.51793866 47.13 125.006527  64.816083 20.500
 73    48.345 54758.51793931 45.65 125.003587  64.819193 20.500
 74    48.221 54793.51791531 25.76 124.992778  64.813005 10.777
 74    48.227 54793.51791595 30.20 124.989838  64.816115 10.777
 74    48.355 54793.51791660 36.17 124.986898  64.819225 10.777
 74    48.209 54793.51791724 37.44 124.983958  64.822325 10.777
 75    49.081 54828.51793682 13.60 125.006263  64.813077  2.511
 75    48.885 54828.51793746 13.60 125.003323  64.816187  2.511
 75    48.831 54828.51793811 14.02 125.000383  64.819297  2.511
 76    48.829 54863.51790956 11.42 124.998169  64.813493  2.229
 76    49.383 54863.51791020 11.41 124.995229  64.816603  2.229
 76    48.937 54863.51791085 11.12 124.992289  64.819713  2.229
 76    48.506 54863.51791149 10.91 124.989349  64.822813  2.229
 77    49.866 54898.51793653 10.06 125.009716  64.813967  2.198
 77    49.826 54898.51793717 10.04 125.006776  64.817077  2.198
 77    50.285 54898.51793782  9.86 125.003836  64.820187  2.198
 78    49.163 54933.51790427  8.98 124.998636  64.815150  1.921
 78    49.198 54933.51790491  8.69 124.995696  64.818260  1.921
 78    48.546 54933.51790556  8.72 124.992746  64.821370  1.921
 79    51.743 54968.51793805 33.11 125.006500  64.814066 32.975
 79    51.700 54968.51793869 34.67 125.003560  64.817176 32.975
 79    51.732 54968.51793934 34.80 125.000620  64.820286 32.975
 80    51.479 55003.51795766 18.98 125.004327  64.813471 22.273
 80    51.124 55003.51795831 18.37 125.001387  64.816581 22.273
 80    51.540 55003.51795895 16.64 124.998447  64.819691 22.273
 81    49.276 55038.51794430 27.25 125.010082  64.812674 25.497
 81    48.979 55038.51794494 27.64 125.007142  64.815784 25.497
 81    49.119 55038.51794559 23.99 125.004192  64.818894 25.497
 82    49.439 55073.51792941 51.63 125.014339  64.813382 38.035
 82    49.409 55073.51793005 51.92 125.011399  64.816492 38.035
 82    49.341 55073.51793070 53.20 125.008459  64.819602 38.035
 83    49.209 55108.51787699 28.21 124.998005  64.813009 20.203
 83    49.163 55108.51787763 26.04 124.995065  64.816119 20.203
 83    49.260 55108.51787827 28.24 124.992125  64.819229 20.203
 83    49.207 55108.51787892 28.93 124.989175  64.822339 20.203
 84    46.506 55143.51788114 30.16 125.008664  64.814087  8.565
 84    46.685 55143.51788179 28.85 125.005724  64.817197  8.565
 84    49.944 55143.51788243 26.62 125.002784  64.820307  8.565
 85    47.820 55178.51785042 19.89 124.993227  64.814259  4.043
 85    47.714 55178.51785107 20.38 124.990287  64.817369  4.043
 85    47.596 55178.51785171 19.34 124.987347  64.820469  4.043
 85    47.572 55178.51785236 19.43 124.984397  64.823579  4.043
 86    49.235 55213.51787613 15.50 125.006660  64.815510  2.871
 86    48.472 55213.51787677 15.62 125.003720  64.818620  2.871
 86    50.272 55213.51787742 15.15 125.000780  64.821730  2.871
 87    49.150 55248.51785005 12.54 125.000256  64.814116  2.769
 87    48.563 55248.51785070 12.76 124.997316  64.817226  2.769
 87    48.640 55248.51785134 12.44 124.994376  64.820336  2.769
 88    49.196 55283.51786972 11.53 125.010369  64.814755  2.181
 88    48.541 55283.51787036 11.18 125.007429  64.817865  2.181
 88    50.668 55283.51787101 10.90 125.004489  64.820975  2.181
 89    48.535 55318.51783996 24.88 125.007855  64.812684  9.008
 89    47.810 55318.51784060 24.57 125.004915  64.815794  9.008
 89    47.699 55318.51784125 23.61 125.001975  64.818904  9.008
 89    47.727 55318.51784189 21.05 124.999035  64.822014  9.008
 90    51.307 55353.51784243 51.44 125.010031  64.814097 31.657
 90    51.293 55353.51784308 50.15 125.007091  64.817207 31.657
 90    51.288 55353.51784372 51.08 125.004151  64.820317 31.657
 91    50.017 55388.51784035 20.82 124.996891  64.813418 26.439
 91    49.808 55388.51784100 19.57 124.993951  64.816528 26.439
 91    49.876 55388.51784164 22.55 124.991001  64.819638 26.439
 91    49.932 55388.51784229 27.92 124.988061  64.822748 26.439
 92    49.262 55423.51786026 26.08 125.007913  64.814994 28.253
 92    49.342 55423.51786090 25.76 125.004973  64.818104 28.253
 92    49.382 55423.51786155 28.93 125.002033  64.821214 28.253
 93    49.395 55458.51783132 28.52 125.016367  64.813483 30.881
 93    49.107 55458.51783196 26.52 125.013427  64.816593 30.881
 93    49.045 55458.51783261 33.40 125.010487  64.819703 30.881
