# NaN NaN NaN ;Mean Elev.(m), Avg Gradient(m/km), RMS Gradient(m/km) - SRTM1     
#   52.601  -0.918   3.640 ;Mean Elev.(m), Avg Gradient(m/km), RMS Gradient(m/km) - ASTER GDEM
#   35.886  -1.152   8.957 ;Mean Elev.(m), Avg Gradient(m/km), RMS Gradient(m/km) - GMTED2010 
  7    71.272 52477.50975933 51.15 129.055012  63.506489 27.453
  7    71.167 52477.50975997 49.73 129.052312  63.509619 27.453
  7    71.238 52477.50976062 49.87 129.049622  63.512749 27.453
  7    71.288 52477.50976126 49.75 129.046922  63.515869 27.453
  7    71.302 52477.50976191 49.21 129.044222  63.518999 27.453
  7    71.206 52477.50976255 47.31 129.041522  63.522129 27.453
  7    71.191 52477.50976320 48.14 129.038822  63.525259 27.453
  7    71.204 52477.50976835 43.56 129.017212  63.550289 27.453
  7    71.081 52477.50976900 36.20 129.014502  63.553419 27.453
  7    71.076 52477.50976964 38.42 129.011802  63.556539 27.453
  7    71.148 52477.50977029 38.24 129.009092  63.559669 27.453
  8    66.556 52512.50970198 22.29 129.076839  63.507869 28.741
  8    66.603 52512.50970263 22.86 129.074139  63.510999 28.741
  8    66.693 52512.50970327 24.84 129.071443  63.514126 16.511
  8    66.980 52512.50970521 21.97 129.063353  63.523506 16.511
  8    67.012 52512.50970585 20.85 129.060653  63.526636 16.511
  8    66.856 52512.50970650 21.88 129.057953  63.529766 16.511
  8    66.906 52512.50970714 27.65 129.055253  63.532896 16.511
  8    66.527 52512.50971101 34.86 129.039043  63.551666 16.511
  8    66.456 52512.50971165 40.80 129.036343  63.554796 16.511
  8    66.330 52512.50971230 27.90 129.033643  63.557926 16.511
  9    68.924 52547.50974082 32.25 129.047316  63.508051 29.953
  9    68.944 52547.50974146 28.17 129.044616  63.511181 29.953
  9    68.852 52547.50974211 24.90 129.041916  63.514301 29.953
  9    68.700 52547.50974275 28.36 129.039216  63.517431 29.953
  9    69.086 52547.50974340 34.53 129.036516  63.520561 29.953
  9    69.079 52547.50974404 42.65 129.033816  63.523686 25.288
  9    74.370 52547.50974984 21.54 129.009486  63.551846 25.288
  9    68.664 52547.50975049 22.99 129.006786  63.554966 25.288
  9    68.933 52547.50975113 22.62 129.004076  63.558096 25.288
  9    69.020 52547.50975178 27.39 129.001366  63.561226 25.288
 10    67.218 52582.50974786 39.20 129.060542  63.506412 17.825
 10    68.142 52582.50974850 33.29 129.057842  63.509532 17.825
 10    68.230 52582.50974915 31.40 129.055152  63.512662 17.825
 10    67.917 52582.50974979 35.22 129.052452  63.515792 17.825
 10    67.450 52582.50975044 41.61 129.049752  63.518922 17.825
 10    67.188 52582.50975108 49.59 129.047052  63.522052 17.825
 10    67.188 52582.50975173 35.57 129.044352  63.525182 17.825
 10    67.653 52582.50975237 30.58 129.041652  63.528312 17.825
 10    67.186 52582.50975688 33.18 129.022732  63.550202 17.825
 10    67.387 52582.50975753 35.94 129.020032  63.553332 17.825
 10    67.222 52582.50975817 45.66 129.017322  63.556462 17.825
 10    67.171 52582.50975882 47.16 129.014622  63.559592 17.825
 11    72.807 52617.50972032 20.49 129.068051  63.505800  4.453
 11    70.135 52617.50972096 20.53 129.065351  63.508930  4.453
 11    68.443 52617.50972161 21.63 129.062661  63.512060  4.453
 11    67.818 52617.50972290 24.08 129.057271  63.518320  4.453
 11    67.975 52617.50972354 23.91 129.054571  63.521450  4.453
 11    67.731 52617.50972418 23.60 129.051871  63.524570  4.453
 11    68.359 52617.50972483 23.35 129.049171  63.527700  4.453
 11    70.725 52617.50972547 22.14 129.046471  63.530830  4.453
 11    74.427 52617.50972934 21.40 129.030271  63.549600  4.453
 11    73.542 52617.50972999 21.88 129.027571  63.552730  4.453
 11    68.281 52617.50973063 23.27 129.024867  63.555855  5.579
 11    67.877 52617.50973128 23.47 129.022157  63.558985  5.579
 12    68.261 52652.50969569 17.44 129.062051  63.508270  4.372
 12    68.847 52652.50969634 18.14 129.059361  63.511400  4.372
 12    68.177 52652.50969698 19.91 129.056661  63.514520  4.372
 12    67.997 52652.50969763 20.04 129.053961  63.517650  4.372
 12    67.621 52652.50969827 21.15 129.051261  63.520780  4.372
 12    68.329 52652.50969892 20.43 129.048561  63.523910  4.372
 12    68.667 52652.50969956 19.57 129.045861  63.527040  4.372
 12    70.457 52652.50970021 18.27 129.043161  63.530170  4.372
 12    69.599 52652.50970472 19.22 129.024241  63.552060  4.372
 12    68.758 52652.50970536 20.13 129.021531  63.555190  4.372
 12    67.865 52652.50970601 21.47 129.018831  63.558320  4.372
 12    67.363 52652.50970665 20.57 129.016121  63.561450  4.372
 13    68.169 52687.50969289 14.34 129.071284  63.507751  3.132
 13    68.961 52687.50969353 14.83 129.068594  63.510881  3.132
 13    68.469 52687.50969417 15.07 129.065894  63.514011  3.132
 13    68.071 52687.50969611 16.92 129.057804  63.523391  3.132
 13    69.566 52687.50969675 16.04 129.055104  63.526521  3.132
 13    69.438 52687.50969740 16.33 129.052404  63.529651  3.132
 13    70.771 52687.50969804 15.84 129.049704  63.532781  3.132
 13    70.992 52687.50970191 16.31 129.033493  63.551549  3.708
 13    68.523 52687.50970256 16.44 129.030793  63.554679  3.708
 13    68.406 52687.50970320 15.76 129.028093  63.557809  3.708
 13    68.279 52687.50970384 16.93 129.025383  63.560929  3.708
 14    69.338 52722.50974045 12.79 129.058244  63.507591  2.134
 14    69.035 52722.50974110 12.79 129.055554  63.510721  2.134
 14    68.898 52722.50974174 13.48 129.052854  63.513841  2.134
 14    68.405 52722.50974238 13.93 129.050154  63.516971  2.134
 14    68.689 52722.50974303 13.98 129.047454  63.520101  2.134
 14    68.988 52722.50974367 14.30 129.044764  63.523231  2.134
 14    68.888 52722.50974432 14.60 129.042054  63.526361  2.134
 14    71.167 52722.50974496 13.18 129.039354  63.529491  2.134
 14    70.044 52722.50974948 13.69 129.020444  63.551385  3.165
 14    68.895 52722.50975012 15.03 129.017734  63.554515  3.165
 14    69.791 52722.50975077 15.02 129.015034  63.557645  3.165
 14    68.584 52722.50975141 14.93 129.012324  63.560775  3.165
 15    72.705 52757.50976251 12.06 129.056635  63.507075  3.595
 15    68.818 52757.50976316 14.30 129.053935  63.510205  3.595
 15    68.992 52757.50976380 13.42 129.051245  63.513335  3.595
 15    68.998 52757.50976445 14.63 129.048545  63.516455  3.595
 15    68.786 52757.50976509 15.15 129.045855  63.519585  3.595
 15    69.122 52757.50976573 15.60 129.043155  63.522715  3.595
 15    70.977 52757.50976638 15.37 129.040455  63.525845  3.595
 15    73.794 52757.50977154 11.02 129.018853  63.550872  2.356
 15    69.274 52757.50977218 10.27 129.016143  63.554002  2.356
 15    69.160 52757.50977283 10.51 129.013443  63.557132  2.356
 15    71.009 52757.50977347  9.45 129.010733  63.560262  2.356
 16    72.793 52792.50971440 30.98 129.049612  63.506964 32.968
 16    72.240 52792.50971505 25.06 129.046912  63.510094 18.150
 16    72.060 52792.50971569 23.42 129.044212  63.513224 18.150
 16    71.169 52792.50971634 25.27 129.041512  63.516354 18.150
 16    71.242 52792.50971698 26.18 129.038812  63.519484 18.150
 16    72.100 52792.50971763 25.61 129.036112  63.522604 18.150
 16    72.490 52792.50971827 28.60 129.033412  63.525734 18.150
 16    74.979 52792.50972343 35.14 129.011782  63.550764 18.150
 16    72.437 52792.50972407 31.64 129.009082  63.553894 18.150
 16    72.330 52792.50972472 36.85 129.006372  63.557014 18.150
 16    72.499 52792.50972536 41.85 129.003662  63.560144 18.150
 17    71.338 52827.50978238 50.63 129.054478  63.506681 38.251
 17    71.445 52827.50978303 51.89 129.051778  63.509811 38.251
 17    71.355 52827.50978367 50.55 129.049078  63.512931 38.251
 17    71.411 52827.50978432 50.11 129.046378  63.516061 38.251
 17    71.444 52827.50978496 48.68 129.043678  63.519191 38.251
 17    71.391 52827.50978561 47.78 129.040978  63.522321 38.251
 17    71.336 52827.50978625 49.75 129.038278  63.525451 38.251
 17    71.471 52827.50979141 46.77 129.016657  63.550472 18.476
 17    71.363 52827.50979205 43.31 129.013947  63.553602 18.476
 17    71.234 52827.50979270 46.45 129.011237  63.556732 18.476
 17    71.410 52827.50979334 46.63 129.008537  63.559852 18.476
 18    70.126 52862.50982736 43.79 129.059076  63.506150 30.135
 18    69.979 52862.50982800 38.43 129.056376  63.509280 30.135
 18    69.834 52862.50982865 28.51 129.053676  63.512410 30.135
 18    70.063 52862.50982929 39.54 129.050976  63.515530 30.135
 18    70.030 52862.50982994 29.01 129.048276  63.518660 30.135
 18    69.782 52862.50983058 25.64 129.045576  63.521790 30.135
 18    69.665 52862.50983123 27.54 129.042876  63.524920 30.135
 18    69.955 52862.50983187 30.68 129.040176  63.528050 30.135
 18    72.169 52862.50983638 41.26 129.021253  63.549942 23.163
 18    70.192 52862.50983703 44.97 129.018553  63.553072 23.163
 18    70.066 52862.50983767 42.75 129.015843  63.556202 23.163
 18    70.116 52862.50983832 45.35 129.013133  63.559332 23.163
 19    73.495 52897.50985705 26.06 129.062790  63.506375 24.765
 19    70.057 52897.50985769 25.29 129.060100  63.509505 24.765
 19    70.131 52897.50985834 30.07 129.057400  63.512635 24.765
 19    70.178 52897.50985963 30.23 129.052000  63.518885 24.765
 19    69.854 52897.50986027 25.16 129.049310  63.522015 24.765
 19    69.936 52897.50986092 23.15 129.046610  63.525145 24.765
 19    70.203 52897.50986156 26.42 129.043910  63.528275 24.765
 19    73.498 52897.50986607 40.08 129.024998  63.550171 24.455
 19    72.803 52897.50986672 24.65 129.022298  63.553301 24.455
 19    70.081 52897.50986736 32.01 129.019588  63.556431 24.455
 19    70.158 52897.50986801 41.32 129.016888  63.559561 24.455
 20    68.047 52932.50980340 37.25 129.069457  63.507518 22.862
 20    68.258 52932.50980404 44.13 129.066767  63.510648 22.862
 20    68.261 52932.50980469 46.77 129.064067  63.513778 22.862
 20    68.654 52932.50980598 45.50 129.058677  63.520038 22.862
 20    68.578 52932.50980662 46.45 129.055977  63.523158 22.862
 20    68.608 52932.50980727 41.72 129.053277  63.526288 22.862
 20    68.342 52932.50980791 39.60 129.050587  63.529418 22.862
 20    68.221 52932.50980856 31.48 129.047887  63.532548 22.862
 20    68.303 52932.50981242 42.55 129.031677  63.551318 22.862
 20    68.394 52932.50981307 42.52 129.028973  63.554445 15.618
 20    68.510 52932.50981371 46.73 129.026273  63.557575 15.618
 20    68.345 52932.50981436 50.98 129.023563  63.560705 15.618
 21    67.858 52967.50980845 25.54 129.051419  63.508084  6.327
 21    67.776 52967.50980909 26.27 129.048719  63.511214  6.327
 21    67.629 52967.50980974 28.14 129.046019  63.514344  6.327
 21    67.727 52967.50981038 30.58 129.043319  63.517464  6.327
 21    67.708 52967.50981103 32.23 129.040619  63.520594  6.327
 21    67.573 52967.50981167 30.11 129.037919  63.523724  6.327
 21    67.193 52967.50981232 27.77 129.035219  63.526854  6.327
 21    67.576 52967.50981747 26.17 129.013596  63.551873  6.745
 21    67.798 52967.50981812 27.99 129.010886  63.555003  6.745
 21    67.674 52967.50981876 30.58 129.008176  63.558133  6.745
 21    67.693 52967.50981941 30.33 129.005476  63.561263  6.745
 22    70.267 53002.50983374 16.74 129.054020  63.508258  3.243
 22    68.862 53002.50983438 18.13 129.051330  63.511388  3.243
 22    68.253 53002.50983503 18.08 129.048630  63.514508  3.243
 22    67.781 53002.50983567 18.98 129.045930  63.517638  3.243
 22    67.903 53002.50983632 18.68 129.043240  63.520768  3.243
 22    67.497 53002.50983696 18.78 129.040540  63.523898  3.243
 22    70.616 53002.50983761 18.01 129.037840  63.527028  3.243
 22    73.567 53002.50984276 17.23 129.016228  63.552052  3.783
 22    70.071 53002.50984341 17.58 129.013518  63.555182  3.783
 22    67.744 53002.50984405 18.33 129.010818  63.558312  3.783
 22    71.393 53002.50984470 17.54 129.008108  63.561432  3.783
 23    72.399 53037.50978204 14.46 129.069314  63.505851  3.312
 23    70.452 53037.50978269 14.65 129.066614  63.508981  3.312
 23    70.084 53037.50978333 14.74 129.063924  63.512111  3.312
 23    67.788 53037.50978527 16.57 129.055834  63.521491  3.312
 23    67.483 53037.50978591 18.19 129.053134  63.524621  3.312
 23    68.695 53037.50978656 16.79 129.050434  63.527751  3.312
 23    70.008 53037.50978720 15.47 129.047734  63.530881  3.312
 23    73.343 53037.50979107 15.06 129.031534  63.549650  4.083
 23    69.627 53037.50979171 16.25 129.028834  63.552780  4.083
 23    68.979 53037.50979236 15.91 129.026124  63.555910  4.083
 23    69.668 53037.50979300 16.70 129.023424  63.559040  4.083
 24    71.072 53072.50980812 12.36 129.058699  63.508354  2.686
 24    69.421 53072.50980876 12.75 129.055999  63.511484  2.686
 24    68.586 53072.50981005 14.54 129.050609  63.517744  2.686
 24    68.273 53072.50981070 14.31 129.047909  63.520874  2.686
 24    69.933 53072.50981134 13.61 129.045209  63.524004  2.686
 24    70.469 53072.50981199 13.22 129.042509  63.527124  2.686
 24    71.240 53072.50981714 14.00 129.020897  63.552151  3.338
 24    69.868 53072.50981779 13.72 129.018187  63.555281  3.338
 24    70.143 53072.50981843 13.52 129.015487  63.558411  3.338
 24    71.283 53072.50981908 12.86 129.012777  63.561541  3.338
 25    71.969 53107.50978281 11.89 129.071976  63.506889  3.279
 25    70.166 53107.50978346 13.17 129.069276  63.510019  3.279
 25    70.244 53107.50978410 12.52 129.066586  63.513149  3.279
 25    67.732 53107.50978604 14.42 129.058496  63.522529  3.279
 25    67.475 53107.50978668 14.45 129.055796  63.525659  3.279
 25    67.382 53107.50978733 14.48 129.053096  63.528789  3.279
 25    70.335 53107.50978797 13.72 129.050396  63.531919  3.279
 25    69.859 53107.50979184 12.86 129.034203  63.550689  3.459
 25    70.515 53107.50979248 12.03 129.031493  63.553819  3.459
 25    68.434 53107.50979313 12.94 129.028793  63.556949  3.459
 25    68.220 53107.50979377 13.57 129.026093  63.560079  3.459
 26    73.154 53142.50981688 37.16 129.054048  63.506674 24.228
 26    68.364 53142.50981752 38.95 129.051358  63.509804 24.228
 26    68.354 53142.50981816 39.18 129.048658  63.512934 24.228
 26    67.986 53142.50981881 37.85 129.045958  63.516064 24.228
 26    67.778 53142.50981945 34.50 129.043258  63.519184 24.228
 26    68.120 53142.50982010 33.18 129.040558  63.522314 24.228
 26    67.946 53142.50982074 34.18 129.037858  63.525444 24.228
 26    70.653 53142.50982590 37.61 129.016233  63.550471 19.918
 26    68.607 53142.50982655 35.40 129.013533  63.553601 19.918
 26    67.857 53142.50982719 30.73 129.010823  63.556731 19.918
 26    68.077 53142.50982783 32.68 129.008123  63.559851 19.918
 27    74.940 53177.50984061 48.64 129.060241  63.507838 23.795
 27    74.795 53177.50984125 46.97 129.057551  63.510968 23.795
 27    74.756 53177.50984190 44.44 129.054851  63.514098 23.795
 27    74.704 53177.50984254 42.03 129.052151  63.517218 23.795
 27    74.703 53177.50984318 41.09 129.049451  63.520348 23.795
 27    74.741 53177.50984383 40.44 129.046751  63.523478 23.795
 27    74.708 53177.50984447 39.43 129.044051  63.526608 23.795
 27    74.752 53177.50984512 39.07 129.041351  63.529738 23.795
 27    74.686 53177.50984963 33.92 129.022441  63.551633 17.674
 27    74.377 53177.50985028 31.37 129.019731  63.554763 17.674
 27    74.281 53177.50985092 29.85 129.017031  63.557893 17.674
 27    74.348 53177.50985157 29.08 129.014321  63.561023 17.674
 28    69.951 53212.50986080 49.70 129.058405  63.507998 33.422
 28    69.992 53212.50986144 39.82 129.055705  63.511128 33.422
 28    69.800 53212.50986209 29.86 129.053005  63.514248 33.422
 28    69.857 53212.50986273 29.62 129.050305  63.517378 33.422
 28    69.879 53212.50986338 30.77 129.047615  63.520508 33.422
 28    69.999 53212.50986402 32.04 129.044915  63.523638 33.422
 28    70.124 53212.50986467 31.45 129.042215  63.526768 33.422
 28    70.089 53212.50986982 47.60 129.020600  63.551793 28.247
 28    70.009 53212.50987047 49.44 129.017890  63.554923 28.247
 28    70.089 53212.50987111 46.02 129.015190  63.558053 28.247
 28    70.083 53212.50987176 48.01 129.012480  63.561183 28.247
 29    70.404 53247.50982888 30.01 129.069747  63.505779 19.006
 29    73.021 53247.50982952 21.39 129.067057  63.508909 19.006
 29    69.796 53247.50983017 20.57 129.064357  63.512029 19.006
 29    69.877 53247.50983210 24.25 129.056267  63.521419 19.006
 29    69.684 53247.50983275 21.10 129.053567  63.524549 19.006
 29    70.035 53247.50983339 22.82 129.050867  63.527679 19.006
 29    70.121 53247.50983404 28.27 129.048167  63.530809 19.006
 29    74.244 53247.50983790 21.28 129.031968  63.549577 24.023
 29    73.219 53247.50983855 25.73 129.029258  63.552707 24.023
 29    69.933 53247.50983919 26.31 129.026558  63.555837 24.023
 29    69.976 53247.50983984 20.66 129.023858  63.558957 24.023
 30    70.756 53282.50981950 49.82 129.044266  63.508651 32.406
 30    70.891 53282.50982014 50.00 129.041576  63.511781 32.406
 30    70.759 53282.50982079 53.14 129.038876  63.514901 32.406
 30    70.850 53282.50982143 51.62 129.036176  63.518031 32.406
 30    70.882 53282.50982208 48.53 129.033476  63.521161 32.406
 30    70.736 53282.50982272 51.75 129.030776  63.524291 32.406
 30    70.600 53282.50982852 37.20 129.006442  63.552446 19.329
 30    70.559 53282.50982917 30.88 129.003732  63.555576 19.329
 30    70.319 53282.50982981 33.69 129.001032  63.558696 19.329
 30    70.491 53282.50983046 32.76 128.998322  63.561826 19.329
 31    68.365 53317.50982174 23.69 129.059624  63.506626 12.189
 31    68.341 53317.50982239 27.63 129.056924  63.509756 12.189
 31    68.598 53317.50982303 30.22 129.054224  63.512876 12.189
 31    68.532 53317.50982367 31.95 129.051524  63.516006 12.189
 31    68.819 53317.50982432 35.98 129.048824  63.519136 12.189
 31    68.820 53317.50982496 37.99 129.046124  63.522266 12.189
 31    68.549 53317.50982561 32.11 129.043424  63.525396 12.189
 31    68.341 53317.50982625 28.95 129.040724  63.528526 12.189
 31    68.641 53317.50983077 25.92 129.021811  63.550419 13.150
 31    68.676 53317.50983141 31.23 129.019101  63.553549 13.150
 31    68.656 53317.50983206 47.09 129.016401  63.556679 13.150
 31    68.910 53317.50983270 40.70 129.013691  63.559809 13.150
 32    72.426 53352.50978679 12.58 129.074002  63.505096  2.916
 32    71.785 53352.50978744 12.69 129.071302  63.508226  2.916
 32    71.542 53352.50978808 12.82 129.068612  63.511356  2.916
 32    68.966 53352.50978873 13.84 129.065912  63.514476  2.916
 32    69.372 53352.50979066 13.62 129.057822  63.523866  2.916
 32    69.911 53352.50979130 13.92 129.055122  63.526996  2.916
 32    70.189 53352.50979195 14.45 129.052422  63.530126  2.916
 32    70.149 53352.50979259 14.01 129.049722  63.533256  2.916
 32    70.833 53352.50979646 13.19 129.033513  63.552022  3.054
 32    70.684 53352.50979711 13.81 129.030813  63.555152  3.054
 32    72.337 53352.50979775 13.86 129.028103  63.558282  3.054
 33    71.559 53387.50978043 11.19 129.048086  63.506777  2.476
 33    70.624 53387.50978107 11.35 129.045386  63.509907  2.476
 33    69.358 53387.50978171 12.59 129.042686  63.513037  2.476
 33    68.929 53387.50978236 12.53 129.039986  63.516167  2.476
 33    69.953 53387.50978300 12.12 129.037286  63.519297  2.476
 33    70.753 53387.50978365 11.78 129.034586  63.522417  2.476
 33    71.627 53387.50978429 11.43 129.031886  63.525547  2.476
 33    74.158 53387.50978945 11.27 129.010255  63.550570  3.213
 33    73.283 53387.50979010 12.25 129.007555  63.553700  3.213
 33    72.515 53387.50979074 11.89 129.004845  63.556830  3.213
 33    72.364 53387.50979139 11.83 129.002135  63.559960  3.213
 33    73.147 53387.50979203 12.37 128.999435  63.563080  3.213
 34    71.403 53422.50978130  9.66 129.068186  63.507712  2.186
 34    71.800 53422.50978195  9.62 129.065486  63.510842  2.186
 34    70.638 53422.50978259 10.45 129.062796  63.513972  2.186
 34    70.092 53422.50978388 10.82 129.057396  63.520232  2.186
 34    70.039 53422.50978453 10.45 129.054696  63.523362  2.186
 34    70.327 53422.50978517 10.48 129.051996  63.526492  2.186
 34    71.169 53422.50978581 10.13 129.049296  63.529612  2.186
 34    71.029 53422.50978646 10.25 129.046596  63.532742  2.186
 34    73.952 53422.50979033 10.62 129.030385  63.551518  2.871
 34    73.813 53422.50979097 10.64 129.027685  63.554638  2.871
 34    73.202 53422.50979162 11.09 129.024975  63.557768  2.871
 34    72.299 53422.50979226 10.66 129.022275  63.560898  2.871
 35    71.794 53457.50978699  7.76 129.052118  63.507170  2.190
 35    70.648 53457.50978764  8.29 129.049428  63.510300  2.190
 35    69.859 53457.50978828  8.50 129.046728  63.513430  2.190
 35    69.034 53457.50978893  8.63 129.044028  63.516560  2.190
 35    70.192 53457.50978957  8.61 129.041328  63.519690  2.190
 35    70.700 53457.50979022  7.94 129.038628  63.522810  2.190
 35    71.175 53457.50979086  7.94 129.035928  63.525940  2.190
 35    74.648 53457.50979602  8.30 129.014293  63.550972  2.495
 35    74.927 53457.50979666  8.00 129.011593  63.554092  2.495
 35    74.378 53457.50979731  7.97 129.008883  63.557222  2.495
 35    73.478 53457.50979795  8.38 129.006173  63.560352  2.495
 36    68.920 53492.50987249 39.03 129.049431  63.507550 21.258
 36    68.644 53492.50987313 37.80 129.046731  63.510680 21.258
 36    68.665 53492.50987378 30.67 129.044031  63.513810 21.258
 36    68.196 53492.50987442 31.28 129.041341  63.516940 21.258
 36    67.730 53492.50987507 33.80 129.038641  63.520070 21.258
 36    67.684 53492.50987571 34.07 129.035941  63.523190 21.258
 36    70.365 53492.50987636 30.72 129.033241  63.526320 21.258
 36    74.844 53492.50988151 27.28 129.011620  63.551347 20.026
 36    69.029 53492.50988216 29.64 129.008920  63.554477 20.026
 36    68.192 53492.50988280 31.94 129.006210  63.557607 20.026
 36    68.549 53492.50988345 32.28 129.003500  63.560737 20.026
 37    72.744 53527.50985187 50.05 129.064760  63.507844 40.892
 37    72.854 53527.50985252 51.20 129.062070  63.510974 40.892
 37    72.856 53527.50985316 51.75 129.059370  63.514104 40.892
 37    72.859 53527.50985445 51.04 129.053970  63.520364 40.892
 37    72.866 53527.50985510 49.51 129.051270  63.523494 40.892
 37    72.887 53527.50985574 50.94 129.048570  63.526624 40.892
 37    72.918 53527.50985639 50.17 129.045870  63.529754 40.892
 37    72.611 53527.50986090 51.64 129.026954  63.551642 34.440
 37    72.554 53527.50986154 52.91 129.024254  63.554772 34.440
 37    72.608 53527.50986219 52.44 129.021544  63.557902 34.440
 37    72.651 53527.50986283 50.98 129.018844  63.561032 34.440
 38    70.924 53562.50988107 27.35 129.058636  63.507186 24.034
 38    72.884 53562.50988171 22.00 129.055946  63.510316 24.034
 38    72.232 53562.50988236 20.36 129.053246  63.513446 24.034
 38    70.288 53562.50988300 20.25 129.050546  63.516576 24.034
 38    70.832 53562.50988365 18.73 129.047846  63.519706 24.034
 38    71.192 53562.50988429 18.65 129.045156  63.522836 24.034
 38    71.402 53562.50988494 20.90 129.042456  63.525966 24.034
 38    71.316 53562.50988558 26.73 129.039756  63.529086 24.034
 38    73.427 53562.50989010 42.04 129.020846  63.550995 24.693
 38    73.269 53562.50989074 18.33 129.018136  63.554115 24.693
 38    71.973 53562.50989138 17.68 129.015436  63.557245 24.693
 38    72.560 53562.50989203 16.77 129.012736  63.560375 24.693
 39    70.186 53597.50982048 37.28 129.072729  63.507312 26.515
 39    69.953 53597.50982113 28.98 129.070039  63.510442 26.515
 39    70.161 53597.50982177 26.27 129.067339  63.513572 26.515
 39    70.109 53597.50982371 27.52 129.059249  63.522962 26.515
 39    69.966 53597.50982435 25.44 129.056549  63.526092 26.515
 39    70.308 53597.50982500 26.49 129.053849  63.529222 26.515
 39    70.451 53597.50982564 30.95 129.051149  63.532342 26.515
 39    70.319 53597.50982951 49.40 129.034948  63.551122 25.729
 39    70.208 53597.50983015 47.27 129.032238  63.554242 25.729
 39    70.062 53597.50983080 48.49 129.029538  63.557372 25.729
 39    69.934 53597.50983144 46.27 129.026828  63.560502 25.729
 40    73.484 53632.50981611 18.98 129.044361  63.504913 23.408
 40    72.885 53632.50981675 17.28 129.041671  63.508043 23.408
 40    70.743 53632.50981740 16.17 129.038971  63.511173 23.408
 40    70.994 53632.50981804 15.19 129.036271  63.514303 23.408
 40    70.844 53632.50981869 16.20 129.033571  63.517433 23.408
 40    71.065 53632.50981933 17.16 129.030871  63.520553 23.408
 40    71.250 53632.50981998 21.30 129.028171  63.523683 23.408
 40    71.023 53632.50982578 21.80 129.003841  63.551835 30.962
 40    70.775 53632.50982642 19.18 129.001131  63.554965 30.962
 40    70.876 53632.50982707 19.77 128.998421  63.558095 30.962
 40    74.105 53632.50982771 17.24 128.995711  63.561225 30.962
 41    67.937 53667.50983873 28.60 129.053348  63.508212 12.881
 41    68.212 53667.50983938 32.08 129.050658  63.511342 12.881
 41    68.219 53667.50984002 36.18 129.047958  63.514472 12.881
 41    68.276 53667.50984067 45.51 129.045258  63.517602 12.881
 41    68.402 53667.50984131 46.66 129.042558  63.520732 12.881
 41    68.270 53667.50984196 44.43 129.039858  63.523862 12.881
 41    68.169 53667.50984260 33.99 129.037158  63.526992 12.881
 41    68.026 53667.50984776 30.92 129.015549  63.552008 12.777
 41    68.122 53667.50984840 37.90 129.012839  63.555138 12.777
 41    68.694 53667.50984905 38.92 129.010139  63.558268 12.777
 41    68.200 53667.50984969 44.89 129.007429  63.561398 12.777
 42    67.800 53702.50978354 19.21 129.071226  63.505592 10.833
 42    67.524 53702.50978418 21.29 129.068536  63.508722 10.833
 42    67.939 53702.50978483 21.69 129.065836  63.511852 10.833
 42    67.653 53702.50978547 25.39 129.063136  63.514972 10.833
 42    68.153 53702.50978676 29.56 129.057746  63.521232 10.833
 42    68.345 53702.50978740 33.56 129.055046  63.524362 10.833
 42    68.015 53702.50978805 34.42 129.052346  63.527492 10.833
 42    67.954 53702.50978869 27.49 129.049646  63.530622 10.833
 42    68.087 53702.50979321 18.84 129.030731  63.552517  3.923
 42    71.161 53702.50979385 18.30 129.028031  63.555647  3.923
 42    68.166 53702.50979450 19.91 129.025321  63.558777  3.923
 43    68.315 53737.50969323 15.11 129.083808  63.506990  5.005
 43    71.710 53737.50969388 16.41 129.081108  63.510120  5.005
 43    67.755 53737.50969452 17.99 129.078418  63.513250  5.005
 43    68.091 53737.50969710 22.96 129.067628  63.525760  5.005
 43    68.230 53737.50969774 21.59 129.064928  63.528890  5.005
 43    68.045 53737.50969839 23.08 129.062238  63.532020  5.005
 43    67.940 53737.50969903 20.71 129.059538  63.535150  5.005
 43    68.150 53737.50970226 18.14 129.046032  63.550791  3.656
 43    68.194 53737.50970290 18.40 129.043332  63.553921  3.656
 43    68.260 53737.50970355 17.84 129.040632  63.557051  3.656
 43    68.457 53737.50970419 17.25 129.037932  63.560181  3.656
 47    73.715 53877.50976146 27.98 129.059081  63.506368 31.912
 47    73.561 53877.50976210 29.00 129.056381  63.509488 31.912
 47    73.822 53877.50976274 36.78 129.053691  63.512618 31.912
 47    73.842 53877.50976339 45.62 129.050991  63.515748 31.912
 47    73.699 53877.50976403 36.33 129.048291  63.518878 31.912
 47    73.817 53877.50976468 39.99 129.045591  63.522008 31.912
 47    73.828 53877.50976532 40.18 129.042891  63.525138 31.912
 47    73.459 53877.50976597 29.52 129.040191  63.528258 31.912
 47    73.753 53877.50977048 48.87 129.021268  63.550163 30.684
 47    73.704 53877.50977113 48.35 129.018568  63.553283 30.684
 47    73.561 53877.50977177 44.71 129.015858  63.556413 30.684
 47    73.766 53877.50977241 40.36 129.013158  63.559543 30.684
 48    74.059 53912.50981344 29.60 129.051521  63.506774 21.783
 48    73.586 53912.50981408 18.90 129.048831  63.509904 21.783
 48    73.075 53912.50981473 17.11 129.046131  63.513034 21.783
 48    72.822 53912.50981537 17.20 129.043431  63.516154 21.783
 48    72.799 53912.50981602 17.24 129.040731  63.519284 21.783
 48    72.458 53912.50981666 17.05 129.038031  63.522414 21.783
 48    72.635 53912.50981731 18.82 129.035331  63.525544 21.783
 48    74.808 53912.50982247 23.71 129.013719  63.550568 18.727
 48    73.925 53912.50982311 20.85 129.011009  63.553698 18.727
 48    73.353 53912.50982376 19.18 129.008309  63.556828 18.727
 48    73.636 53912.50982440 18.88 129.005599  63.559958 18.727
 49    73.045 53947.50982845 36.72 129.055067  63.506668 33.651
 49    69.341 53947.50982910 31.30 129.052377  63.509798 33.651
 49    69.649 53947.50982974 34.53 129.049677  63.512928 33.651
 49    69.723 53947.50983039 49.38 129.046977  63.516048 33.651
 49    69.757 53947.50983103 52.08 129.044277  63.519178 33.651
 49    69.681 53947.50983168 50.90 129.041587  63.522308 33.651
 49    69.647 53947.50983232 50.72 129.038887  63.525438 33.651
 49    69.617 53947.50983748 48.49 129.017271  63.550465 28.458
 49    69.577 53947.50983812 49.78 129.014571  63.553595 28.458
 49    69.645 53947.50983877 50.93 129.011861  63.556725 28.458
 49    69.505 53947.50983941 53.36 129.009161  63.559855 28.458
 50    73.505 53982.50977067 22.13 129.067895  63.507444 18.180
 50    71.374 53982.50977131 22.70 129.065195  63.510574 18.180
 50    71.781 53982.50977196 22.14 129.062495  63.513704 18.180
 50    72.177 53982.50977325 21.21 129.057105  63.519964 18.180
 50    72.143 53982.50977389 20.57 129.054405  63.523084 18.180
 50    72.016 53982.50977454 22.19 129.051705  63.526214 18.180
 50    71.899 53982.50977518 21.65 129.049005  63.529344 18.180
 50    71.810 53982.50977583 22.15 129.046305  63.532474 18.180
 50    73.306 53982.50977969 30.29 129.030105  63.551244 18.180
 50    72.635 53982.50978034 22.56 129.027401  63.554370 19.949
 50    71.398 53982.50978098 23.22 129.024691  63.557500 19.949
 50    72.047 53982.50978163 20.90 129.021991  63.560630 19.949
 51    70.818 54017.50979831 27.24 129.051203  63.507259 16.532
 51    70.314 54017.50979896 22.90 129.048503  63.510389 16.532
 51    70.028 54017.50979960 21.53 129.045803  63.513509 16.532
 51    69.770 54017.50980024 22.11 129.043103  63.516639 16.532
 51    70.292 54017.50980089 21.75 129.040403  63.519769 16.532
 51    70.467 54017.50980153 26.34 129.037703  63.522899 16.532
 51    70.289 54017.50980218 29.06 129.035003  63.526029 16.532
 51    74.767 54017.50980734 24.93 129.013378  63.551051 22.179
 51    74.053 54017.50980798 23.45 129.010668  63.554181 22.179
 51    69.842 54017.50980863 28.68 129.007958  63.557311 22.179
 51    69.872 54017.50980927 29.08 129.005258  63.560441 22.179
 52    67.731 54052.50979334 19.37 129.066573  63.508032  5.956
 52    68.174 54052.50979398 20.56 129.063873  63.511162  5.956
 52    67.954 54052.50979463 22.44 129.061183  63.514292  5.956
 52    68.182 54052.50979592 25.04 129.055783  63.520552  5.956
 52    68.262 54052.50979656 24.78 129.053083  63.523672  5.956
 52    68.090 54052.50979720 25.02 129.050383  63.526802  5.956
 52    68.140 54052.50979785 22.60 129.047683  63.529932  5.956
 52    67.811 54052.50980236 20.67 129.028763  63.551832  5.956
 52    68.283 54052.50980301 21.26 129.026059  63.554962  4.526
 52    68.275 54052.50980365 22.16 129.023359  63.558082  4.526
 52    68.488 54052.50980430 21.79 129.020649  63.561212  4.526
 53    72.462 54087.50978498 15.00 129.067657  63.507006  3.812
 53    71.471 54087.50978563 16.43 129.064957  63.510136  3.812
 53    68.238 54087.50978627 17.49 129.062257  63.513266  3.812
 53    68.351 54087.50978756 19.09 129.056867  63.519526  3.812
 53    68.312 54087.50978821 18.81 129.054167  63.522646  3.812
 53    68.489 54087.50978885 18.78 129.051467  63.525776  3.812
 53    68.259 54087.50978950 18.27 129.048767  63.528906  3.812
 53    69.075 54087.50979014 17.66 129.046067  63.532036  3.812
 53    74.414 54087.50979401 15.93 129.029857  63.550806  3.812
 53    70.404 54087.50979465 16.91 129.027157  63.553939  3.269
 53    70.255 54087.50979530 16.74 129.024457  63.557059  3.269
 53    70.476 54087.50979594 17.09 129.021747  63.560189  3.269
 54    71.832 54122.50970827 12.20 129.082448  63.506369  3.302
 54    71.734 54122.50970892 12.92 129.079758  63.509499  3.302
 54    71.362 54122.50970956 13.10 129.077058  63.512629  3.302
 54    71.276 54122.50971214 14.22 129.066278  63.525139  3.302
 54    67.993 54122.50971278 15.36 129.063588  63.528269  3.302
 54    69.785 54122.50971343 15.08 129.060888  63.531399  3.302
 54    69.674 54122.50971407 14.94 129.058188  63.534529  3.302
 54    72.714 54122.50971730 13.52 129.044688  63.550179  3.302
 54    73.484 54122.50971794 13.21 129.041988  63.553299  3.302
 54    72.578 54122.50971859 13.10 129.039279  63.556430  2.705
 54    72.538 54122.50971923 13.02 129.036579  63.559560  2.705
 55    72.672 54157.50974708 10.61 129.060511  63.506556  2.475
 55    71.495 54157.50974773 10.49 129.057811  63.509686  2.475
 55    70.070 54157.50974837 11.22 129.055121  63.512816  2.475
 55    68.668 54157.50974902 12.06 129.052421  63.515946  2.475
 55    68.585 54157.50974966 12.71 129.049721  63.519066  2.475
 55    69.731 54157.50975031 12.37 129.047021  63.522196  2.475
 55    70.124 54157.50975095 12.17 129.044321  63.525326  2.475
 55    71.065 54157.50975160 11.61 129.041621  63.528456  2.475
 55    74.971 54157.50975611 10.90 129.022707  63.550359  2.380
 55    74.763 54157.50975675 10.51 129.020007  63.553479  2.380
 55    73.107 54157.50975740 10.72 129.017297  63.556609  2.380
 55    73.375 54157.50975804 10.88 129.014597  63.559739  2.380
 56    72.556 54192.50970803  9.96 129.075665  63.507537  2.611
 56    72.133 54192.50970867 10.38 129.072965  63.510667  2.611
 56    71.847 54192.50970932 10.88 129.070275  63.513797  2.611
 56    68.742 54192.50971125 12.02 129.062186  63.523183  2.743
 56    69.992 54192.50971190 11.22 129.059486  63.526313  2.743
 56    71.041 54192.50971254 11.35 129.056786  63.529443  2.743
 56    71.137 54192.50971319 11.21 129.054086  63.532563  2.743
 56    74.405 54192.50971706 10.66 129.037886  63.551333  2.743
 56    70.027 54192.50971770 10.84 129.035186  63.554463  2.743
 56    73.317 54192.50971834 11.23 129.032486  63.557593  2.743
 56    73.212 54192.50971899 10.34 129.029776  63.560723  2.743
 57    67.821 54227.50975931 35.45 129.057293  63.507897 18.128
 57    68.275 54227.50975996 28.51 129.054593  63.511027 18.128
 57    68.250 54227.50976060 26.55 129.051893  63.514147 18.128
 57    68.193 54227.50976125 27.70 129.049197  63.517279 16.386
 57    67.919 54227.50976189 29.51 129.046497  63.520409 16.386
 57    67.758 54227.50976254 29.08 129.043797  63.523539 16.386
 57    67.619 54227.50976318 29.36 129.041097  63.526669 16.386
 57    68.347 54227.50976834 25.22 129.019477  63.551689 16.386
 57    68.252 54227.50976898 27.87 129.016777  63.554819 16.386
 57    68.202 54227.50976963 27.43 129.014067  63.557949 16.386
 57    68.215 54227.50977027 29.51 129.011367  63.561079 16.386
 58    75.006 54262.50977802 35.77 129.060127  63.506101 37.837
 58    74.705 54262.50977867 30.95 129.057437  63.509231 37.837
 58    74.398 54262.50977931 29.63 129.054737  63.512361 37.837
 58    74.225 54262.50977995 28.28 129.052037  63.515481 37.837
 58    74.145 54262.50978060 26.46 129.049336  63.518615 26.155
 58    74.433 54262.50978124 23.32 129.046636  63.521745 26.155
 58    74.341 54262.50978189 23.82 129.043936  63.524875 26.155
 58    74.874 54262.50978253 23.88 129.041236  63.528005 26.155
 58    75.194 54262.50978705 39.86 129.022326  63.549895 26.155
 58    74.830 54262.50978769 29.90 129.019616  63.553025 26.155
 58    74.553 54262.50978834 24.66 129.016916  63.556155 26.155
 58    74.688 54262.50978898 23.30 129.014206  63.559285 26.155
 59    73.230 54297.50978315 21.42 129.062297  63.508685 26.892
 59    71.322 54297.50978379 18.99 129.059597  63.511815 26.892
 59    71.561 54297.50978508 17.18 129.054211  63.518068 19.846
 59    71.522 54297.50978573 16.85 129.051511  63.521198 19.846
 59    71.574 54297.50978637 17.78 129.048811  63.524328 19.846
 59    71.586 54297.50978702 19.21 129.046111  63.527458 19.846
 59    72.144 54297.50978766 18.49 129.043411  63.530578 19.846
 59    73.594 54297.50979217 30.55 129.024491  63.552478 19.846
 59    73.157 54297.50979282 17.33 129.021791  63.555608 19.846
 59    72.390 54297.50979346 17.61 129.019081  63.558738 19.846
 60    72.998 54332.50977307 23.56 129.067881  63.507580 23.311
 60    70.171 54332.50977371 23.08 129.065181  63.510710 23.311
 60    70.289 54332.50977436 22.41 129.062491  63.513840 23.311
 60    70.295 54332.50977565 27.26 129.057098  63.520094 27.172
 60    70.212 54332.50977629 20.06 129.054398  63.523224 27.172
 60    69.983 54332.50977693 19.91 129.051698  63.526354 27.172
 60    70.478 54332.50977758 22.64 129.048998  63.529474 27.172
 60    70.326 54332.50977822 26.28 129.046298  63.532604 27.172
 60    73.402 54332.50978209 27.05 129.030088  63.551374 27.172
 60    69.924 54332.50978274 21.04 129.027388  63.554504 27.172
 60    72.666 54332.50978338 16.61 129.024678  63.557634 27.172
 60    70.337 54332.50978403 23.47 129.021978  63.560764 27.172
 61    70.286 54367.50971406 24.02 129.073741  63.507885 25.421
 61    70.172 54367.50971471 27.65 129.071041  63.511015 25.421
 61    70.279 54367.50971535 28.38 129.068341  63.514145 25.421
 61    70.220 54367.50971728 20.94 129.060255  63.523532 18.719
 61    70.483 54367.50971793 21.11 129.057555  63.526662 18.719
 61    70.943 54367.50971857 21.17 129.054855  63.529792 18.719
 61    70.952 54367.50971922 22.01 129.052165  63.532912 18.719
 61    74.230 54367.50972309 21.82 129.035955  63.551692 18.719
 61    74.015 54367.50972373 17.07 129.033255  63.554812 18.719
 61    76.225 54367.50972438 18.23 129.030555  63.557942 18.719
 62    68.248 54402.50971586 25.95 129.064298  63.506651 14.694
 62    68.189 54402.50971650 26.35 129.061598  63.509781 14.694
 62    68.097 54402.50971715 31.82 129.058908  63.512911 14.694
 62    68.537 54402.50971843 48.31 129.053508  63.519161 14.694
 62    68.444 54402.50971908 52.62 129.050807  63.522293 20.144
 62    68.459 54402.50971972 49.09 129.048107  63.525423 20.144
 62    68.275 54402.50972037 40.35 129.045407  63.528553 20.144
 62    68.193 54402.50972488 27.93 129.026497  63.550453 20.144
 62    68.329 54402.50972553 32.70 129.023797  63.553573 20.144
 62    68.394 54402.50972617 43.09 129.021087  63.556703 20.144
 62    68.570 54402.50972682 48.37 129.018387  63.559833 20.144
 63    67.660 54437.50967290 19.87 129.069578  63.507054  4.147
 63    67.638 54437.50967355 21.60 129.066878  63.510184  4.147
 63    67.795 54437.50967419 22.18 129.064188  63.513310  8.672
 63    68.216 54437.50967548 26.43 129.058788  63.519570  8.672
 63    68.216 54437.50967612 29.93 129.056098  63.522700  8.672
 63    68.281 54437.50967677 30.65 129.053398  63.525820  8.672
 63    68.076 54437.50967741 28.14 129.050698  63.528950  8.672
 63    67.898 54437.50967806 24.55 129.047998  63.532080  8.672
 63    70.541 54437.50968193 17.75 129.031798  63.550850  8.672
 63    68.112 54437.50968257 19.43 129.029088  63.553980  8.672
 63    68.007 54437.50968322 22.61 129.026388  63.557110  8.672
 63    68.345 54437.50968386 21.57 129.023678  63.560240  8.672
 64    68.039 54472.50970163 17.36 129.056726  63.508385  3.503
 64    68.152 54472.50970227 17.85 129.054026  63.511515  3.503
 64    68.291 54472.50970292 19.44 129.051326  63.514635  3.503
 64    68.358 54472.50970356 20.26 129.048626  63.517765  3.503
 64    68.479 54472.50970421 20.78 129.045930  63.520894  5.050
 64    68.465 54472.50970485 20.66 129.043230  63.524024  5.050
 64    68.327 54472.50970550 20.76 129.040530  63.527154  5.050
 64    74.439 54472.50971065 14.93 129.018910  63.552174  5.050
 64    69.528 54472.50971130 15.95 129.016200  63.555304  5.050
 64    68.435 54472.50971194 16.96 129.013500  63.558434  5.050
 64    70.627 54472.50971259 15.61 129.010790  63.561564  5.050
 65    72.305 54507.50968379 13.24 129.074973  63.505528  4.101
 65    71.742 54507.50968443 14.63 129.072273  63.508648  4.101
 65    67.832 54507.50968508 14.95 129.069583  63.511778  4.101
 65    67.668 54507.50968572 16.34 129.066883  63.514908  4.101
 65    68.142 54507.50968766 18.88 129.058793  63.524298  4.101
 65    68.220 54507.50968830 17.59 129.056093  63.527428  4.101
 65    68.020 54507.50968894 17.49 129.053393  63.530558  4.101
 65    67.844 54507.50968959 17.07 129.050693  63.533688  4.101
 65    74.623 54507.50969281 13.82 129.037189  63.549329  3.120
 65    74.008 54507.50969346 13.61 129.034489  63.552459  3.120
 65    70.153 54507.50969410 13.20 129.031789  63.555579  3.120
 65    73.149 54507.50969475 13.10 129.029089  63.558709  3.120
 66    71.421 54542.50971618  9.76 129.061598  63.509032  2.660
 66    71.211 54542.50971683 10.30 129.058898  63.512162  2.660
 66    68.775 54542.50971812 12.28 129.053508  63.518422  2.660
 66    69.395 54542.50971876 11.80 129.050808  63.521552  2.660
 66    69.862 54542.50971940 11.28 129.048108  63.524672  2.660
 66    71.287 54542.50972005 10.62 129.045408  63.527802  2.660
 66    71.198 54542.50972069 10.70 129.042708  63.530932  2.660
 66    75.233 54542.50972456  9.20 129.026498  63.549702  2.660
 66    74.912 54542.50972521  8.83 129.023788  63.552832  2.660
 66    74.437 54542.50972585  9.18 129.021088  63.555963  2.397
 66    73.699 54542.50972650  9.69 129.018388  63.559083  2.397
 67    72.135 54577.50968663  8.87 129.073768  63.507858  2.511
 67    72.148 54577.50968728  9.20 129.071068  63.510978  2.511
 67    70.678 54577.50968792  9.31 129.068378  63.514108  2.511
 67    69.701 54577.50968986 10.48 129.060288  63.523498  2.511
 67    70.177 54577.50969050 10.14 129.057588  63.526628  2.511
 67    71.308 54577.50969115  9.55 129.054888  63.529758  2.511
 67    71.722 54577.50969179  9.36 129.052188  63.532888  2.511
 67    74.497 54577.50969566  8.57 129.035987  63.551659  2.114
 67    74.289 54577.50969631  8.01 129.033277  63.554789  2.114
 67    73.907 54577.50969695  7.70 129.030577  63.557909  2.114
 68    75.520 54612.50970671 51.71 129.063704  63.506396 45.854
 68    75.463 54612.50970736 53.11 129.061004  63.509526 45.854
 68    75.438 54612.50970800 53.72 129.058314  63.512656 45.854
 68    75.487 54612.50970929 54.77 129.052914  63.518916 45.854
 68    75.510 54612.50970994 52.09 129.050214  63.522046 45.854
 68    75.533 54612.50971058 51.35 129.047514  63.525176 45.854
 68    75.542 54612.50971123 50.18 129.044814  63.528306 45.854
 68    75.281 54612.50971574 50.84 129.025906  63.550204 38.776
 68    75.278 54612.50971638 50.77 129.023206  63.553324 38.776
 68    75.269 54612.50971703 52.00 129.020496  63.556454 38.776
 68    75.262 54612.50971767 52.16 129.017796  63.559584 38.776
 69    71.526 54647.50971385 50.63 129.060787  63.507203 42.867
 69    71.388 54647.50971450 54.14 129.058087  63.510333 42.867
 69    71.491 54647.50971514 51.14 129.055397  63.513463 42.867
 69    71.442 54647.50971579 52.25 129.052697  63.516593 42.867
 69    71.374 54647.50971643 51.91 129.049997  63.519723 42.867
 69    71.554 54647.50971707 54.16 129.047297  63.522853 42.867
 69    71.591 54647.50971772 52.52 129.044597  63.525983 42.867
 69    71.597 54647.50971836 48.39 129.041897  63.529103 42.867
 69    71.410 54647.50972288 51.70 129.022986  63.551010 35.082
 69    71.365 54647.50972352 52.15 129.020276  63.554130 35.082
 69    71.507 54647.50972417 53.61 129.017576  63.557260 35.082
 69    71.437 54647.50972481 52.46 129.014876  63.560390 35.082
 70    70.475 54682.50971466 26.20 129.064069  63.508269 19.787
 70    70.326 54682.50971530 26.43 129.061379  63.511399 19.787
 70    70.826 54682.50971595 27.51 129.058679  63.514529 19.787
 70    70.897 54682.50971659 42.61 129.055979  63.517659 19.787
 70    70.958 54682.50971724 44.58 129.053279  63.520789 19.787
 70    70.908 54682.50971788 36.63 129.050579  63.523919 19.787
 70    70.974 54682.50971853 34.96 129.047879  63.527049 19.787
 70    70.810 54682.50971917 31.06 129.045189  63.530179 19.787
 70    71.177 54682.50972369 38.01 129.026274  63.552077 18.966
 70    70.735 54682.50972433 32.90 129.023564  63.555197 18.966
 70    70.785 54682.50972497 39.99 129.020864  63.558327 18.966
 70    70.829 54682.50972562 42.48 129.018164  63.561457 18.966
 71    72.572 54717.50966227 27.22 129.074381  63.507757 21.944
 71    72.865 54717.50966292 26.31 129.071681  63.510887 21.944
 71    73.112 54717.50966356 41.73 129.068991  63.514017 21.944
 71    72.807 54717.50966550 27.82 129.060901  63.523397 21.944
 71    72.440 54717.50966614 24.89 129.058201  63.526527 21.944
 71    72.062 54717.50966679 24.24 129.055501  63.529657 21.944
 71    71.579 54717.50966743 25.61 129.052801  63.532787 21.944
 71    72.961 54717.50967130 28.57 129.036598  63.551557 16.240
 71    72.950 54717.50967194 27.95 129.033898  63.554687 16.240
 71    72.818 54717.50967259 26.34 129.031188  63.557817 16.240
 71    76.181 54717.50967323 26.19 129.028488  63.560947 16.240
 72    69.548 54752.50968685 38.09 129.056590  63.507302 14.738
 72    70.327 54752.50968749 25.46 129.053900  63.510432 14.738
 72    70.248 54752.50968814 21.74 129.051200  63.513562 14.738
 72    69.510 54752.50968878 22.91 129.048500  63.516692 14.738
 72    70.907 54752.50968943 21.64 129.045800  63.519822 14.738
 72    71.303 54752.50969007 21.17 129.043100  63.522952 14.738
 72    71.471 54752.50969072 22.14 129.040400  63.526072 14.738
 72    74.571 54752.50969587 23.88 129.018788  63.551107 19.062
 72    73.978 54752.50969652 21.68 129.016078  63.554227 19.062
 72    69.282 54752.50969716 24.86 129.013378  63.557357 19.062
 72    69.386 54752.50969781 26.72 129.010668  63.560487 19.062
 73    70.921 54787.50965233 22.21 129.070153  63.506780  8.569
 73    71.200 54787.50965297 22.40 129.067463  63.509910  8.569
 73    67.797 54787.50965361 24.42 129.064763  63.513030  8.569
 73    68.523 54787.50965555 30.87 129.056673  63.522420  8.569
 73    68.735 54787.50965619 32.90 129.053973  63.525550  8.569
 73    68.544 54787.50965684 32.39 129.051273  63.528680  8.569
 73    68.247 54787.50965748 29.53 129.048573  63.531810  8.569
 73    68.011 54787.50966135 19.65 129.032376  63.550576  3.171
 73    71.555 54787.50966200 17.72 129.029666  63.553706  3.171
 73    69.828 54787.50966264 17.36 129.026966  63.556836  3.171
 73    70.608 54787.50966328 17.08 129.024266  63.559956  3.171
 74    68.113 54822.50968140 18.56 129.055536  63.507981  3.777
 74    68.387 54822.50968204 18.97 129.052836  63.511111  3.777
 74    68.703 54822.50968269 19.83 129.050136  63.514241  3.777
 74    68.701 54822.50968333 20.50 129.047436  63.517371  3.777
 74    68.821 54822.50968397 20.41 129.044736  63.520491  3.777
 74    68.853 54822.50968462 20.04 129.042036  63.523621  3.777
 74    68.779 54822.50968526 20.27 129.039346  63.526751  3.777
 74    70.651 54822.50969042 13.55 129.017719  63.551776  2.796
 74    73.757 54822.50969107 12.91 129.015019  63.554906  2.796
 74    71.160 54822.50969171 12.68 129.012309  63.558036  2.796
 74    72.114 54822.50969236 12.77 129.009599  63.561166  2.796
 75    68.341 54857.50964822 14.10 129.071502  63.506067  3.732
 75    68.066 54857.50964887 14.64 129.068812  63.509197  3.732
 75    67.548 54857.50964951 16.75 129.066112  63.512317  3.732
 75    68.426 54857.50965144 16.80 129.058022  63.521707  3.732
 75    68.409 54857.50965209 18.03 129.055322  63.524837  3.732
 75    68.613 54857.50965273 16.77 129.052622  63.527967  3.732
 75    68.658 54857.50965338 15.60 129.049922  63.531097  3.732
 75    70.413 54857.50965725 12.96 129.033725  63.549865  2.200
 75    70.684 54857.50965789 12.09 129.031015  63.552995  2.200
 75    70.102 54857.50965854 11.63 129.028315  63.556125  2.200
 75    70.499 54857.50965918 10.74 129.025615  63.559245  2.200
 76    68.148 54892.50968379 14.39 129.062498  63.507670  3.314
 76    69.488 54892.50968444 14.83 129.059798  63.510800  3.314
 76    68.242 54892.50968508 15.02 129.057098  63.513930  3.314
 76    68.003 54892.50968573 16.16 129.054408  63.517060  3.314
 76    68.105 54892.50968637 16.15 129.051708  63.520190  3.314
 76    68.249 54892.50968702 16.23 129.049008  63.523320  3.314
 76    68.427 54892.50968766 15.14 129.046308  63.526450  3.314
 76    68.027 54892.50968830 14.88 129.043608  63.529570  3.314
 76    70.425 54892.50969282 12.20 129.024695  63.551467  2.679
 76    70.175 54892.50969346 11.68 129.021995  63.554597  2.679
 76    70.372 54892.50969411 11.54 129.019285  63.557727  2.679
 76    71.447 54892.50969475 10.41 129.016585  63.560857  2.679
 77    70.434 54927.50964627 11.00 129.074424  63.506210  3.407
 77    68.435 54927.50964691 11.92 129.071734  63.509340  3.407
 77    70.863 54927.50964756 12.23 129.069034  63.512460  3.407
 77    68.349 54927.50964949 13.59 129.060944  63.521850  3.407
 77    68.159 54927.50965014 14.52 129.058254  63.524980  3.407
 77    68.708 54927.50965078 13.53 129.055554  63.528110  3.407
 77    69.036 54927.50965143 13.35 129.052854  63.531240  3.407
 77    71.283 54927.50965530 10.21 129.036652  63.550010  2.202
 77    70.459 54927.50965594 10.70 129.033952  63.553140  2.202
 77    73.566 54927.50965658  9.53 129.031252  63.556260  2.202
 77    72.936 54927.50965723  9.26 129.028542  63.559390  2.202
 78    70.874 54962.50968315 43.33 129.058414  63.506479 36.293
 78    70.588 54962.50968380 41.90 129.055724  63.509609 36.293
 78    70.860 54962.50968444 50.80 129.053024  63.512739 36.293
 78    70.805 54962.50968509 49.96 129.050324  63.515869 36.293
 78    70.627 54962.50968573 39.47 129.047624  63.518999 36.293
 78    70.715 54962.50968638 32.54 129.044924  63.522129 36.293
 78    71.013 54962.50968702 49.26 129.042224  63.525259 36.293
 78    70.964 54962.50968767 45.43 129.039524  63.528379 36.293
 78    72.979 54962.50969218 40.42 129.020617  63.550278 29.724
 78    70.848 54962.50969282 44.90 129.017907  63.553408 29.724
 78    70.589 54962.50969347 32.27 129.015207  63.556538 29.724
 78    70.672 54962.50969411 30.53 129.012497  63.559668 29.724
 79    74.560 54997.50970411 54.50 129.059298  63.507578 45.195
 79    74.580 54997.50970475 51.62 129.056598  63.510708 45.195
 79    74.596 54997.50970540 51.03 129.053898  63.513838 45.195
 79    74.618 54997.50970604 50.61 129.051198  63.516968 45.195
 79    74.627 54997.50970669 49.97 129.048508  63.520098 45.195
 79    74.647 54997.50970733 52.12 129.045808  63.523228 45.195
 79    74.669 54997.50970798 51.51 129.043108  63.526358 45.195
 79    74.680 54997.50970862 52.02 129.040408  63.529478 45.195
 79    74.471 54997.50971313 52.15 129.021488  63.551376 36.069
 79    74.412 54997.50971378 51.30 129.018788  63.554506 36.069
 79    74.362 54997.50971442 51.91 129.016078  63.557636 36.069
 79    74.352 54997.50971507 53.21 129.013378  63.560766 36.069
 80    71.470 55032.50969369 45.00 129.061253  63.508256 30.384
 80    71.353 55032.50969433 40.00 129.058553  63.511386 30.384
 80    71.516 55032.50969498 45.41 129.055853  63.514516 30.384
 80    71.469 55032.50969562 52.47 129.053153  63.517646 30.384
 80    71.433 55032.50969627 52.16 129.050463  63.520776 30.384
 80    71.423 55032.50969691 51.42 129.047763  63.523906 30.384
 80    71.430 55032.50969755 50.69 129.045063  63.527026 30.384
 80    71.452 55032.50969820 52.02 129.042363  63.530156 30.384
 80    71.379 55032.50970271 45.10 129.023443  63.552053 30.682
 80    71.343 55032.50970336 52.56 129.020743  63.555183 30.682
 80    71.328 55032.50970400 52.70 129.018033  63.558313 30.682
 80    71.454 55032.50970465 53.10 129.015333  63.561443 30.682
 81    70.896 55067.50968200 33.50 129.068463  63.507058 26.927
 81    70.990 55067.50968265 39.26 129.065763  63.510178 26.927
 81    71.042 55067.50968329 36.65 129.063073  63.513308 26.927
 81    71.140 55067.50968458 47.97 129.057673  63.519568 26.927
 81    71.157 55067.50968523 43.16 129.054973  63.522698 26.927
 81    71.145 55067.50968587 41.89 129.052273  63.525828 26.927
 81    71.173 55067.50968652 37.12 129.049573  63.528958 26.927
 81    71.195 55067.50968716 38.84 129.046883  63.532088 26.927
 81    73.406 55067.50969103 29.46 129.030667  63.550858 18.206
 81    70.835 55067.50969167 27.38 129.027967  63.553978 18.206
 81    70.901 55067.50969232 26.24 129.025267  63.557108 18.206
 81    71.113 55067.50969296 29.58 129.022557  63.560238 18.206
 82    70.911 55102.50962071 34.37 129.076428  63.504834 27.970
 82    70.783 55102.50962136 26.54 129.073728  63.507964 27.970
 82    72.007 55102.50962200 19.05 129.071038  63.511094 27.970
 82    72.442 55102.50962265 17.64 129.068339  63.514224 20.788
 82    70.899 55102.50962458 21.92 129.060249  63.523604 20.788
 82    70.887 55102.50962523 21.36 129.057559  63.526734 20.788
 82    71.284 55102.50962587 23.22 129.054859  63.529864 20.788
 82    71.317 55102.50962652 22.68 129.052159  63.532994 20.788
 82    73.095 55102.50963038 22.52 129.035959  63.551764 20.788
 82    72.994 55102.50963103 19.74 129.033249  63.554894 20.788
 82    76.169 55102.50963167 17.02 129.030549  63.558024 20.788
 83    67.932 55137.50962888 35.25 129.057839  63.508605 18.570
 83    67.950 55137.50962952 38.68 129.055149  63.511735 18.570
 83    68.153 55137.50963017 39.93 129.052449  63.514865 18.570
 83    68.495 55137.50963081 44.37 129.049749  63.517995 18.570
 83    68.520 55137.50963146 48.29 129.047049  63.521125 18.570
 83    68.493 55137.50963210 47.26 129.044349  63.524245 18.570
 83    68.415 55137.50963274 41.18 129.041649  63.527375 18.570
 83    68.556 55137.50963790 32.10 129.020038  63.552409 14.352
 83    68.670 55137.50963855 35.60 129.017328  63.555529 14.352
 83    68.605 55137.50963919 39.76 129.014628  63.558659 14.352
 83    68.650 55137.50963984 39.51 129.011918  63.561789 14.352
 84    68.585 55172.50958987 20.79 129.070997  63.507506  4.591
 84    68.497 55172.50959052 21.63 129.068297  63.510636  4.591
 84    68.544 55172.50959116 22.91 129.065607  63.513766  4.591
 84    68.917 55172.50959310 23.53 129.057507  63.523156  4.591
 84    68.971 55172.50959374 23.32 129.054817  63.526286  4.591
 84    69.036 55172.50959438 22.33 129.052117  63.529416  4.591
 84    68.931 55172.50959503 22.18 129.049417  63.532536  4.591
 84    68.867 55172.50959890 21.30 129.033211  63.551315  4.207
 84    68.830 55172.50959954 22.10 129.030511  63.554445  4.207
 84    68.802 55172.50960019 23.09 129.027801  63.557565  4.207
 84    68.901 55172.50960083 20.45 129.025101  63.560695  4.207
 85    68.511 55207.50962293 16.94 129.057141  63.507140  3.520
 85    68.561 55207.50962358 17.96 129.054451  63.510270  3.520
 85    68.598 55207.50962422 18.34 129.051751  63.513400  3.520
 85    68.391 55207.50962487 18.90 129.049051  63.516530  3.520
 85    68.347 55207.50962551 19.26 129.046351  63.519660  3.520
 85    68.504 55207.50962615 19.23 129.043651  63.522790  3.520
 85    68.357 55207.50962680 18.74 129.040951  63.525910  3.520
 85    68.465 55207.50962744 18.36 129.038251  63.529040  3.520
 85    68.325 55207.50963196 17.80 129.019339  63.550936  4.286
 85    68.389 55207.50963260 19.34 129.016629  63.554066  4.286
 85    68.460 55207.50963325 19.05 129.013929  63.557196  4.286
 85    68.564 55207.50963389 17.90 129.011219  63.560326  4.286
 86    68.468 55242.50959451 13.84 129.072763  63.507697  4.324
 86    68.419 55242.50959516 14.69 129.070073  63.510827  4.324
 86    68.151 55242.50959580 16.26 129.067373  63.513947  4.324
 86    67.976 55242.50959774 18.67 129.059283  63.523337  4.324
 86    67.979 55242.50959838 19.44 129.056583  63.526467  4.324
 86    68.117 55242.50959903 19.20 129.053893  63.529597  4.324
 86    68.770 55242.50959967 17.41 129.051193  63.532727  4.324
 86    67.923 55242.50960354 16.72 129.034984  63.551495  3.902
 86    67.880 55242.50960418 16.98 129.032284  63.554625  3.902
 86    67.961 55242.50960483 17.46 129.029584  63.557755  3.902
 86    68.125 55242.50960547 15.87 129.026874  63.560875  3.902
 87    68.470 55277.50961664 13.67 129.064747  63.507488  3.366
 87    68.617 55277.50961729 13.66 129.062047  63.510618  3.366
 87    68.595 55277.50961793 14.41 129.059347  63.513748  3.366
 87    68.106 55277.50961922 16.60 129.053957  63.520008  3.366
 87    68.132 55277.50961987 16.84 129.051257  63.523138  3.366
 87    68.786 55277.50962051 16.18 129.048557  63.526268  3.366
 87    69.099 55277.50962116 15.56 129.045857  63.529388  3.366
 87    70.110 55277.50962567 14.56 129.026948  63.551286  3.972
 87    68.003 55277.50962631 14.81 129.024248  63.554416  3.972
 87    68.058 55277.50962696 15.12 129.021538  63.557546  3.972
 87    68.225 55277.50962760 13.88 129.018838  63.560676  3.972
 88    68.080 55312.50957985 21.63 129.073605  63.506218  9.085
 88    68.054 55312.50958049 17.91 129.070915  63.509338  9.085
 88    68.201 55312.50958114 16.93 129.068215  63.512468  9.085
 88    67.932 55312.50958307 21.88 129.060125  63.521858  9.085
 88    67.855 55312.50958372 23.19 129.057425  63.524988  9.085
 88    67.818 55312.50958436 21.36 129.054735  63.528118  9.085
 88    67.792 55312.50958500 21.00 129.052035  63.531248  9.085
 88    73.292 55312.50958887 14.88 129.035824  63.550019  8.636
 88    73.977 55312.50958952 13.94 129.033124  63.553149  8.636
 88    73.172 55312.50959016 14.88 129.030424  63.556269  8.636
 88    72.338 55312.50959081 15.44 129.027714  63.559399  8.636
 89    74.012 55347.50958655 53.03 129.065617  63.506298 43.443
 89    73.946 55347.50958719 55.27 129.062917  63.509428 43.443
 89    73.992 55347.50958784 52.44 129.060217  63.512558 43.443
 89    74.086 55347.50958913 51.47 129.054827  63.518818 43.443
 89    74.108 55347.50958977 49.36 129.052127  63.521948 43.443
 89    74.118 55347.50959042 52.43 129.049427  63.525078 43.443
 89    74.118 55347.50959106 52.79 129.046727  63.528208 43.443
 89    74.093 55347.50959171 51.87 129.044027  63.531328 43.443
 89    73.850 55347.50959557 52.18 129.027816  63.550099 45.355
 89    73.847 55347.50959622 52.80 129.025116  63.553229 45.355
 89    73.824 55347.50959686 53.81 129.022406  63.556359 45.355
 89    73.830 55347.50959751 52.66 129.019706  63.559489 45.355
 90    70.925 55382.50957763 53.01 129.066473  63.506966 44.532
 90    70.879 55382.50957827 51.54 129.063783  63.510096 44.532
 90    71.003 55382.50957892 52.57 129.061083  63.513226 44.532
 90    70.929 55382.50958021 52.25 129.055693  63.519486 44.532
 90    70.918 55382.50958085 53.88 129.052993  63.522616 44.532
 90    71.059 55382.50958150 52.76 129.050293  63.525746 44.532
 90    71.148 55382.50958214 49.51 129.047593  63.528876 44.532
 90    71.164 55382.50958279 50.10 129.044893  63.531996 44.532
 90    71.115 55382.50958665 50.46 129.028687  63.550774 41.440
 90    71.128 55382.50958730 53.05 129.025977  63.553894 41.440
 90    71.020 55382.50958794 52.99 129.023277  63.557024 41.440
 90    70.965 55382.50958859 51.40 129.020567  63.560154 41.440
 91    71.152 55417.50960587 45.36 129.057819  63.506244 35.988
 91    71.141 55417.50960651 49.11 129.055119  63.509374 35.988
 91    70.980 55417.50960715 47.42 129.052419  63.512504 35.988
 91    71.041 55417.50960780 51.22 129.049719  63.515634 35.988
 91    71.135 55417.50960844 51.36 129.047019  63.518764 35.988
 91    71.052 55417.50960909 49.64 129.044319  63.521894 35.988
 91    71.151 55417.50960973 47.76 129.041619  63.525014 35.988
 91    71.124 55417.50961038 45.98 129.038919  63.528144 35.988
 91    71.483 55417.50961489 43.55 129.020008  63.550040 18.463
 91    70.924 55417.50961554 35.03 129.017298  63.553170 18.463
 91    70.886 55417.50961618 34.01 129.014598  63.556300 18.463
 91    70.965 55417.50961682 34.49 129.011888  63.559430 18.463
 92    70.573 55452.50958719 51.21 129.070833  63.506530 43.306
 92    70.708 55452.50958783 50.95 129.068143  63.509660 43.306
 92    70.603 55452.50958848 53.41 129.065443  63.512780 43.306
 92    70.707 55452.50959041 53.38 129.057353  63.522170 43.306
 92    70.706 55452.50959105 51.08 129.054653  63.525300 43.306
 92    70.720 55452.50959170 51.11 129.051953  63.528430 43.306
 92    70.712 55452.50959234 48.42 129.049253  63.531560 43.306
 92    70.680 55452.50959621 51.68 129.033053  63.550329 32.682
 92    70.650 55452.50959686 53.45 129.030343  63.553459 32.682
 92    70.701 55452.50959750 52.89 129.027643  63.556589 32.682
 92    70.714 55452.50959815 51.23 129.024933  63.559709 32.682
 93    68.139 55487.50950890 27.55 129.078793  63.506159 24.827
 93    68.090 55487.50950955 34.18 129.076103  63.509289 24.827
 93    67.978 55487.50951019 33.14 129.073403  63.512419 24.827
 93    68.694 55487.50951277 49.64 129.062623  63.524929 24.827
 93    68.539 55487.50951342 50.84 129.059923  63.528059 24.827
 93    68.564 55487.50951406 50.29 129.057223  63.531189 24.827
 93    68.506 55487.50951471 39.08 129.054523  63.534319 24.827
 93    68.433 55487.50951793 48.67 129.041022  63.549957 16.822
 93    68.596 55487.50951857 40.22 129.038322  63.553087 16.822
 93    68.390 55487.50951922 45.10 129.035622  63.556217 16.822
 93    68.474 55487.50951986 41.87 129.032912  63.559347 16.822
