# NaN NaN NaN ;Mean Elev.(m), Avg Gradient(m/km), RMS Gradient(m/km) - SRTM1     
#    8.275  -0.034   1.637 ;Mean Elev.(m), Avg Gradient(m/km), RMS Gradient(m/km) - ASTER GDEM
#    1.000  -0.129   2.495 ;Mean Elev.(m), Avg Gradient(m/km), RMS Gradient(m/km) - GMTED2010 
  6     3.410 52437.13845387 46.53 128.080799  72.283593 25.227
  6     3.505 52437.13845451 44.13 128.075279  72.280693 25.227
  6     3.405 52437.13845516 42.57 128.069759  72.277803 25.227
  6     3.475 52437.13845580 42.13 128.064249  72.274903 25.227
  7     1.330 52472.13845541 29.50 128.077495  72.282697 14.403
  7     1.145 52472.13845605 28.58 128.071975  72.279797 14.403
  7     1.007 52472.13845670 27.55 128.066465  72.276897 14.403
  7     1.366 52472.13845734 28.65 128.060945  72.274007 14.403
  8    -6.561 52507.13843055 35.88 128.078293  72.284173 15.222
  8    -6.514 52507.13843120 42.44 128.072773  72.281283 15.222
  8    -6.603 52507.13843184 44.29 128.067253  72.278383 15.222
  8    -6.637 52507.13843248 41.33 128.061743  72.275483 15.222
  9     1.472 52542.13841340 38.23 128.100748  72.277460 18.690
  9     1.408 52542.13841404 38.03 128.095228  72.274560 18.690
 10     1.376 52577.13846265 27.53 128.085887  72.283933  5.628
 10     1.486 52577.13846330 29.27 128.080367  72.281043  5.628
 10     1.447 52577.13846394 29.90 128.074847  72.278143  5.628
 10     1.588 52577.13846459 30.14 128.069327  72.275253  5.628
 11     1.358 52612.13842628 23.27 128.075801  72.285065  4.321
 11     1.474 52612.13842692 24.73 128.070281  72.282165  4.321
 11     1.475 52612.13842757 25.62 128.064761  72.279275  4.321
 11     1.539 52612.13842821 26.62 128.059251  72.276375  4.321
 12     1.249 52647.13841149 22.77 128.089723  72.281011  4.248
 12     1.370 52647.13841214 24.33 128.084203  72.278121  4.248
 12     1.589 52647.13841278 24.03 128.078683  72.275221  4.248
 13     1.228 52682.13838152 21.02 128.083571  72.283176  4.225
 13     1.424 52682.13838217 22.69 128.078061  72.280286  4.225
 13     1.526 52682.13838281 22.44 128.072541  72.277386  4.225
 13     1.558 52682.13838346 23.89 128.067031  72.274496  4.225
 14     1.414 52717.13844084 19.18 128.087393  72.281430  3.064
 14     1.476 52717.13844148 20.48 128.081873  72.278530  3.064
 14     1.750 52717.13844213 20.76 128.076353  72.275640  3.064
 15     1.387 52752.13846585 15.63 128.064911  72.286525  4.193
 15     1.362 52752.13846649 17.10 128.059391  72.283635  4.193
 15     1.502 52752.13846778 18.60 128.048361  72.277845  4.193
 15     1.559 52752.13846842 18.58 128.042851  72.274945  4.193
 17     8.183 52822.13848383 15.67 128.094461  72.278695  2.870
 17     1.916 52822.13848447 18.25 128.088941  72.275805  2.870
 17     1.707 52822.13848512 17.50 128.083421  72.272905  2.870
 18     1.160 52857.13853101 34.89 128.091444  72.278849 31.383
 18     0.914 52857.13853165 34.48 128.085924  72.275959 31.383
 18     1.374 52857.13853229 39.07 128.080404  72.273059 31.383
 19     1.284 52892.13856261 43.78 128.083342  72.283768 22.194
 19     1.202 52892.13856326 42.65 128.077822  72.280868 22.194
 19     1.264 52892.13856390 44.48 128.072302  72.277978 22.194
 19     1.321 52892.13856455 41.97 128.066792  72.275078 22.194
 20     1.536 52927.13851493 25.93 128.063391  72.284766 11.748
 20     1.029 52927.13851622 26.07 128.052361  72.278966 11.748
 20     0.969 52927.13851686 27.46 128.046841  72.276076 11.748
 22     1.457 52997.13852633 24.34 128.082454  72.282277  4.920
 22     1.467 52997.13852697 25.96 128.076934  72.279387  4.920
 22     1.525 52997.13852762 26.09 128.071424  72.276487  4.920
 22     1.606 52997.13852826 26.20 128.065904  72.273597  4.920
 23     1.580 53032.13848515 25.46 128.064185  72.283614  6.358
 23     1.461 53032.13848580 26.12 128.058675  72.280724  6.358
 23     1.371 53032.13848644 27.36 128.053155  72.277824  6.358
 23     1.489 53032.13848709 27.62 128.047645  72.274934  6.358
 24     1.452 53067.13849507 22.50 128.090720  72.281507  4.610
 24     1.554 53067.13849572 23.26 128.085200  72.278607  4.610
 24     1.562 53067.13849636 24.80 128.079680  72.275717  4.610
 25     1.664 53102.13848964 17.40 128.062335  72.284917  4.277
 25     1.349 53102.13849093 20.65 128.051305  72.279127  4.277
 25     1.436 53102.13849157 20.39 128.045795  72.276237  4.277
 26     1.422 53137.13849788 10.34 128.092261  72.279705  2.149
 26     1.543 53137.13849852 10.86 128.086741  72.276815  2.149
 26     1.553 53137.13849917 11.72 128.081231  72.273915  2.149
 27    10.036 53172.13854555 24.27 128.087836  72.282344  9.216
 27     9.083 53172.13854619 22.67 128.082316  72.279454  9.216
 27     8.324 53172.13854684 20.88 128.076796  72.276554  9.216
 28     1.875 53207.13855983 24.64 128.082298  72.283909 11.847
 28     1.626 53207.13856048 21.51 128.076778  72.281009 11.847
 28     1.432 53207.13856112 16.40 128.071258  72.278119 11.847
 28     3.371 53207.13856177 14.23 128.065748  72.275219 11.847
 29     1.471 53242.13852748 42.33 128.079863  72.284569 26.778
 29     1.199 53242.13852813 35.05 128.074343  72.281669 26.778
 29     0.897 53242.13852877 30.97 128.068823  72.278779 26.778
 29     1.085 53242.13852941 30.49 128.063313  72.275879 26.778
 30     1.361 53277.13850062 32.25 128.101532  72.278137 12.934
 30     1.297 53277.13850126 35.92 128.096012  72.275237 12.934
 31     1.634 53312.13853650 27.64 128.086317  72.283143  6.162
 31     1.705 53312.13853715 29.08 128.080797  72.280243  6.162
 31     1.625 53312.13853779 31.34 128.075277  72.277353  6.162
 31     1.719 53312.13853844 31.29 128.069767  72.274453  6.162
 32     1.697 53347.13850250 20.35 128.080039  72.283205  3.392
 32     1.749 53347.13850315 21.30 128.074519  72.280305  3.392
 32     1.723 53347.13850379 21.78 128.068999  72.277415  3.392
 32     1.758 53347.13850444 23.32 128.063489  72.274515  3.392
 33     1.372 53382.13846530 20.10 128.099298  72.277935  3.523
 33     1.578 53382.13846594 20.63 128.093778  72.275035  3.523
 34     1.447 53417.13848100 17.29 128.088728  72.282203  2.959
 34     1.414 53417.13848164 18.78 128.083208  72.279303  2.959
 34     1.548 53417.13848229 19.27 128.077688  72.276413  2.959
 36     1.584 53487.13856612 12.81 128.081864  72.282919  2.428
 36     1.680 53487.13856676 13.34 128.076344  72.280029  2.428
 36     1.634 53487.13856741 14.03 128.070824  72.277129  2.428
 36     1.546 53487.13856805 14.92 128.065314  72.274239  2.428
 37     3.308 53522.13855741 51.66 128.084752  72.282159 29.263
 37     3.303 53522.13855805 52.76 128.079232  72.279259 29.263
 37     3.343 53522.13855870 52.73 128.073712  72.276369 29.263
 38     1.944 53557.13858255 30.71 128.074619  72.283090 11.340
 38     1.739 53557.13858319 18.56 128.069099  72.280190 11.340
 38     1.405 53557.13858384 18.03 128.063579  72.277300 11.340
 38     1.446 53557.13858448 18.82 128.058069  72.274400 11.340
 39     1.946 53592.13851892 23.29 128.081138  72.285146  7.423
 39     6.980 53592.13851957 17.25 128.075618  72.282246  7.423
 39     6.115 53592.13852021 16.06 128.070108  72.279356  7.423
 39     5.538 53592.13852086 14.37 128.064588  72.276456  7.423
 39     3.033 53592.13852150 14.06 128.059078  72.273566  7.423
 40     1.531 53627.13850951 37.15 128.098746  72.279341 21.640
 40     1.593 53627.13851016 24.87 128.093226  72.276451 21.640
 40     0.720 53627.13851144 24.34 128.082186  72.270661 21.640
 41     8.195 53662.13853469 21.59 128.087919  72.282521  3.366
 41     1.383 53662.13853533 22.56 128.082399  72.279621  3.366
 41     1.447 53662.13853597 22.51 128.076879  72.276731  3.366
 42     1.306 53697.13850112 16.92 128.074950  72.283444  3.520
 42     1.224 53697.13850177 18.10 128.069430  72.280544  3.520
 42     1.239 53697.13850241 19.06 128.063910  72.277654  3.520
 42     1.299 53697.13850306 19.78 128.058400  72.274754  3.520
 43     1.455 53732.13842397 15.39 128.067290  72.283345  2.847
 43     1.401 53732.13842462 16.22 128.061770  72.280445  2.847
 43     1.245 53732.13842526 17.34 128.056260  72.277555  2.847
 43     1.410 53732.13842590 17.77 128.050750  72.274655  2.847
 44     0.841 53767.13839854 14.16 128.095153  72.280449  2.381
 44     0.889 53767.13839919 14.85 128.089643  72.277559  2.381
 44     1.076 53767.13839983 15.92 128.084123  72.274659  2.381
 44     1.341 53767.13840048 16.67 128.078603  72.271769  2.381
 45     0.944 53802.13839882 13.15 128.075829  72.284509  3.028
 45     0.977 53802.13839946 14.43 128.070309  72.281619  3.028
 45     0.988 53802.13840011 15.68 128.064799  72.278719  3.028
 45     1.252 53802.13840075 16.41 128.059279  72.275829  3.028
 46     1.093 53837.13841014 13.43 128.094727  72.276593  2.404
 46     1.327 53837.13841143 14.39 128.083687  72.270803  2.404
 47     7.946 53872.13846290 13.52 128.087144  72.281169  2.265
 47     1.667 53872.13846355 13.98 128.081624  72.278269  2.265
 47     1.586 53872.13846419 14.23 128.076104  72.275379  2.265
 48     2.692 53907.13850289 48.26 128.085041  72.282200 21.354
 48     2.801 53907.13850354 45.89 128.079521  72.279310 21.354
 48     2.696 53907.13850418 46.34 128.074001  72.276410 21.354
 49     1.400 53942.13853019 26.72 128.075499  72.283474 15.522
 49     0.966 53942.13853083 23.62 128.069989  72.280574 15.522
 49     0.888 53942.13853148 22.89 128.064469  72.277684 15.522
 49     1.231 53942.13853212 26.73 128.058949  72.274784 15.522
 50     1.303 53977.13848430 41.34 128.066547  72.283689 21.681
 50     1.237 53977.13848494 39.06 128.061027  72.280789 21.681
 50     1.200 53977.13848559 39.25 128.055517  72.277899 21.681
 50     1.217 53977.13848623 42.86 128.050007  72.274999 21.681
 51     1.933 54012.13848947 44.95 128.101765  72.277499 14.616
 51     1.753 54012.13849012 32.49 128.096245  72.274599 14.616
 52     7.572 54047.13850124 21.35 128.090142  72.280050  4.038
 52     1.881 54047.13850188 22.27 128.084622  72.277150  4.038
 52     1.752 54047.13850252 22.42 128.079102  72.274260  4.038
 54     1.822 54117.13842553 19.02 128.065090  72.286206  4.118
 54     1.778 54117.13842618 19.40 128.059570  72.283316  4.118
 54     1.606 54117.13842746 20.72 128.048540  72.277526  4.118
 54     1.689 54117.13842811 21.02 128.043030  72.274626  4.118
 55     1.745 54152.13844566 12.97 128.083820  72.282585  2.972
 55     1.693 54152.13844631 13.49 128.078300  72.279695  2.972
 55     1.661 54152.13844695 14.38 128.072790  72.276795  2.972
 55     1.671 54152.13844760 15.14 128.067270  72.273895  2.972
 56     1.873 54187.13841908 12.03 128.065697  72.284156  2.391
 56     1.774 54187.13841973 12.90 128.060187  72.281256  2.391
 56     1.722 54187.13842037 13.43 128.054667  72.278366  2.391
 56     1.552 54187.13842102 14.44 128.049157  72.275466  2.391
 57     1.904 54222.13845564 11.35 128.087539  72.280350  2.342
 57     2.010 54222.13845628 11.54 128.082019  72.277450  2.342
 57     1.743 54222.13845693 11.95 128.076497  72.274554  3.384
 58     5.337 54257.13847787 37.43 128.082424  72.282172 12.635
 58     5.380 54257.13847852 45.80 128.076904  72.279272 12.635
 58     5.524 54257.13847916 43.00 128.071384  72.276382 12.635
 58     5.376 54257.13847981 46.14 128.065866  72.273488 29.715
 59     9.564 54292.13848002 22.51 128.085626  72.282478 16.354
 59     8.793 54292.13848067 20.62 128.080106  72.279588 16.354
 59     7.822 54292.13848131 18.94 128.074586  72.276688 16.354
 60     1.932 54327.13847621 35.30 128.083596  72.284537 20.893
 60     1.560 54327.13847685 24.16 128.078086  72.281647 20.893
 60     1.478 54327.13847749 21.18 128.072566  72.278747 20.893
 60     1.768 54327.13847814 21.30 128.067046  72.275857 20.893
 61     1.348 54362.13842684 42.79 128.062744  72.284125 18.971
 61     1.428 54362.13842813 40.55 128.051714  72.278335 18.971
 61     1.259 54362.13842878 37.67 128.046204  72.275435 18.971
 62     7.659 54397.13841663 26.76 128.086886  72.280710  7.021
 62     1.253 54397.13841727 27.94 128.081366  72.277820  7.021
 62     1.174 54397.13841792 28.77 128.075846  72.274920  7.021
 63     6.331 54432.13837609 12.97 128.075289  72.285735  2.225
 63     1.605 54432.13837674 13.79 128.069769  72.282845  2.225
 63     1.463 54432.13837738 14.22 128.064249  72.279945  2.225
 63     1.623 54432.13837803 14.56 128.058739  72.277055  2.225
 63     1.644 54432.13837867 15.28 128.053229  72.274155  2.225
 64     1.175 54467.13839836 14.15 128.089453  72.278317  2.326
 64     1.232 54467.13839900 15.19 128.083933  72.275417  2.326
 64     1.197 54467.13839965 15.98 128.078413  72.272527  2.326
 65     1.147 54502.13839095 13.42 128.076499  72.284037  2.533
 65     1.350 54502.13839160 14.30 128.070979  72.281147  2.533
 65     1.391 54502.13839224 15.31 128.065469  72.278247  2.533
 65     1.527 54502.13839289 16.08 128.059949  72.275347  2.533
 66     1.200 54537.13841344 12.43 128.081941  72.281530  2.158
 66     1.315 54537.13841409 13.38 128.076421  72.278640  2.158
 66     1.273 54537.13841473 14.14 128.070901  72.275740  2.158
 66     1.418 54537.13841538 14.76 128.065391  72.272850  2.158
 67     1.684 54572.13839297 10.44 128.068082  72.283109  1.933
 67     1.554 54572.13839362 10.68 128.062572  72.280219  1.933
 67     1.534 54572.13839426 11.13 128.057052  72.277319  1.933
 67     1.450 54572.13839491 11.56 128.051542  72.274419  1.933
 68     1.556 54607.13840684 10.99 128.083552  72.281479  4.799
 68     1.407 54607.13840749 11.94 128.078032  72.278579  4.799
 68     1.267 54607.13840813 12.86 128.072522  72.275689  4.799
 69     8.228 54642.13841581 13.26 128.078639  72.282577 12.625
 69     7.219 54642.13841646 12.59 128.073129  72.279677 12.625
 69     6.117 54642.13841710 13.02 128.067609  72.276787 12.625
 69     4.657 54642.13841775 13.04 128.062089  72.273887 12.625
 70     1.516 54677.13841724 44.60 128.085266  72.284196 22.713
 70     1.342 54677.13841789 44.73 128.079746  72.281306 22.713
 70     1.164 54677.13841853 39.13 128.074236  72.278406 22.713
 70     1.196 54677.13841918 38.27 128.068716  72.275516 22.713
 71     6.392 54712.13837170 22.40 128.071414  72.285541 11.923
 71     7.855 54712.13837234 17.71 128.065894  72.282651 11.923
 71     7.239 54712.13837298 15.63 128.060384  72.279751 11.923
 71     5.912 54712.13837363 15.19 128.054864  72.276851 11.923
 71     4.528 54712.13837427 14.80 128.049354  72.273961 11.923
 72     1.502 54747.13838595 43.88 128.088653  72.282491 20.534
 72     1.470 54747.13838659 46.61 128.083133  72.279591 20.534
 72     1.508 54747.13838724 46.17 128.077613  72.276701 20.534
 73     1.769 54782.13835799 24.96 128.079791  72.283356  3.699
 73     1.500 54782.13835863 26.15 128.074281  72.280456  3.699
 73     1.564 54782.13835928 27.18 128.068761  72.277566  3.699
 73     1.492 54782.13835992 27.39 128.063241  72.274666  3.699
 74     1.492 54817.13837888 21.74 128.089555  72.281587  3.361
 74     1.542 54817.13837952 22.85 128.084035  72.278687  3.361
 74     1.555 54817.13838017 23.50 128.078515  72.275797  3.361
 75     1.574 54852.13835555 22.93 128.077100  72.283537  3.748
 75     1.631 54852.13835620 23.33 128.071580  72.280647  3.748
 75     1.460 54852.13835684 25.05 128.066060  72.277747  3.748
 75     1.429 54852.13835749 25.87 128.060550  72.274857  3.748
 76     1.523 54887.13838356 22.98 128.082218  72.281219  3.551
 76     1.562 54887.13838420 24.46 128.076698  72.278329  3.551
 76     1.417 54887.13838485 26.07 128.071178  72.275429  3.551
 77     1.754 54922.13835621 17.94 128.063594  72.285980  3.003
 77     1.588 54922.13835814 20.09 128.047054  72.277290  3.003
 77     1.451 54922.13835879 20.82 128.041534  72.274400  3.003
 78     1.705 54957.13837932  8.41 128.089922  72.281836  2.114
 78     1.681 54957.13837996  8.76 128.084402  72.278936  2.114
 78     1.700 54957.13838061  9.22 128.078882  72.276046  2.114
 79     4.555 54992.13840240 43.58 128.082000  72.282853 21.717
 79     4.600 54992.13840305 46.50 128.076480  72.279953 21.717
 79     4.546 54992.13840369 41.23 128.070960  72.277063 21.717
 79     4.620 54992.13840434 43.82 128.065450  72.274163 21.717
 80     1.755 55027.13839305 23.51 128.079576  72.283448 12.052
 80     1.587 55027.13839369 18.14 128.074056  72.280548 12.052
 80     1.731 55027.13839434 14.97 128.068546  72.277658 12.052
 80     3.096 55027.13839498 14.44 128.063026  72.274758 12.052
 81     1.436 55062.13838569 48.28 128.083224  72.283433 24.785
 81     1.320 55062.13838633 53.15 128.077714  72.280543 24.785
 81     1.363 55062.13838698 53.24 128.072194  72.277643 24.785
 81     1.502 55062.13838762 51.47 128.066674  72.274753 24.785
 82     1.492 55097.13833425 43.19 128.063684  72.285865 15.095
 82     1.317 55097.13833618 42.48 128.047144  72.277175 15.095
 82     1.183 55097.13833682 41.90 128.041634  72.274275 15.095
 84     1.589 55167.13829613 13.42 128.080633  72.285216  3.054
 84     1.696 55167.13829678 13.71 128.075113  72.282316  3.054
 84     1.656 55167.13829742 14.33 128.069593  72.279426  3.054
 84     1.609 55167.13829807 15.00 128.064083  72.276526  3.054
 84     1.651 55167.13829871 15.60 128.058563  72.273636  3.054
 85     1.474 55202.13832126 13.28 128.087800  72.282169  3.288
 85     1.474 55202.13832191 14.06 128.082280  72.279269  3.288
 85     1.496 55202.13832255 15.13 128.076760  72.276379  3.288
 86     1.534 55237.13830345 13.38 128.073084  72.285012  2.682
 86     1.597 55237.13830410 13.94 128.067564  72.282122  2.682
 86     1.491 55237.13830474 14.78 128.062054  72.279222  2.682
 86     1.580 55237.13830539 16.33 128.056534  72.276332  2.682
 87     1.334 55272.13831527 12.61 128.084695  72.284267  3.187
 87     1.371 55272.13831592 13.09 128.079175  72.281367  3.187
 87     1.483 55272.13831656 13.81 128.073655  72.278477  3.187
 87     1.443 55272.13831721 14.56 128.068145  72.275577  3.187
 88     1.538 55307.13828555 11.82 128.067482  72.284814  2.524
 88     1.494 55307.13828619 12.62 128.061962  72.281924  2.524
 88     1.543 55307.13828748 13.87 128.050942  72.276124  2.524
 89     9.894 55342.13828531 26.91 128.084822  72.282386 15.657
 89     8.667 55342.13828596 26.21 128.079302  72.279496 15.657
 89     1.872 55342.13828660 29.02 128.073782  72.276596 15.657
 90     6.961 55377.13827894 18.29 128.078236  72.283944 10.155
 90     1.780 55377.13827958 19.19 128.072726  72.281044 10.155
 90     3.411 55377.13828023 16.02 128.067206  72.278154 10.155
 90     3.296 55377.13828087 14.90 128.061686  72.275254 10.155
 91     1.285 55412.13830245 38.51 128.089562  72.281640 18.752
 91     0.890 55412.13830309 34.47 128.084042  72.278740 18.752
 91     0.961 55412.13830374 34.27 128.078522  72.275850 18.752
 92     1.289 55447.13829378 44.00 128.078846  72.282469 12.763
 92     1.344 55447.13829442 45.00 128.073326  72.279579 12.763
 92     1.195 55447.13829507 44.07 128.067806  72.276679 12.763
 92     1.311 55447.13829571 44.52 128.062296  72.273779 12.763
 93     1.453 55482.13822466 24.48 128.061139  72.284835  4.330
 93     1.263 55482.13822595 25.52 128.050119  72.279035  4.330
 93     1.382 55482.13822660 24.73 128.044599  72.276145  4.330
