# NaN NaN NaN ;Mean Elev.(m), Avg Gradient(m/km), RMS Gradient(m/km) - SRTM1     
#    3.145   0.111   6.532 ;Mean Elev.(m), Avg Gradient(m/km), RMS Gradient(m/km) - ASTER GDEM
#    1.400   0.061   4.965 ;Mean Elev.(m), Avg Gradient(m/km), RMS Gradient(m/km) - GMTED2010 
  6 127.184245  72.564684     9.228     9.191  3 52440.14238956 25.826
  8 127.185764  72.564795     9.085     9.085  2 52510.14234603 21.743
 11 127.171320  72.563646     2.885     2.640  6 52615.14235513 19.728
 15 127.167846  72.564901     2.129     1.753  7 52755.14239481 13.633
 19 127.183911  72.563134     9.262     9.262  2 52895.14248948 22.499
 20 127.169630  72.566126     2.922     2.892  7 52930.14243845 43.312
 22 127.181759  72.563479     3.999     3.999  2 53000.14246381 12.348
 23 127.171354  72.564894     2.974     2.946  6 53035.14241321 12.556
 25 127.165392  72.565481     1.966     1.969  8 53105.14241485  9.600
 28 127.186028  72.563667     9.346     9.346  2 53210.14249021 22.397
 29 127.184183  72.564304     9.175     9.175  2 53245.14245807 25.028
 32 127.187552  72.563961     2.057     2.057  2 53350.14242385 19.457
 38 127.178353  72.563739     9.024     9.220  4 53560.14251144 23.945
 39 127.181234  72.563602     9.112     9.026  3 53595.14244959 26.042
 42 127.184131  72.563510     7.041     7.041  2 53700.14242121 16.235
 43 127.171493  72.564265     4.101     3.871  6 53735.14234353 15.707
 45 127.179598  72.564027     3.362     3.808  4 53805.14232493 14.498
 49 127.180899  72.564961     7.124     9.040  4 53945.14245841 22.927
 50 127.174413  72.564370     6.309     6.187  6 53980.14240615 25.865
 54 127.164179  72.565686     4.033     3.541  9 54120.14234612 16.257
 56 127.171002  72.564741     3.698     3.330  7 54190.14234273 11.397
 60 127.183132  72.563298     9.141     9.141  2 54330.14240413 25.766
 61 127.169086  72.564132     6.560     5.980  7 54365.14234929 26.237
 63 127.173524  72.562974     1.249     1.296  5 54435.14230337 20.478
 65 127.173684  72.563022     2.582     2.696  6 54505.14231730 14.255
 67 127.171929  72.563265     3.450     3.419  6 54575.14231822 10.781
 71 127.171139  72.564231     7.733     8.282  6 54715.14229620 24.457
 73 127.181224  72.564417     3.438     3.207  4 54785.14228468 22.558
 75 127.180400  72.563194     4.010     4.642  3 54855.14228131 17.998
 77 127.168495  72.565108     3.406     3.502  7 54925.14228047 16.194
 81 127.185435  72.564050     9.307     9.307  2 55065.14231310 21.916
 82 127.169669  72.566886     6.052     6.375  8 55100.14225638 23.602
 84 127.177789  72.564134     4.027     4.209  4 55170.14222195 13.455
 86 127.171860  72.563296     4.187     4.181  6 55240.14222871 11.230
 87 127.183332  72.562991     5.062     5.062  2 55275.14224560  9.496
 88 127.174918  72.565086     3.715     3.692  6 55310.14221194  8.829
 90 127.180814  72.563363     9.180     9.212  3 55380.14220796 25.037
 92 127.181163  72.563847     9.128     9.212  4 55450.14221978 26.482
 93 127.167357  72.564914     2.285     2.279  8 55485.14214520 45.667
