# NaN NaN NaN ;Mean Elev.(m), Avg Gradient(m/km), RMS Gradient(m/km) - SRTM1     
#   50.273  -3.516  11.772 ;Mean Elev.(m), Avg Gradient(m/km), RMS Gradient(m/km) - ASTER GDEM
#   47.861  -2.700  16.433 ;Mean Elev.(m), Avg Gradient(m/km), RMS Gradient(m/km) - GMTED2010 
  8    69.896 52499.10636646 37.39 129.177955  63.506704 16.316
  8    69.375 52499.10636710 45.42 129.175255  63.503574 16.316
  8    69.742 52499.10636775 37.30 129.172565  63.500444 16.316
 10    69.051 52569.10638308 32.60 129.185764  63.502265 15.612
 10    68.931 52569.10638373 39.88 129.183064  63.499135 15.612
 11    75.937 52604.10636837 18.67 129.175446  63.508156  7.239
 11    75.184 52604.10636902 20.06 129.172751  63.505027  6.910
 11    74.134 52604.10636966 21.00 129.170051  63.501897  6.910
 12    73.752 52639.10634853 17.23 129.187566  63.501903  3.673
 12    72.431 52639.10634918 16.47 129.184866  63.498773  3.673
 13    75.785 52674.10634470 13.78 129.178143  63.506649  3.222
 13    74.152 52674.10634534 13.81 129.175453  63.503519  3.222
 13    71.736 52674.10634598 14.31 129.172753  63.500389  3.222
 14    74.011 52709.10635875 11.40 129.186802  63.502037  3.030
 14    71.390 52709.10635940 12.10 129.184102  63.498907  3.030
 15    73.944 52744.10638792  9.93 129.172078  63.505711  2.507
 15    72.896 52744.10638856 10.14 129.169388  63.502581  2.507
 19    70.939 52884.10649559 45.42 129.180491  63.507642 35.339
 19    70.277 52884.10649623 40.88 129.177791  63.504512 35.339
 19    70.266 52884.10649688 51.38 129.175091  63.501382 35.339
 20    69.777 52919.10645219 38.92 129.177150  63.507317 22.905
 20    69.777 52919.10645283 28.07 129.174450  63.504187 22.905
 20    69.438 52919.10645348 25.07 129.171760  63.501057 22.905
 21    69.693 52954.10641606 27.76 129.195101  63.500044  6.166
 21    69.733 52954.10641671 27.00 129.192401  63.496914  6.166
 22    73.357 52989.10642430 15.96 129.189472  63.500302  3.142
 22    72.872 52989.10642495 15.71 129.186782  63.497172  3.142
 23    75.347 53024.10640776 14.12 129.186087  63.508978  3.964
 23    74.939 53024.10640841 13.25 129.183387  63.505848  3.049
 23    74.456 53024.10640905 13.19 129.180697  63.502718  3.049
 23    73.051 53024.10640970 13.48 129.177997  63.499588  3.049
 24    73.944 53059.10640581 12.52 129.190535  63.500084  2.890
 24    72.643 53059.10640645 12.63 129.187835  63.496954  2.890
 25    75.679 53094.10644325 10.98 129.166353  63.506298  2.711
 25    75.188 53094.10644390 10.76 129.163653  63.503168  2.711
 25    74.320 53094.10644454 11.24 129.160963  63.500038  2.711
 28    72.257 53199.10648324 32.00 129.184284  63.505209 20.138
 28    71.840 53199.10648389 39.38 129.181584  63.502079 20.138
 28    71.745 53199.10648453 45.01 129.178894  63.498949 20.138
 29    70.819 53234.10645404 29.72 129.183572  63.501985 21.521
 29    73.651 53234.10645468 23.54 129.180872  63.498855 21.521
 30    70.574 53269.10642091 26.06 129.165950  63.505871 22.238
 30    70.712 53269.10642156 22.23 129.163250  63.502741 22.238
 31    73.918 53304.10648129 17.43 129.181418  63.504051  5.386
 31    70.983 53304.10648193 17.51 129.178718  63.500921  5.386
 32    74.466 53339.10644974 12.11 129.179010  63.507438  2.296
 32    73.631 53339.10645038 12.01 129.176320  63.504308  2.296
 32    71.610 53339.10645103 11.90 129.173620  63.501178  2.296
 33    76.137 53374.10638200 11.20 129.173656  63.507934  2.626
 33    74.694 53374.10638264 10.67 129.170966  63.504804  2.626
 33    72.325 53374.10638329 10.88 129.168276  63.501674  2.626
 35    73.619 53444.10640789  9.08 129.168000  63.505186  2.484
 35    72.488 53444.10640853  9.26 129.165310  63.502056  2.484
 36    72.286 53479.10648504  2.61 129.182098  63.504247  2.006
 36    71.461 53479.10648568  2.36 129.179398  63.501117  2.006
 37    73.657 53514.10649228 30.43 129.184934  63.508388 23.680
 37    73.636 53514.10649293 33.37 129.182234  63.505258 23.680
 37    73.800 53514.10649357 37.83 129.179544  63.502128 23.680
 37    73.563 53514.10649422 44.36 129.176844  63.498998 23.680
 38    71.690 53549.10651143 42.80 129.175463  63.507637 32.438
 38    71.802 53549.10651208 49.39 129.172773  63.504507 32.438
 38    71.670 53549.10651272 55.27 129.170073  63.501377 32.438
 39    76.665 53584.10647503 15.36 129.181781  63.508781 24.094
 39    75.840 53584.10647568 15.60 129.179081  63.505651 24.094
 39    73.909 53584.10647632 17.46 129.176391  63.502521 24.094
 39    73.943 53584.10647697 31.98 129.173691  63.499391 24.094
 40    70.973 53619.10643234 23.63 129.165427  63.506877 18.020
 40    71.146 53619.10643298 22.05 129.162737  63.503747 18.020
 40    71.234 53619.10643363 24.33 129.160037  63.500617 18.020
 41    69.573 53654.10645712 38.67 129.185217  63.502694 14.905
 41    69.375 53654.10645776 49.62 129.182517  63.499564 14.905
 42    71.887 53689.10645337 17.92 129.178251  63.506265  4.013
 42    69.530 53689.10645401 18.36 129.175561  63.503135  4.013
 42    69.721 53689.10645466 18.66 129.172861  63.500005  4.013
 43    73.564 53724.10637819 14.13 129.171499  63.506164  2.974
 43    74.060 53724.10637884 14.44 129.168809  63.503034  2.974
 44    72.892 53759.10631966 14.06 129.194308  63.498286  2.675
 44    71.189 53759.10632031 14.05 129.191618  63.495156  2.675
 45    75.049 53794.10633815 14.29 129.183568  63.508534  2.861
 45    73.136 53794.10633880 13.63 129.180878  63.505404  2.861
 45    72.175 53794.10633944 13.26 129.178178  63.502274  2.861
 45    73.271 53794.10634009 12.98 129.175488  63.499144  2.861
 46    72.313 53829.10631340 11.97 129.194219  63.498884  2.813
 46    70.471 53829.10631405 12.77 129.191519  63.495754  2.813
 47    70.159 53864.10639361 32.63 129.185112  63.503919 18.234
 47    69.866 53864.10639426 28.04 129.182414  63.500793 19.552
 48    76.023 53899.10641859 51.23 129.183148  63.503248 33.892
 48    76.158 53899.10641923 49.54 129.180448  63.500118 33.892
 49    77.310 53934.10646261 26.04 129.173353  63.507066 15.268
 49    70.887 53934.10646325 23.36 129.170663  63.503936 15.268
 49    73.486 53934.10646390 22.65 129.167964  63.500806 23.825
 50    76.171 53969.10643366 23.60 129.173369  63.506959 18.877
 50    71.772 53969.10643430 19.00 129.170669  63.503829 18.877
 50    71.776 53969.10643495 19.29 129.167979  63.500709 18.877
 51    72.285 54004.10640697 53.04 129.193707  63.497979 38.813
 51    72.621 54004.10640761 47.55 129.191017  63.494849 38.813
 52    73.978 54039.10644008 14.26 129.187442  63.500870 12.529
 52    73.341 54039.10644072 15.13 129.184749  63.497734  5.500
 53    75.341 54074.10643368 13.48 129.182456  63.507156  6.120
 53    74.878 54074.10643433 13.25 129.179756  63.504026  6.120
 53    73.867 54074.10643497 13.06 129.177065  63.500898  3.601
 54    73.030 54109.10638049 12.26 129.164658  63.504174  3.275
 54    71.805 54109.10638113 12.15 129.161968  63.501044  3.275
 55    74.339 54144.10637177 11.17 129.185995  63.501573  3.003
 55    73.087 54144.10637242 11.32 129.183295  63.498453  3.003
 57    70.504 54214.10637932  9.30 129.184439  63.502700  6.987
 57    70.872 54214.10637996  9.81 129.181739  63.499570  6.987
 58    75.856 54249.10640664 25.90 129.184454  63.505219 24.253
 58    75.910 54249.10640728 26.78 129.181764  63.502089 24.253
 58    76.455 54249.10640793 36.01 129.179064  63.498959 24.253
 59    72.954 54284.10641457 23.10 129.182838  63.506342 21.409
 59    73.053 54284.10641521 20.25 129.180148  63.503212 21.409
 59    74.009 54284.10641586 24.75 129.177448  63.500082 21.409
 60    74.883 54319.10641172 26.05 129.184743  63.508391 21.577
 60    71.593 54319.10641236 22.47 129.182043  63.505261 21.577
 60    71.436 54319.10641301 25.36 129.179343  63.502131 21.577
 60    74.003 54319.10641365 22.99 129.176653  63.499001 21.577
 61    76.661 54354.10637557 29.02 129.176135  63.508531 19.419
 61    70.562 54354.10637621 32.59 129.173435  63.505401 19.419
 61    70.734 54354.10637686 21.21 129.170745  63.502271 19.419
 62    75.717 54389.10635165 22.69 129.188266  63.509281 16.151
 62    69.814 54389.10635294 30.02 129.182876  63.503021 16.151
 62    70.172 54389.10635358 31.65 129.180186  63.499891 16.151
 63    76.429 54424.10632574 14.37 129.178464  63.507100  3.895
 63    75.653 54424.10632639 14.27 129.175774  63.503970  3.895
 63    73.829 54424.10632703 14.30 129.173074  63.500840  3.895
 65    76.697 54494.10632975 11.08 129.181099  63.509082  3.030
 65    76.150 54494.10633040 10.97 129.178409  63.505952  3.030
 65    75.494 54494.10633104 11.39 129.175709  63.502822  3.030
 65    72.324 54494.10633168 11.78 129.173019  63.499692  3.030
 66    74.504 54529.10634120 10.23 129.186361  63.501121  3.950
 66    73.187 54529.10634184 10.66 129.183661  63.497991  3.950
 67    76.524 54564.10633712  7.57 129.173897  63.507783  2.798
 67    74.842 54564.10633776  7.64 129.171207  63.504653  2.798
 67    74.039 54564.10633841  7.78 129.168507  63.501523  2.798
 68    70.874 54599.10633593 36.47 129.183520  63.505153 22.507
 68    69.455 54599.10633657 44.90 129.180820  63.502023 22.507
 68    73.025 54599.10633722 35.84 129.178130  63.498893 22.507
 69    73.383 54634.10634808 38.21 129.184527  63.508908 28.956
 69    73.351 54634.10634873 43.64 129.181837  63.505778 28.956
 69    73.310 54634.10634937 44.73 129.179137  63.502648 28.956
 69    73.174 54634.10635002 46.14 129.176437  63.499518 28.956
 70    70.637 54669.10635295 40.13 129.182341  63.509025 20.518
 70    69.916 54669.10635359 37.34 129.179651  63.505895 20.518
 70    69.900 54669.10635424 30.46 129.176951  63.502765 20.518
 70    73.965 54669.10635488 25.04 129.174251  63.499635 20.518
 71    76.289 54704.10631727 26.20 129.177727  63.507798 23.231
 71    71.778 54704.10631791 40.76 129.175027  63.504668 23.231
 71    72.228 54704.10631856 41.77 129.172337  63.501538 23.231
 72    71.212 54739.10631615 49.10 129.187303  63.503033 29.539
 72    71.415 54739.10631680 49.09 129.184613  63.499903 29.539
 73    75.558 54774.10629846 21.26 129.180718  63.508359  5.890
 73    75.754 54774.10629910 20.10 129.178018  63.505229  5.890
 73    71.358 54774.10629975 21.36 129.175328  63.502099  5.890
 73    70.488 54774.10630039 22.83 129.172628  63.498969  5.890
 75    73.415 54844.10629648 12.78 129.180245  63.507770  2.524
 75    72.337 54844.10629713 12.06 129.177545  63.504640  2.524
 75    71.351 54844.10629777 12.10 129.174855  63.501510  2.524
 76    74.460 54879.10631306 11.32 129.183162  63.503490  2.897
 76    73.478 54879.10631371 10.80 129.180462  63.500360  2.897
 77    73.951 54914.10630134  9.78 129.171041  63.505379  2.461
 77    72.988 54914.10630199  9.96 129.168351  63.502249  2.461
 78    70.301 54949.10630478 38.60 129.184057  63.504942 21.723
 78    69.712 54949.10630542 46.11 129.181367  63.501812 21.723
 78    69.675 54949.10630607 43.97 129.178667  63.498692 21.723
 79    75.576 54984.10632970 49.15 129.183092  63.506732 34.671
 79    74.835 54984.10633034 53.40 129.180392  63.503602 34.671
 79    74.840 54984.10633099 52.63 129.177702  63.500472 34.671
 80    72.477 55019.10632599 49.39 129.184458  63.507789 33.003
 80    72.262 55019.10632663 50.89 129.181758  63.504659 33.003
 80    72.163 55019.10632727 49.93 129.179068  63.501529 33.003
 81    75.819 55054.10632206 16.95 129.182045  63.507378 18.291
 81    72.705 55054.10632270 16.77 129.179345  63.504248 18.291
 81    74.149 55054.10632335 16.44 129.176655  63.501118 18.291
 82    70.573 55089.10628353 41.08 129.171903  63.505752 31.985
 82    70.179 55089.10628417 41.20 129.169213  63.502622 31.985
 83    70.224 55124.10626017 44.83 129.184492  63.501713 21.614
 83    70.040 55124.10626081 49.05 129.181792  63.498583 21.614
 84    74.920 55159.10624436 18.47 129.176186  63.506325  3.715
 84    74.448 55159.10624501 18.38 129.173486  63.503195  3.715
 84    71.543 55159.10624565 18.31 129.170796  63.500065  3.715
 85    74.032 55194.10624980 15.72 129.188808  63.502411  3.060
 85    72.565 55194.10625045 15.03 129.186118  63.499281  3.060
 87    74.060 55264.10624543 12.02 129.182353  63.502242  2.988
 87    70.758 55264.10624607 12.24 129.179653  63.499112  2.988
 88    73.945 55299.10622891 11.65 129.176521  63.508430  2.780
 88    73.300 55299.10622956 10.87 129.173821  63.505300  2.780
 88    70.100 55299.10623020 11.61 129.171131  63.502170  2.780
 89    76.587 55334.10622207 21.41 129.180751  63.507355 13.922
 89    76.105 55334.10622272 20.33 129.178051  63.504225 13.922
 89    75.360 55334.10622336 20.63 129.175361  63.501095 13.922
 90    76.302 55369.10621325 21.97 129.183026  63.508305 13.216
 90    73.097 55369.10621389 19.72 129.180326  63.505175 13.216
 90    73.867 55369.10621454 19.18 129.177636  63.502045 13.216
 90    74.221 55369.10621518 21.05 129.174936  63.498915 13.216
 91    70.147 55404.10623096 33.88 129.186092  63.501437 26.793
 91    73.998 55404.10623161 25.80 129.183402  63.498307 26.793
 92    70.499 55439.10623174 31.49 129.180531  63.506635 21.808
 92    70.223 55439.10623239 31.03 129.177831  63.503505 21.808
 92    73.595 55439.10623303 26.37 129.175141  63.500375 21.808
 93    75.817 55474.10617869 30.30 129.173515  63.507046 13.037
 93    69.889 55474.10617933 24.65 129.170825  63.503916 13.037
 93    70.602 55474.10617998 24.86 129.168135  63.500786 13.037
