# NaN NaN NaN ;Mean Elev.(m), Avg Gradient(m/km), RMS Gradient(m/km) - SRTM1     
#  116.301 -15.367  22.927 ;Mean Elev.(m), Avg Gradient(m/km), RMS Gradient(m/km) - ASTER GDEM
#  126.082 -14.597  24.076 ;Mean Elev.(m), Avg Gradient(m/km), RMS Gradient(m/km) - GMTED2010 
  6   126.363 52441.12295192 23.34 121.161673  60.627409  5.576
  6   123.673 52441.12295257 22.35 121.159403  60.624249  5.576
  6   123.718 52441.12295321 22.41 121.157133  60.621079  5.576
  6   123.532 52441.12295385 22.99 121.154863  60.617919  5.576
  6   123.325 52441.12295450 23.33 121.152593  60.614759  5.576
  6   123.369 52441.12295514 22.35 121.150323  60.611589  5.576
  6   123.531 52441.12295579 22.04 121.148053  60.608429  5.576
  6   123.524 52441.12295643 22.43 121.145793  60.605269  5.576
  6   123.447 52441.12295708 21.96 121.143523  60.602099  5.576
  7   122.422 52476.12294865 32.83 121.166313  60.627123  9.673
  7   122.116 52476.12294930 27.78 121.164033  60.623953  9.673
  7   122.023 52476.12294994 21.95 121.161763  60.620793  9.673
  7   121.994 52476.12295059 19.07 121.159493  60.617623  9.673
  7   121.844 52476.12295123 18.28 121.157223  60.614463  9.673
  7   121.907 52476.12295187 16.84 121.154953  60.611303  9.673
  7   122.166 52476.12295252 14.96 121.152693  60.608133  9.673
  7   122.142 52476.12295316 15.38 121.150423  60.604973  9.673
  8   118.685 52511.12290033 32.23 121.172468  60.630117 10.275
  8   119.181 52511.12290097 31.97 121.170198  60.626957 10.275
  8   119.419 52511.12290162 33.62 121.167928  60.623797 10.275
  8   119.603 52511.12290226 37.81 121.165654  60.620633 11.123
  8   119.886 52511.12290291 39.55 121.163384  60.617463 11.123
  8   119.910 52511.12290355 43.47 121.161114  60.614303 11.123
  8   119.912 52511.12290420 42.37 121.158854  60.611133 11.123
  8   119.816 52511.12290484 46.49 121.156584  60.607973 11.123
  9   121.520 52546.12292047 32.21 121.185063  60.631381  7.816
  9   121.501 52546.12292111 28.12 121.182793  60.628221  7.816
  9   120.965 52546.12292176 27.28 121.180523  60.625061  7.816
  9   120.873 52546.12292240 28.24 121.178253  60.621891  7.816
  9   121.044 52546.12292305 31.36 121.175983  60.618731  7.816
  9   121.064 52546.12292369 30.95 121.173703  60.615571  7.816
  9   121.145 52546.12292434 31.40 121.171433  60.612411  7.816
 10   117.340 52581.12294319 28.32 121.175431  60.630067 21.963
 10   117.601 52581.12294384 32.05 121.173161  60.626907 21.963
 10   117.723 52581.12294448 36.27 121.170891  60.623747 21.963
 10   117.826 52581.12294513 46.11 121.168621  60.620577 21.963
 10   117.887 52581.12294577 46.39 121.166351  60.617417 21.963
 10   117.875 52581.12294642 46.40 121.164081  60.614257 21.963
 10   117.872 52581.12294706 43.20 121.161811  60.611087 21.963
 10   117.850 52581.12294771 43.91 121.159541  60.607927 21.963
 11   118.202 52616.12291434 18.93 121.157607  60.625994 11.563
 11   118.411 52616.12291498 20.03 121.155337  60.622834 11.563
 11   118.709 52616.12291563 20.73 121.153067  60.619674 11.563
 11   118.736 52616.12291627 23.13 121.150797  60.616504 11.563
 11   118.902 52616.12291692 24.88 121.148527  60.613344 11.563
 11   118.868 52616.12291756 25.76 121.146257  60.610184 11.563
 11   118.977 52616.12291821 26.59 121.143987  60.607014 11.563
 11   118.873 52616.12291885 25.20 121.141727  60.603854 11.563
 11   118.840 52616.12291950 25.62 121.139457  60.600684 11.563
 12   118.999 52651.12288967 16.14 121.184204  60.630623  7.236
 12   119.469 52651.12289031 15.89 121.181925  60.627456  6.859
 12   118.258 52651.12289096 17.37 121.179655  60.624296  6.859
 12   118.204 52651.12289160 18.03 121.177385  60.621136  6.859
 12   118.270 52651.12289225 19.52 121.175115  60.617966  6.859
 12   118.146 52651.12289289 18.64 121.172845  60.614806  6.859
 13   117.541 52686.12288062 13.96 121.169246  60.628783  6.876
 13   117.641 52686.12288126 15.33 121.166976  60.625613  6.876
 13   117.819 52686.12288190 15.72 121.164706  60.622453  6.876
 13   117.970 52686.12288255 16.21 121.162436  60.619293  6.876
 13   118.080 52686.12288319 16.92 121.160166  60.616123  6.876
 13   118.048 52686.12288384 16.53 121.157896  60.612963  6.876
 13   117.982 52686.12288448 17.11 121.155626  60.609793  6.876
 13   117.959 52686.12288513 17.26 121.153356  60.606633  6.876
 14   117.607 52721.12293008 13.24 121.173557  60.629842  4.018
 14   118.237 52721.12293072 13.75 121.171277  60.626672  4.018
 14   117.974 52721.12293137 14.74 121.169007  60.623512  4.018
 14   118.074 52721.12293201 15.62 121.166737  60.620352  4.018
 14   118.159 52721.12293265 15.14 121.164467  60.617182  4.018
 14   118.215 52721.12293330 15.37 121.162197  60.614022  4.018
 14   118.067 52721.12293394 16.05 121.159927  60.610852  4.018
 14   118.054 52721.12293459 15.29 121.157657  60.607692  4.018
 15   124.393 52756.12295557 20.17 121.148641  60.622301 16.689
 15   129.873 52756.12295622 11.97 121.146371  60.619131 16.689
 15   129.149 52756.12295686 11.16 121.144101  60.615971 16.689
 15   126.278 52756.12295751 12.29 121.141831  60.612801 16.689
 15   127.315 52756.12295815 12.70 121.139561  60.609641 16.689
 15   123.630 52756.12295880 12.48 121.137301  60.606481 16.689
 15   121.883 52756.12295944 12.31 121.135031  60.603311 16.689
 15   120.724 52756.12296009 14.34 121.132761  60.600151 16.689
 15   120.916 52756.12296073 14.59 121.130491  60.596991 16.689
 16   126.653 52791.12290207 24.52 121.188083  60.632205  8.525
 16   127.323 52791.12290272 20.47 121.185813  60.629045  8.525
 18   124.738 52861.12301685 20.86 121.187565  60.632709  7.443
 18   124.595 52861.12301749 16.22 121.185295  60.629549  7.443
 18   122.594 52861.12302007 17.09 121.176205  60.616899  7.443
 18   123.304 52861.12302071 15.04 121.173935  60.613729  7.443
 19   122.773 52896.12304866 29.01 121.166779  60.627802 24.940
 19   122.171 52896.12304930 32.93 121.164509  60.624632 24.940
 19   122.119 52896.12304995 43.34 121.162239  60.621472 24.940
 19   120.706 52896.12305059 51.50 121.159969  60.618312 24.940
 19   121.166 52896.12305124 51.51 121.157699  60.615142 24.940
 19   120.705 52896.12305188 50.28 121.155429  60.611982 24.940
 19   120.758 52896.12305253 52.71 121.153159  60.608822 24.940
 19   120.761 52896.12305317 53.19 121.150889  60.605652 24.940
 20   118.977 52931.12299768 31.87 121.154404  60.624414 25.668
 20   119.140 52931.12299832 35.25 121.152134  60.621254 25.668
 20   119.372 52931.12299897 41.59 121.149864  60.618094 25.668
 20   119.284 52931.12299961 40.00 121.147604  60.614924 25.668
 20   119.347 52931.12300025 41.64 121.145334  60.611764 25.668
 20   119.390 52931.12300090 40.45 121.143064  60.608604 25.668
 20   119.368 52931.12300154 43.88 121.140794  60.605434 25.668
 20   119.520 52931.12300219 43.45 121.138534  60.602274 25.668
 20   119.501 52931.12300283 47.03 121.136264  60.599104 25.668
 21   125.195 52966.12299209 15.41 121.186814  60.631522 12.871
 21   127.333 52966.12299273 14.69 121.184541  60.628358 19.626
 21   125.869 52966.12299338 15.97 121.182271  60.625198 19.626
 21   127.822 52966.12299402 16.64 121.180001  60.622038 19.626
 21   126.210 52966.12299467 16.83 121.177721  60.618868 19.626
 21   127.419 52966.12299531 18.00 121.175451  60.615708 19.626
 22   120.516 53001.12302380 12.05 121.164137  60.629006  9.580
 22   120.257 53001.12302444 13.38 121.161867  60.625846  9.580
 22   120.606 53001.12302509 13.76 121.159597  60.622686  9.580
 22   120.784 53001.12302573 14.72 121.157327  60.619516  9.580
 22   119.419 53001.12302638 16.01 121.155057  60.616356  9.580
 22   119.513 53001.12302702 17.42 121.152787  60.613196  9.580
 22   119.313 53001.12302767 17.68 121.150517  60.610026  9.580
 22   119.373 53001.12302831 17.32 121.148247  60.606866  9.580
 22   119.240 53001.12302896 16.86 121.145977  60.603696  9.580
 23   121.158 53036.12297337  9.54 121.158266  60.627214 10.905
 23   121.490 53036.12297401 10.56 121.155996  60.624054 10.905
 23   122.289 53036.12297466  9.78 121.153726  60.620894 10.905
 23   120.981 53036.12297530 11.37 121.151456  60.617724 10.905
 23   120.699 53036.12297595 12.34 121.149186  60.614564 10.905
 23   120.730 53036.12297659 12.07 121.146916  60.611404 10.905
 23   120.078 53036.12297724 12.42 121.144646  60.608234 10.905
 23   120.116 53036.12297788 12.55 121.142386  60.605074 10.905
 23   119.599 53036.12297853 12.25 121.140116  60.601904 10.905
 24   120.654 53071.12299403  7.61 121.173513  60.629990  9.007
 24   120.934 53071.12299467  7.54 121.171243  60.626830  9.007
 24   121.471 53071.12299532  7.21 121.168963  60.623660  9.007
 24   121.061 53071.12299596  6.98 121.166693  60.620500  9.007
 24   121.377 53071.12299661  7.22 121.164423  60.617340  9.007
 24   121.524 53071.12299725  6.76 121.162153  60.614170  9.007
 24   121.095 53071.12299789  7.25 121.159883  60.611010  9.007
 24   120.744 53071.12299854  7.82 121.157623  60.607850  9.007
 28   121.374 53211.12305082 26.75 121.167575  60.626868  9.924
 28   121.225 53211.12305146 22.57 121.165305  60.623708  9.924
 28   120.846 53211.12305211 19.27 121.163035  60.620548  9.924
 28   120.600 53211.12305275 18.19 121.160765  60.617378  9.924
 28   120.519 53211.12305339 17.18 121.158495  60.614218  9.924
 28   120.468 53211.12305404 15.44 121.156225  60.611058  9.924
 28   120.515 53211.12305468 13.73 121.153955  60.607888  9.924
 29   122.955 53246.12301877 32.09 121.167665  60.628072 12.589
 29   120.583 53246.12301942 25.80 121.165395  60.624912 12.589
 29   120.416 53246.12302006 20.63 121.163125  60.621752 12.589
 29   120.075 53246.12302071 19.61 121.160855  60.618582 12.589
 29   119.954 53246.12302135 19.18 121.158585  60.615422 12.589
 29   119.864 53246.12302200 19.17 121.156315  60.612252 12.589
 29   119.810 53246.12302264 17.04 121.154045  60.609092 12.589
 29   119.630 53246.12302329 15.97 121.151785  60.605932 12.589
 30   121.604 53281.12300308 43.02 121.181674  60.630402 13.691
 30   121.749 53281.12300372 34.29 121.179404  60.627232 13.691
 30   121.691 53281.12300437 26.32 121.177134  60.624072 13.691
 30   121.315 53281.12300501 23.16 121.174864  60.620912 13.691
 30   121.113 53281.12300566 19.28 121.172594  60.617742 13.691
 30   120.921 53281.12300630 18.68 121.170314  60.614582 13.691
 30   120.457 53281.12300695 17.74 121.168044  60.611422 13.691
 31   120.772 53316.12301517 24.89 121.177592  60.630450 24.452
 31   121.366 53316.12301581 27.71 121.175322  60.627290 24.452
 31   120.871 53316.12301645 34.20 121.173052  60.624130 24.452
 31   121.330 53316.12301710 39.80 121.170782  60.620960 24.452
 31   123.987 53316.12301774 40.58 121.168512  60.617800 24.452
 31   121.580 53316.12301839 40.59 121.166242  60.614640 24.452
 31   120.605 53316.12301903 38.08 121.163972  60.611470 24.452
 32   122.888 53351.12298156  9.80 121.170850  60.627650  8.615
 32   127.531 53351.12298220 11.94 121.168590  60.624490  8.615
 32   122.450 53351.12298285 11.32 121.166320  60.621320  8.615
 32   122.837 53351.12298349 10.43 121.164050  60.618160  8.615
 32   123.161 53351.12298414 10.36 121.161780  60.615000  8.615
 32   123.309 53351.12298478  9.37 121.159510  60.611830  8.615
 32   123.634 53351.12298542  9.72 121.157240  60.608670  8.615
 34   123.498 53421.12296893  6.30 121.180364  60.630121  8.561
 34   122.837 53421.12296958  6.76 121.178084  60.626951  8.561
 34   122.583 53421.12297022  6.91 121.175814  60.623791  8.561
 34   122.740 53421.12297087  6.71 121.173544  60.620631  8.561
 34   122.515 53421.12297151  6.75 121.171274  60.617461  8.561
 34   122.326 53421.12297216  7.24 121.169004  60.614301  8.561
 34   121.936 53421.12297280  6.76 121.166734  60.611131  8.561
 35   126.906 53456.12297349  6.33 121.191752  60.633485  9.986
 35   127.470 53456.12297414  5.72 121.189482  60.630315  9.986
 35   127.435 53456.12297478  6.19 121.187202  60.627155  9.986
 35   127.302 53456.12297543  5.82 121.184932  60.623995  9.986
 35   122.773 53456.12297671  5.87 121.180392  60.617665  9.986
 35   126.536 53456.12297736  6.60 121.178122  60.614505  9.986
 36   138.849 53491.12306322 20.98 121.156408  60.613844 14.031
 36   133.494 53491.12306387 19.82 121.154138  60.610684 14.031
 36   120.220 53491.12306451 20.16 121.151868  60.607524 14.031
 36   125.047 53491.12306515 18.58 121.149608  60.604354 14.031
 37   126.704 53526.12304273 35.10 121.176213  60.627802 16.176
 37   129.509 53526.12304337 32.08 121.173943  60.624642 16.176
 37   126.159 53526.12304402 32.35 121.171673  60.621472 16.176
 37   125.958 53526.12304466 32.75 121.169403  60.618312 16.176
 37   125.322 53526.12304531 32.33 121.167133  60.615152 16.176
 37   125.520 53526.12304595 32.45 121.164863  60.611982 16.176
 38   125.034 53561.12307173 36.44 121.160636  60.626858  9.404
 38   125.003 53561.12307237 35.09 121.158366  60.623698  9.404
 38   124.797 53561.12307302 34.78 121.156096  60.620538  9.404
 38   124.624 53561.12307366 35.99 121.153826  60.617368  9.404
 38   124.637 53561.12307431 35.43 121.151556  60.614208  9.404
 38   124.531 53561.12307495 34.86 121.149286  60.611048  9.404
 38   124.589 53561.12307560 33.23 121.147016  60.607878  9.404
 38   124.654 53561.12307624 33.07 121.144756  60.604718  9.404
 38   124.662 53561.12307689 32.01 121.142486  60.601548  9.404
 39   121.917 53596.12301007 22.87 121.169311  60.627879 13.419
 39   122.402 53596.12301072 21.08 121.167041  60.624719 13.419
 39   121.600 53596.12301136 19.05 121.164771  60.621559 13.419
 39   121.609 53596.12301201 14.68 121.162501  60.618389 13.419
 39   121.564 53596.12301265 13.99 121.160231  60.615229 13.419
 39   121.366 53596.12301330 13.02 121.157961  60.612069 13.419
 39   121.608 53596.12301394 12.22 121.155691  60.608899 13.419
 39   119.979 53596.12301459 12.49 121.153431  60.605739 13.419
 40   130.948 53631.12300317 24.70 121.182681  60.631453 20.116
 40   123.788 53631.12300382 26.59 121.180401  60.628293 20.116
 40   124.402 53631.12300446 38.75 121.178131  60.625133 20.116
 40   127.377 53631.12300511 42.95 121.175861  60.621963 20.116
 40   123.090 53631.12300575 42.64 121.173591  60.618803 20.116
 40   122.838 53631.12300639 44.90 121.171321  60.615643 20.116
 40   122.556 53631.12300704 45.19 121.169051  60.612473 20.116
 41   120.203 53666.12302691 25.67 121.170400  60.629892 27.258
 41   120.922 53666.12302756 28.24 121.168120  60.626722 27.258
 41   120.317 53666.12302820 32.91 121.165850  60.623562 27.258
 41   120.676 53666.12302884 41.36 121.163580  60.620402 27.258
 41   123.198 53666.12302949 40.66 121.161310  60.617232 27.258
 41   119.854 53666.12303013 43.65 121.159040  60.614072 27.258
 41   120.378 53666.12303078 36.82 121.156770  60.610912 27.258
 41   120.473 53666.12303142 36.71 121.154510  60.607742 27.258
 42   123.861 53701.12297838 16.41 121.170580  60.627929 12.986
 42   123.829 53701.12297903 17.37 121.168310  60.624769 12.986
 42   123.894 53701.12297967 17.83 121.166040  60.621599 12.986
 42   124.406 53701.12298032 17.40 121.163770  60.618439 12.986
 42   122.617 53701.12298096 18.69 121.161500  60.615279 12.986
 42   121.881 53701.12298161 18.24 121.159230  60.612109 12.986
 42   122.241 53701.12298225 17.94 121.156960  60.608949 12.986
 44   123.261 53771.12289128  9.79 121.184733  60.632298 16.655
 44   124.945 53771.12289192  9.73 121.182463  60.629128 16.655
 44   124.183 53771.12289257  9.87 121.180183  60.625968 16.655
 44   123.413 53771.12289321 11.38 121.177918  60.622799 11.596
 44   124.100 53771.12289386 10.87 121.175648  60.619639 11.596
 44   122.519 53771.12289450 10.47 121.173378  60.616479 11.596
 44   121.348 53771.12289515 12.07 121.171108  60.613309 11.596
 45   124.369 53806.12288389  8.09 121.167829  60.628990 11.191
 45   123.631 53806.12288454  9.14 121.165559  60.625820 11.191
 45   123.440 53806.12288518  9.97 121.163279  60.622660 11.191
 45   124.590 53806.12288583  8.80 121.161019  60.619500 11.191
 45   122.499 53806.12288647  9.37 121.158749  60.616330 11.191
 45   121.625 53806.12288712 10.86 121.156479  60.613170 11.191
 45   121.667 53806.12288776 10.81 121.154209  60.610010 11.191
 45   121.182 53806.12288841 11.15 121.151939  60.606840 11.191
 47   130.563 53876.12295123 16.15 121.178085  60.628171 17.302
 47   127.868 53876.12295187 23.90 121.175815  60.625001 17.302
 47   129.845 53876.12295252 34.00 121.173535  60.621841 17.302
 47   129.034 53876.12295316 41.15 121.171265  60.618681 17.302
 47   126.201 53876.12295381 46.03 121.168995  60.615511 17.302
 47   129.904 53876.12295445 40.39 121.166725  60.612351 17.302
 48   129.118 53911.12300005 22.67 121.169334  60.628108  8.955
 48   128.307 53911.12300069 21.24 121.167064  60.624937 10.213
 48   128.142 53911.12300134 19.49 121.164794  60.621777 10.213
 48   127.503 53911.12300198 18.26 121.162524  60.618617 10.213
 48   127.818 53911.12300263 16.14 121.160254  60.615447 10.213
 48   127.140 53911.12300327 16.27 121.157984  60.612287 10.213
 48   127.092 53911.12300392 17.14 121.155714  60.609127 10.213
 48   126.831 53911.12300456 16.33 121.153444  60.605957 10.213
 49   121.928 53946.12301886 24.51 121.159988  60.627132 22.152
 49   121.624 53946.12301950 25.28 121.157718  60.623972 22.152
 49   121.893 53946.12302015 22.36 121.155453  60.620809 11.892
 49   121.760 53946.12302079 19.20 121.153183  60.617639 11.892
 49   120.995 53946.12302144 20.76 121.150913  60.614479 11.892
 49   121.173 53946.12302208 18.59 121.148643  60.611319 11.892
 49   120.403 53946.12302273 16.94 121.146373  60.608149 11.892
 49   120.662 53946.12302337 15.21 121.144103  60.604989 11.892
 49   119.574 53946.12302402 13.09 121.141843  60.601819 11.892
 50   123.938 53981.12296425 22.76 121.161869  60.627316 12.316
 50   123.695 53981.12296490 18.37 121.159599  60.624156 12.316
 50   122.791 53981.12296554 19.40 121.157329  60.620996 12.316
 50   123.175 53981.12296619 19.98 121.155067  60.617832 13.296
 50   123.362 53981.12296683 20.12 121.152797  60.614662 13.296
 50   123.346 53981.12296748 20.99 121.150527  60.611502 13.296
 50   123.616 53981.12296812 20.84 121.148257  60.608342 13.296
 50   123.642 53981.12296877 21.84 121.145987  60.605172 13.296
 50   123.810 53981.12296941 21.20 121.143727  60.602012 13.296
 51   120.852 54016.12298362 28.40 121.190020  60.634651 16.931
 51   121.021 54016.12298426 34.24 121.187750  60.631491 16.931
 51   121.066 54016.12298491 48.13 121.185480  60.628321 16.931
 51   121.105 54016.12298555 51.43 121.183210  60.625161 16.931
 51   121.010 54016.12298620 50.45 121.180928  60.621994 12.903
 51   121.158 54016.12298684 50.38 121.178658  60.618834 12.903
 51   121.078 54016.12298749 47.19 121.176388  60.615674 12.903
 52   127.425 54051.12298462 14.09 121.182513  60.629909 15.180
 52   127.822 54051.12298526 14.38 121.180233  60.626749 15.180
 52   127.526 54051.12298590 15.36 121.177963  60.623579 15.180
 52   127.345 54051.12298655 16.69 121.175693  60.620419 15.180
 52   128.105 54051.12298719 15.83 121.173429  60.617249 15.375
 52   128.481 54051.12298784 16.12 121.171159  60.614089 15.375
 53   120.261 54086.12297724 16.81 121.169480  60.629184  4.538
 53   120.369 54086.12297789 18.80 121.167210  60.626014  4.538
 53   120.434 54086.12297853 20.67 121.164940  60.622854  4.538
 53   120.456 54086.12297918 20.84 121.162664  60.619692  7.376
 53   120.460 54086.12297982 21.92 121.160394  60.616522  7.376
 53   120.625 54086.12298047 22.09 121.158124  60.613362  7.376
 53   120.616 54086.12298111 21.79 121.155864  60.610202  7.376
 53   120.597 54086.12298175 19.81 121.153594  60.607032  7.376
 54   120.585 54121.12290450 15.48 121.151725  60.623104  8.229
 54   120.653 54121.12290514 16.76 121.149455  60.619934  8.229
 54   120.303 54121.12290579 17.89 121.147187  60.616775  6.888
 54   120.207 54121.12290643 17.76 121.144927  60.613605  6.888
 54   119.839 54121.12290708 19.20 121.142657  60.610445  6.888
 54   119.789 54121.12290772 17.41 121.140387  60.607285  6.888
 54   119.773 54121.12290837 16.26 121.138127  60.604115  6.888
 54   119.525 54121.12290901 15.99 121.135857  60.600955  6.888
 54   119.624 54121.12290965 14.18 121.133597  60.597785  6.888
 55   122.559 54156.12293637 10.02 121.171987  60.628615  6.806
 55   121.506 54156.12293702 11.32 121.169717  60.625455  6.806
 55   121.731 54156.12293766 11.04 121.167443  60.622295  7.754
 55   122.038 54156.12293830 11.37 121.165173  60.619125  7.754
 55   122.139 54156.12293895 11.39 121.162903  60.615965  7.754
 55   120.902 54156.12293959 11.70 121.160633  60.612795  7.754
 55   120.752 54156.12294024 12.92 121.158363  60.609635  7.754
 56   120.939 54191.12290166 11.83 121.158698  60.625889  8.196
 56   121.762 54191.12290230 11.22 121.156428  60.622719  8.196
 56   121.457 54191.12290295 11.78 121.154158  60.619559  8.196
 56   120.159 54191.12290359 14.19 121.151898  60.616389  8.196
 56   119.970 54191.12290423 13.83 121.149628  60.613229  8.196
 56   118.986 54191.12290488 14.80 121.147358  60.610069  8.196
 56   118.606 54191.12290552 15.32 121.145088  60.606899  8.196
 56   118.402 54191.12290617 14.45 121.142828  60.603739  8.196
 57   127.451 54226.12294703 31.06 121.175826  60.630570 20.998
 57   122.516 54226.12294768 38.05 121.173556  60.627400 20.998
 57   122.476 54226.12294832 33.70 121.171286  60.624240 20.998
 57   122.430 54226.12294897 33.80 121.169016  60.621080 20.998
 57   122.431 54226.12294961 33.00 121.166736  60.617910 20.998
 57   122.350 54226.12295026 28.51 121.164466  60.614750 20.998
 57   122.483 54226.12295090 26.77 121.162196  60.611590 20.998
 57   122.613 54226.12295155 27.97 121.159936  60.608420 20.998
 58   163.757 54261.12296742  1.55 121.173710  60.627962 13.766
 58   149.877 54261.12296806 11.22 121.171440  60.624792 13.766
 58   129.116 54261.12297000 30.97 121.164630  60.615302 13.766
 58   128.298 54261.12297064 34.44 121.162360  60.612142 13.766
 58   128.473 54261.12297129 34.91 121.160090  60.608972 13.766
 59   122.336 54296.12297189 41.34 121.172261  60.628032 24.545
 59   122.316 54296.12297253 48.73 121.169991  60.624872 24.545
 59   122.360 54296.12297318 50.35 121.167721  60.621712 24.545
 59   122.335 54296.12297382 52.45 121.165451  60.618542 24.545
 59   122.309 54296.12297447 48.52 121.163181  60.615382 24.545
 59   122.469 54296.12297511 51.52 121.160911  60.612212 24.545
 59   122.466 54296.12297576 51.61 121.158641  60.609052 24.545
 60   122.075 54331.12296350 46.70 121.169660  60.629057 16.985
 60   122.463 54331.12296414 42.20 121.167390  60.625887 16.985
 60   122.059 54331.12296478 37.75 121.165120  60.622727 16.985
 60   122.241 54331.12296543 45.09 121.162850  60.619567 16.985
 60   122.396 54331.12296607 43.27 121.160580  60.616397 16.985
 60   122.246 54331.12296672 33.65 121.158310  60.613237 16.985
 60   122.057 54331.12296736 32.86 121.156040  60.610077 16.985
 60   122.268 54331.12296801 32.42 121.153770  60.606907 16.985
 61   125.406 54366.12290769 21.49 121.159038  60.625717 15.727
 61   124.973 54366.12290834 23.29 121.156768  60.622557 15.727
 61   123.949 54366.12290898 21.97 121.154498  60.619387 15.727
 61   124.013 54366.12290963 21.94 121.152228  60.616227 15.727
 61   123.685 54366.12291027 22.66 121.149968  60.613057 15.727
 61   123.201 54366.12291092 29.83 121.147698  60.609897 15.727
 61   123.373 54366.12291156 34.35 121.145428  60.606737 15.727
 61   123.136 54366.12291221 37.71 121.143158  60.603567 15.727
 62   118.740 54401.12290584 32.04 121.172467  60.627466  8.569
 62   118.895 54401.12290648 37.39 121.170197  60.624306  8.569
 62   118.992 54401.12290713 40.88 121.167928  60.621136 18.945
 62   118.885 54401.12290777 42.14 121.165658  60.617976 18.945
 62   118.988 54401.12290842 41.21 121.163388  60.614816 18.945
 62   119.170 54401.12290906 42.82 121.161118  60.611646 18.945
 62   119.096 54401.12290971 43.47 121.158848  60.608486 18.945
 63   121.860 54436.12286307 15.03 121.164571  60.629175 11.790
 63   121.591 54436.12286372 15.28 121.162301  60.626015 11.790
 63   121.056 54436.12286436 15.92 121.160027  60.622851 14.415
 63   121.309 54436.12286501 16.44 121.157757  60.619681 14.415
 63   120.183 54436.12286565 21.24 121.155487  60.616521 14.415
 63   122.001 54436.12286629 16.63 121.153227  60.613351 14.415
 63   120.770 54436.12286694 19.01 121.150957  60.610191 14.415
 63   120.840 54436.12286758 18.33 121.148687  60.607031 14.415
 63   121.049 54436.12286823 18.16 121.146417  60.603861 14.415
 64   122.827 54471.12288913 12.91 121.182584  60.631031  6.783
 64   123.194 54471.12288978 13.05 121.180304  60.627861  6.783
 64   123.402 54471.12289042 12.50 121.178034  60.624701  6.783
 64   123.744 54471.12289107 12.25 121.175767  60.621533  9.964
 64   122.724 54471.12289171 12.93 121.173497  60.618373  9.964
 64   122.435 54471.12289236 12.95 121.171227  60.615213  9.964
 64   121.459 54471.12289300 13.71 121.168957  60.612043  9.964
 66   122.488 54541.12290461  9.45 121.173677  60.628671  9.122
 66   121.487 54541.12290526 10.32 121.171407  60.625501  9.122
 66   121.618 54541.12290590 10.81 121.169127  60.622341  9.122
 66   120.885 54541.12290655 10.42 121.166867  60.619171  9.122
 66   121.101 54541.12290719 10.16 121.164597  60.616011  9.122
 66   120.620 54541.12290784 11.05 121.162327  60.612851  9.122
 66   119.953 54541.12290848 11.42 121.160057  60.609681  9.122
 68   124.251 54611.12289622 52.91 121.172745  60.628851 26.174
 68   124.246 54611.12289687 48.57 121.170475  60.625691 26.174
 68   124.364 54611.12289751 50.46 121.168205  60.622521 26.174
 68   124.398 54611.12289816 50.10 121.165935  60.619361 26.174
 68   124.420 54611.12289880 46.71 121.163665  60.616201 26.174
 68   124.382 54611.12289945 50.22 121.161395  60.613031 26.174
 68   124.392 54611.12290009 51.10 121.159125  60.609871 26.174
 69   125.001 54646.12290408 46.44 121.170566  60.627256 27.806
 69   125.581 54646.12290473 46.62 121.168286  60.624086 27.806
 69   123.521 54646.12290537 51.40 121.166016  60.620926 27.806
 69   123.668 54646.12290601 51.08 121.163746  60.617756 27.806
 69   123.649 54646.12290666 53.35 121.161476  60.614596 27.806
 69   123.610 54646.12290730 52.28 121.159216  60.611436 27.806
 69   123.749 54646.12290795 51.80 121.156946  60.608266 27.806
 70   127.293 54681.12290480 13.75 121.169910  60.628763 13.294
 70   124.675 54681.12290544 14.23 121.167640  60.625603 13.294
 70   124.844 54681.12290609 15.09 121.165370  60.622433 13.294
 70   124.463 54681.12290673 15.89 121.163100  60.619273 13.294
 70   124.847 54681.12290738 18.64 121.160830  60.616113 13.294
 70   125.125 54681.12290802 18.50 121.158570  60.612943 13.294
 70   124.974 54681.12290867 20.96 121.156300  60.609783 13.294
 70   129.654 54681.12290931 33.02 121.154030  60.606613 13.294
 71   126.528 54716.12285494 27.75 121.160988  60.626794 16.367
 71   127.616 54716.12285558 20.01 121.158718  60.623634 16.367
 71   126.420 54716.12285623 21.62 121.156448  60.620464 16.367
 71   126.167 54716.12285687 20.67 121.154178  60.617304 16.367
 71   126.121 54716.12285752 20.56 121.151908  60.614144 16.367
 71   126.389 54716.12285816 20.61 121.149638  60.610974 16.367
 71   126.568 54716.12285881 23.34 121.147378  60.607814 16.367
 71   126.660 54716.12285945 27.23 121.145108  60.604644 16.367
 72   121.149 54751.12287619 31.11 121.175565  60.627971 15.699
 72   120.606 54751.12287683 33.96 121.173295  60.624801 15.699
 72   120.636 54751.12287748 34.78 121.171025  60.621641 15.699
 72   120.596 54751.12287812 40.85 121.168755  60.618471 15.699
 72   120.626 54751.12287876 47.81 121.166485  60.615311 15.699
 72   120.777 54751.12287941 46.97 121.164215  60.612151 15.699
 72   120.812 54751.12288005 47.03 121.161945  60.608991 15.699
 73   119.642 54786.12284413 21.84 121.165616  60.628379 25.341
 73   119.931 54786.12284477 23.66 121.163346  60.625209 25.341
 73   120.162 54786.12284541 27.57 121.161076  60.622049 25.341
 73   120.825 54786.12284606 28.84 121.158806  60.618889 25.341
 73   119.793 54786.12284670 33.99 121.156536  60.615719 25.341
 73   120.549 54786.12284735 39.43 121.154276  60.612559 25.341
 73   119.696 54786.12284799 35.66 121.152006  60.609399 25.341
 73   119.397 54786.12284864 34.23 121.149736  60.606229 25.341
 74   122.994 54821.12286885 12.79 121.179552  60.631010 12.468
 74   122.603 54821.12286949 12.59 121.177282  60.627850 12.468
 74   122.555 54821.12287014 12.89 121.175012  60.624680 12.468
 74   121.970 54821.12287078 13.19 121.172742  60.621520 12.468
 74   121.384 54821.12287143 14.67 121.170462  60.618350 12.468
 74   121.335 54821.12287207 15.38 121.168192  60.615190 12.468
 74   121.207 54821.12287272 15.04 121.165922  60.612030 12.468
 75   121.341 54856.12284019 11.91 121.167257  60.628482 12.139
 75   121.159 54856.12284083 12.05 121.164987  60.625322 12.139
 75   122.948 54856.12284148 11.97 121.162717  60.622152 12.139
 75   121.407 54856.12284212 13.15 121.160447  60.618992 12.139
 75   121.090 54856.12284276 13.62 121.158177  60.615822 12.139
 75   120.415 54856.12284341 14.62 121.155907  60.612662 12.139
 75   121.268 54856.12284405 14.81 121.153647  60.609502 12.139
 75   120.388 54856.12284470 15.28 121.151377  60.606332 12.139
 76   121.502 54891.12287376 11.08 121.167848  60.627066 10.907
 76   121.434 54891.12287440 10.88 121.165578  60.623906 10.907
 76   121.554 54891.12287505 11.91 121.163308  60.620736 10.907
 76   121.570 54891.12287569 12.19 121.161038  60.617576 10.907
 76   120.893 54891.12287634 12.89 121.158768  60.614416 10.907
 76   120.497 54891.12287698 13.28 121.156508  60.611256 10.907
 76   119.659 54891.12287763 13.23 121.154238  60.608086 10.907
 77   119.336 54926.12283940 11.62 121.157620  60.626668  8.782
 77   119.889 54926.12284005 11.94 121.155350  60.623498  8.782
 77   120.386 54926.12284069 12.70 121.153080  60.620338  8.782
 77   118.715 54926.12284134 13.65 121.150810  60.617168  8.782
 77   118.735 54926.12284198 15.49 121.148540  60.614008  8.782
 77   118.618 54926.12284263 17.08 121.146280  60.610848  8.782
 77   118.553 54926.12284327 17.20 121.144010  60.607678  8.782
 77   118.373 54926.12284391 17.38 121.141740  60.604518  8.782
 77   118.319 54926.12284456 15.86 121.139470  60.601358  8.782
 78   126.544 54961.12287142 43.31 121.174590  60.628531 29.472
 78   126.609 54961.12287206 40.97 121.172320  60.625371 29.472
 78   125.940 54961.12287271 43.48 121.170040  60.622201 29.472
 78   126.408 54961.12287335 42.51 121.167770  60.619041 29.472
 78   126.630 54961.12287400 41.60 121.165500  60.615871 29.472
 78   125.988 54961.12287464 41.10 121.163230  60.612711 29.472
 78   124.959 54961.12287528 51.56 121.160960  60.609551 29.472
 79   126.615 54996.12289336 42.57 121.168381  60.627491 11.974
 79   126.617 54996.12289400 40.65 121.166111  60.624321 11.974
 79   126.578 54996.12289465 38.96 121.163831  60.621161 11.974
 79   126.412 54996.12289529 38.69 121.161571  60.617991 11.974
 79   126.279 54996.12289594 38.27 121.159301  60.614831 11.974
 79   126.520 54996.12289658 35.93 121.157031  60.611671 11.974
 79   126.589 54996.12289723 35.44 121.154761  60.608501 11.974
 79   126.688 54996.12289787 34.25 121.152491  60.605341 11.974
 80   123.915 55031.12288290 32.31 121.170175  60.628292 15.455
 80   124.692 55031.12288355 24.94 121.167895  60.625122 15.455
 80   123.663 55031.12288419 16.87 121.165625  60.621962 15.455
 80   123.736 55031.12288484 13.03 121.163355  60.618802 15.455
 80   123.562 55031.12288548 12.00 121.161085  60.615632 15.455
 80   123.284 55031.12288613 13.46 121.158815  60.612472 15.455
 80   123.315 55031.12288677 13.27 121.156555  60.609302 15.455
 80   123.489 55031.12288742 11.93 121.154285  60.606142 15.455
 81   123.933 55066.12287275 31.37 121.168377  60.628006  7.175
 81   123.684 55066.12287339 30.29 121.166107  60.624846  7.175
 81   123.522 55066.12287404 31.54 121.163837  60.621676  7.175
 81   123.333 55066.12287468 31.66 121.161567  60.618516  7.175
 81   123.219 55066.12287533 30.91 121.159297  60.615356  7.175
 81   123.078 55066.12287597 30.12 121.157027  60.612186  7.175
 81   123.069 55066.12287662 28.88 121.154767  60.609026  7.175
 81   122.972 55066.12287726 28.37 121.152497  60.605856  7.175
 82   124.862 55101.12281561 18.92 121.154772  60.624354  9.770
 82   124.632 55101.12281625 19.36 121.152502  60.621184  9.770
 82   125.361 55101.12281690 18.63 121.150232  60.618024  9.770
 82   123.728 55101.12281754 18.38 121.147962  60.614864  9.770
 82   124.521 55101.12281819 18.21 121.145692  60.611694  9.770
 82   123.767 55101.12281883 18.25 121.143432  60.608534  9.770
 82   124.844 55101.12281948 18.61 121.141162  60.605364  9.770
 83   118.332 55136.12281844 29.59 121.175181  60.628246 20.857
 83   118.517 55136.12281909 35.66 121.172911  60.625086 20.857
 83   118.665 55136.12281973 42.48 121.170641  60.621926 20.857
 83   118.683 55136.12282038 41.74 121.168371  60.618756 20.857
 83   118.660 55136.12282102 45.98 121.166101  60.615596 20.857
 83   118.688 55136.12282166 43.15 121.163831  60.612436 20.857
 83   118.623 55136.12282231 45.24 121.161561  60.609266 20.857
 84   120.361 55171.12278155 20.87 121.163535  60.626929  9.009
 84   120.365 55171.12278219 21.73 121.161265  60.623759  9.009
 84   120.377 55171.12278284 22.54 121.158995  60.620599  9.009
 84   120.415 55171.12278348 20.56 121.156725  60.617429  9.009
 84   120.369 55171.12278413 21.00 121.154455  60.614269  9.009
 84   120.669 55171.12278477 19.04 121.152195  60.611109  9.009
 84   120.635 55171.12278542 17.85 121.149925  60.607939  9.009
 84   120.522 55171.12278606 17.09 121.147655  60.604779  9.009
 85   120.135 55206.12281134 12.37 121.177738  60.630752  6.859
 85   120.018 55206.12281198 13.34 121.175468  60.627592  6.859
 85   119.802 55206.12281263 13.81 121.173198  60.624422  6.859
 85   119.585 55206.12281327 15.06 121.170918  60.621262  6.859
 85   119.702 55206.12281392 15.54 121.168658  60.618102  6.859
 85   119.536 55206.12281456 15.32 121.166388  60.614932  6.859
 85   119.471 55206.12281521 15.57 121.164118  60.611772  6.859
 86   121.974 55241.12278752  8.65 121.160564  60.626869  7.076
 86   121.320 55241.12278817  9.94 121.158294  60.623699  7.076
 86   122.336 55241.12278881  9.70 121.156024  60.620539  7.076
 86   120.516 55241.12278946 10.63 121.153754  60.617379  7.076
 86   120.792 55241.12279010 10.80 121.151484  60.614209  7.076
 86   119.972 55241.12279075 12.36 121.149224  60.611049  7.076
 86   119.793 55241.12279139 12.10 121.146954  60.607889  7.076
 86   119.498 55241.12279204 12.38 121.144684  60.604719  7.076
 86   119.311 55241.12279268 11.60 121.142414  60.601559  7.076
 87   122.194 55276.12280575  7.42 121.169272  60.629600  6.236
 87   121.329 55276.12280640  7.97 121.166992  60.626430  6.236
 87   122.495 55276.12280704  7.54 121.164722  60.623270  6.236
 87   120.507 55276.12280769  7.85 121.162452  60.620100  6.236
 87   120.575 55276.12280833  8.99 121.160182  60.616940  6.236
 87   120.229 55276.12280898  8.86 121.157922  60.613780  6.236
 87   120.379 55276.12280962  9.63 121.155652  60.610610  6.236
 87   119.518 55276.12281027 10.22 121.153382  60.607450  6.236
 88   130.403 55311.12277145 15.55 121.162360  60.627431 12.542
 88   129.614 55311.12277209 16.87 121.160090  60.624271 12.542
 88   128.099 55311.12277274 16.06 121.157820  60.621101 12.542
 88   122.022 55311.12277338 15.41 121.155550  60.617941 12.542
 88   121.793 55311.12277402 14.70 121.153280  60.614781 12.542
 88   120.795 55311.12277467 15.13 121.151010  60.611611 12.542
 88   119.671 55311.12277531 15.17 121.148750  60.608451 12.542
 88   123.673 55311.12277596 14.84 121.146480  60.605281 12.542
 88   119.117 55311.12277660 14.75 121.144210  60.602121 12.542
 89   129.543 55346.12277526 19.81 121.171249  60.627595 14.121
 89   129.055 55346.12277590 20.13 121.168969  60.624425 14.121
 89   126.865 55346.12277655 20.96 121.166699  60.621265 14.121
 89   123.600 55346.12277719 21.73 121.164429  60.618105 14.121
 89   123.595 55346.12277784 22.74 121.162159  60.614935 14.121
 89   123.479 55346.12277848 20.66 121.159889  60.611775 14.121
 89   123.287 55346.12277913 22.06 121.157629  60.608615 14.121
 90   127.991 55381.12276794 17.35 121.167226  60.628047 17.802
 90   124.075 55381.12276859 19.50 121.164956  60.624877 17.802
 90   124.056 55381.12276923 20.36 121.162686  60.621717 17.802
 90   123.970 55381.12276988 23.76 121.160416  60.618557 17.802
 90   124.335 55381.12277052 28.58 121.158146  60.615387 17.802
 90   124.617 55381.12277117 33.86 121.155886  60.612227 17.802
 90   124.646 55381.12277181 44.21 121.153616  60.609057 17.802
 90   124.653 55381.12277246 49.16 121.151346  60.605897 17.802
 91   122.921 55416.12279394 19.50 121.178778  60.630021  7.799
 91   122.921 55416.12279458 19.38 121.176508  60.626861  7.799
 91   122.650 55416.12279523 20.17 121.174238  60.623691  7.799
 91   122.671 55416.12279587 20.33 121.171968  60.620531  7.799
 91   122.807 55416.12279651 19.42 121.169698  60.617371  7.799
 91   122.902 55416.12279716 19.51 121.167428  60.614201  7.799
 91   122.998 55416.12279780 18.53 121.165148  60.611041  7.799
 92   122.056 55451.12277898 37.65 121.166384  60.627685 13.893
 92   122.024 55451.12277963 32.07 121.164114  60.624525 13.893
 92   121.850 55451.12278027 23.41 121.161844  60.621355 13.893
 92   121.504 55451.12278092 18.95 121.159574  60.618195 13.893
 92   121.310 55451.12278156 17.24 121.157304  60.615035 13.893
 92   121.573 55451.12278221 13.78 121.155034  60.611865 13.893
 92   123.688 55451.12278285 11.57 121.152774  60.608705 13.893
 92   123.382 55451.12278349 10.99 121.150504  60.605535 13.893
 93   119.447 55486.12270328 30.83 121.159221  60.627452 30.762
 93   119.621 55486.12270393 38.40 121.156961  60.624292 30.762
 93   119.799 55486.12270457 48.20 121.154691  60.621122 30.762
 93   119.763 55486.12270522 52.11 121.152421  60.617962 30.762
 93   119.793 55486.12270586 50.44 121.150151  60.614802 30.762
 93   119.813 55486.12270651 53.57 121.147881  60.611632 30.762
 93   119.907 55486.12270715 50.74 121.145621  60.608472 30.762
 93   120.017 55486.12270780 50.95 121.143351  60.605302 30.762
 93   119.935 55486.12270844 49.06 121.141081  60.602142 30.762
