# NaN NaN NaN ;Mean Elev.(m), Avg Gradient(m/km), RMS Gradient(m/km) - SRTM1     
#  148.546   1.558  41.802 ;Mean Elev.(m), Avg Gradient(m/km), RMS Gradient(m/km) - ASTER GDEM
#  139.806   1.562  41.197 ;Mean Elev.(m), Avg Gradient(m/km), RMS Gradient(m/km) - GMTED2010 
  7 117.413001  59.971478   145.567   145.563  4 52472.54895311 41.867
  8 117.423056  59.966898   138.582   138.348  3 52507.54892535 44.703
  9 117.412368  59.972674   144.271   144.272  4 52542.54890916 30.057
 10 117.406708  59.976089   141.261   141.251  5 52577.54896068 34.782
 11 117.421238  59.968741   142.656   142.453  3 52612.54892301 13.892
 12 117.412868  59.972128   141.808   141.820  4 52647.54890790 11.492
 13 117.432880  59.966284   144.040   144.040  2 52682.54887858  7.025
 14 117.407829  59.974478   144.810   143.538  5 52717.54893886  4.753
 15 117.410804  59.972972   141.781   141.788  4 52752.54896355 30.647
 16 117.381199  60.000527   275.667   275.667  2 52787.54891493  1.184
 19 117.411503  59.972343   143.617   143.631  5 52892.54905999 36.932
 20 117.428947  59.965412   142.754   142.829  3 52927.54900973 40.116
 21 117.413273  59.971094   141.775   141.814  4 52962.54898366 32.473
 22 117.410582  59.973050   142.814   142.146  5 52997.54902500 18.146
 23 117.427766  59.966562   143.263   143.082  3 53032.54898060  9.923
 24 117.417267  59.969195   142.334   142.234  4 53067.54899277  9.735
 26 117.416092  59.969937   142.308   142.137  4 53137.54899622 32.516
 27 117.409123  59.973968   153.696   153.660  4 53172.54904325 40.780
 28 117.416118  59.970496   143.779   143.797  3 53207.54905721 47.357
 29 117.428360  59.965525   143.516   143.390  3 53242.54902357 45.118
 30 117.393402  59.985677   148.836   148.180  8 53277.54900228 42.993
 31 117.410136  59.973359   142.257   142.254  5 53312.54903331 46.343
 36 117.404395  59.973406   142.178   142.172  3 53487.54906457 23.342
 37 117.419577  59.970448   146.196   146.196  2 53522.54905414 39.315
 38 117.408983  59.973678   289.815   275.814  5 53557.54908023  3.267
 39 117.435341  59.966217   142.499   142.499  2 53592.54901506 52.273
 40 117.376047  59.999565   143.557   143.512 14 53627.54901350 44.298
 41 117.408598  59.973611   142.024   142.012  5 53662.54903284 48.218
 42 117.424628  59.967629   144.273   144.273  2 53697.54899587 13.796
 43 117.435358  59.966261   143.751   143.751  2 53732.54891791 35.418
 46 117.397184  59.982263   141.768   141.649  7 53837.54891052  5.098
 49 117.401493  59.979129   143.001   142.981  6 53942.54902917 42.773
 51 117.395553  59.984364   149.930   150.159  7 54012.54899011 10.472
 52 117.423510  59.967823   142.845   142.845  2 54047.54899665 45.926
 55 117.415841  59.970046   143.978   144.551  3 54152.54894279  6.960
 57 117.408974  59.973689   361.620   361.725  5 54222.54895355  1.491
 59 117.418925  59.969173   145.910   145.872  3 54292.54897696 46.531
 60 117.424123  59.968003   144.284   144.274  3 54327.54897259 50.098
 62 117.416791  59.970090   142.311   142.347  3 54397.54891294 51.299
 63 117.430932  59.965602   144.254   144.254  2 54432.54887089 14.403
 64 117.412732  59.971757   144.503   144.488  5 54467.54889512  7.643
 66 117.422108  59.967236   144.335   143.831  3 54537.54890954  4.778
 69 117.420657  59.968310   147.140   147.083  3 54642.54891191 45.533
 71 117.433158  59.965455   276.939   276.939  2 54712.54886683  1.856
 72 117.411665  59.973180   143.622   143.584  4 54747.54888366 51.094
 73 117.424877  59.966767   140.927   140.907  3 54782.54885345 36.118
 74 117.413671  59.970717   144.587   144.014  4 54817.54887595 10.794
 75 117.425937  59.966629   144.501   144.830  3 54852.54885101  8.644
 76 117.415846  59.969692   144.050   144.204  4 54887.54887998  7.564
 77 117.430864  59.967092   143.861   143.861  2 54922.54885134  6.013
 78 117.407548  59.976664   314.436   314.436  2 54957.54887832  1.296
 80 117.423463  59.966924   145.216   145.155  3 55027.54888915 50.850
 81 117.419953  59.969488   146.711   146.737  3 55062.54888244 47.105
 83 117.414141  59.970654   142.187   142.209  4 55132.54882599 44.459
 84 117.426532  59.967341   144.287   143.999  3 55167.54879159 12.156
 85 117.412215  59.972888   145.507   145.525  4 55202.54881897  5.899
 86 117.427681  59.966189   146.224   146.224  2 55237.54879859  3.103
 87 117.419836  59.968678   143.972   143.861  3 55272.54881202  3.920
 88 117.431428  59.967601   143.695   143.695  2 55307.54878133 15.814
 91 117.413480  59.971918   144.758   144.749  4 55412.54880016 48.469
 92 117.423699  59.967483   280.310   280.310  2 55447.54878956  3.228
 93 117.436338  59.965888   143.043   143.043  2 55482.54871851 54.317
