# NaN NaN NaN ;Mean Elev.(m), Avg Gradient(m/km), RMS Gradient(m/km) - SRTM1     
#  121.238     NaN     NaN ;Mean Elev.(m), Avg Gradient(m/km), RMS Gradient(m/km) - ASTER GDEM
#  124.200  -7.973  15.603 ;Mean Elev.(m), Avg Gradient(m/km), RMS Gradient(m/km) - GMTED2010 
  7 120.070483  60.285288   130.322   130.304  3 52466.54102146 49.119
  8 120.073552  60.287735   127.268   127.287  3 52501.54101465 46.217
  9 120.059428  60.279446   128.060   128.060  2 52536.54099975 24.512
 11 120.077000  60.286573   126.108   126.094  3 52606.54099915 22.150
 12 120.062368  60.284278   129.407   129.407  2 52641.54099372 15.388
 13 120.076638  60.287375   126.589   126.369  3 52676.54098236 16.311
 14 120.063551  60.283656   128.060   128.060  2 52711.54100993 13.887
 15 120.067189  60.286449   129.413   130.227  3 52746.54103750 25.618
 16 120.060550  60.280305   130.846   130.846  2 52781.54097516 47.118
 17 120.058518  60.282507   129.293   129.293  2 52816.54105582 49.975
 18 120.065190  60.284558   126.419   126.419  2 52851.54110707 31.657
 19 120.066963  60.284416   127.902   127.847  3 52886.54114142 52.051
 20 120.077584  60.285997   126.579   126.570  3 52921.54109679 29.099
 21 120.067698  60.284803   125.548   125.480  3 52956.54106168 19.834
 22 120.072277  60.286743   123.555   123.555  2 52991.54108025 20.073
 23 120.081796  60.291759   124.096   124.096  2 53026.54104709 18.868
 24 120.074299  60.286864   125.198   125.332  3 53061.54105588 16.601
 28 120.068559  60.285308   128.085   127.986  3 53201.54113183 26.726
 29 120.079689  60.291618   127.928   127.928  2 53236.54110193 51.137
 30 120.060456  60.282502   127.703   127.742  3 53271.54105939 47.181
 31 120.061735  60.281777   126.974   126.974  2 53306.54112318 38.968
 32 120.072649  60.288655   127.714   127.714  2 53341.54109164 17.585
 34 120.072828  60.285961   128.585   128.754  3 53411.54106627 13.584
 35 120.058887  60.280526   129.341   129.341  2 53446.54104842 11.175
 36 120.061106  60.281391   130.270   130.270  2 53481.54113398 25.895
 38 120.067011  60.285139   129.508   129.508  2 53551.54115807 51.516
 39 120.078436  60.286112   127.290   127.349  3 53586.54111355 47.267
 41 120.064667  60.283335   126.757   126.764  3 53656.54110490 41.469
 42 120.072078  60.286128   128.699   128.699  2 53691.54109285 20.331
 43 120.081017  60.292742   127.726   127.726  2 53726.54101755 17.939
 44 120.069186  60.285429   128.797   128.797  2 53761.54096770 15.085
 47 120.063725  60.284052   127.733   127.733  2 53866.54103928 40.937
 48 120.068816  60.285325   134.350   134.328  3 53901.54106846 53.193
 49 120.061490  60.283085   127.584   127.584  2 53936.54110761 50.935
 50 120.072528  60.285343   128.100   128.077  3 53971.54107359 30.887
 52 120.069394  60.285549   126.067   126.067  2 54041.54108289 26.125
 53 120.075334  60.286353   126.725   126.788  3 54076.54107704 19.235
 54 120.080917  60.289667   127.405   127.405  2 54111.54101865 14.765
 55 120.065147  60.285761   128.790   128.737  3 54146.54101874 12.620
 57 120.065140  60.284651   129.950   129.950  2 54216.54102683 28.370
 58 120.068361  60.285129   132.319   132.183  3 54251.54105328 28.905
 59 120.072959  60.287800   130.625   130.614  3 54286.54105918 50.579
 60 120.072051  60.287083   130.348   130.180  3 54321.54105608 40.777
 61 120.079443  60.290072   126.659   126.659  2 54356.54101660 49.144
 62 120.070102  60.286876   126.840   126.831  3 54391.54099667 47.949
 63 120.075402  60.287047   126.953   126.847  3 54426.54096610 19.960
 64 120.066939  60.284951   127.021   127.045  3 54461.54097353 19.607
 65 120.076929  60.286041   127.169   127.142  3 54496.54097304 16.741
 67 120.078898  60.290037   128.223   128.223  2 54566.54097933 11.975
 68 120.069366  60.285016   131.076   131.084  3 54601.54098212 34.809
 69 120.069687  60.286837   131.799   131.807  3 54636.54099398 49.430
 70 120.072229  60.285807   128.469   128.555  3 54671.54099748 48.132
 71 120.077185  60.288751   128.469   128.469  2 54706.54095847 31.273
 73 120.076211  60.287059   126.416   126.416  2 54776.54093912 35.488
 74 120.063949  60.284761   127.292   127.292  2 54811.54095531 25.890
 75 120.076586  60.285952   126.952   126.957  3 54846.54093909 18.015
 76 120.067287  60.285010   126.972   126.972  2 54881.54095842 16.274
 77 120.078133  60.286797   127.555   127.673  3 54916.54094228 15.515
 78 120.067596  60.285458   132.187   130.619  3 54951.54095226 31.548
 79 120.067945  60.284150   133.804   134.046  3 54986.54097648 45.357
 80 120.074721  60.285989   129.068   129.042  3 55021.54096924 49.290
 81 120.073610  60.287235   127.847   127.883  3 55056.54096641 51.019
 83 120.070168  60.284954   127.279   127.146  3 55126.54090507 45.281
 84 120.074459  60.286820   126.703   126.703  2 55161.54088480 19.575
 85 120.064959  60.284762   127.293   127.293  2 55196.54089610 16.522
 86 120.078031  60.286438   127.467   127.265  3 55231.54088798 15.866
 88 120.078982  60.289486   129.354   129.354  2 55301.54086990 12.599
 89 120.071960  60.286833   134.365   134.477  3 55336.54086648 45.164
 90 120.073493  60.286782   128.158   128.158  2 55371.54085631 48.532
 91 120.068215  60.286669   127.271   127.300  3 55406.54087596 35.368
 92 120.073786  60.287929   128.298   128.288  3 55441.54087567 34.440
 93 120.079252  60.291375   127.075   127.075  2 55476.54081826 50.811
