# NaN NaN NaN ;Mean Elev.(m), Avg Gradient(m/km), RMS Gradient(m/km) - SRTM1     
#  104.235  -9.485  45.536 ;Mean Elev.(m), Avg Gradient(m/km), RMS Gradient(m/km) - ASTER GDEM
#   99.635 -10.652  48.198 ;Mean Elev.(m), Avg Gradient(m/km), RMS Gradient(m/km) - GMTED2010 
  7 124.815753  60.679716   112.646   112.244  4 52473.52714213 34.126
  8 124.824012  60.681871   115.440   114.822  4 52508.52711047 17.272
 10 124.812596  60.681156   110.938   110.822  4 52578.52714644 20.282
 11 124.820705  60.683702   112.403   112.536  4 52613.52711224  9.588
 12 124.816917  60.681008   113.292   113.644  4 52648.52709380  4.797
 13 124.829509  60.683082   112.447   112.336  4 52683.52707099  1.548
 17 124.810787  60.680763   244.555   244.157  4 52823.52716925  2.286
 18 124.814504  60.681403   112.093   111.681  4 52858.52721574 18.453
 19 124.814996  60.682423   117.303   116.944  4 52893.52724742 13.147
 20 124.826262  60.683224   112.555   112.717  4 52928.52719785 15.461
 21 124.814071  60.680264   113.703   113.614  4 52963.52717781 11.428
 22 124.813578  60.681553   113.231   112.865  4 52998.52721596  8.835
 23 124.824811  60.683942   113.817   112.329  4 53033.52717006  4.990
 24 124.817272  60.681962   112.112   111.946  4 53068.52718409  4.324
 25 124.825478  60.685319   112.629   112.221  4 53103.52717226  4.477
 27 124.814466  60.680991   123.608   122.165  3 53173.52723008 12.522
 28 124.818972  60.680393   112.629   111.589  4 53208.52724584 17.480
 29 124.824056  60.684027   112.890   112.441  4 53243.52721399 30.840
 30 124.805778  60.681234   124.107   123.405  3 53278.52719111 14.391
 31 124.814274  60.681876   114.741   114.170  4 53313.52721881 15.690
 32 124.822964  60.683081   117.586   117.335  4 53348.52718449 10.819
 33 124.809472  60.679823   114.925   114.899  4 53383.52715452  4.866
 34 124.825923  60.683096   117.390   116.301  4 53418.52716400  3.899
 36 124.809945  60.679532   115.770   115.458  4 53488.52725324 18.471
 38 124.813301  60.681895   120.889   120.444  4 53558.52726802 21.602
 39 124.831989  60.684196   113.427   113.714  4 53593.52720526 19.254
 41 124.814716  60.678966   112.155   111.826  4 53663.52722092 26.190
 42 124.823327  60.683712   112.446   112.360  4 53698.52718242 11.571
 43 124.832399  60.685457   112.983   112.978  4 53733.52710492  7.647
 44 124.821007  60.680925   115.117   114.411  4 53768.52708523  5.824
 45 124.828155  60.685477   113.514   111.941  3 53803.52708318  7.267
 49 124.811584  60.679452   113.778   113.595  4 53943.52721517 24.683
 52 124.821444  60.685242   115.977   115.886  3 54048.52718518 10.034
 54 124.831263  60.684840   115.310   114.160  4 54118.52710718  3.570
 56 124.828706  60.683971   113.491   113.430  4 54188.52710167  0.924
 59 124.818025  60.683550   117.856   117.577  3 54293.52716670 15.767
 62 124.818848  60.681569   114.370   114.457  4 54398.52710121 25.654
 63 124.825604  60.687007   113.837   113.837  2 54433.52705993 10.367
 64 124.815336  60.681342   116.590   116.195  3 54468.52708388  9.987
 65 124.824608  60.685026   117.406   119.582  3 54503.52707523  8.109
 66 124.820379  60.683466   117.156   116.185  4 54538.52709957  4.450
 70 124.818334  60.681730   113.446   113.753  4 54678.52710238 20.949
 73 124.823895  60.682843   111.906   112.512  4 54783.52704213 21.691
 74 124.817128  60.679388   113.572   113.410  4 54818.52706384  9.978
 75 124.824580  60.682626   113.464   113.152  4 54853.52703927  4.464
 76 124.818173  60.681069   115.711   115.269  4 54888.52706866  5.449
 77 124.828742  60.684151   112.315   112.414  4 54923.52703933  5.036
 80 124.821369  60.682572   118.017   118.175  4 55028.52707862 31.659
 81 124.821127  60.682699   113.239   112.977  4 55063.52707072 15.273
 82 124.829349  60.685089   117.593   117.246  4 55098.52701676 36.583
 83 124.815673  60.681643   112.225   111.886  4 55133.52701445 20.878
 84 124.825895  60.683300   114.607   114.938  4 55168.52697944 20.179
 85 124.815075  60.682132   113.776   113.734  4 55203.52700734  7.503
 86 124.825798  60.683220   114.005   113.851  4 55238.52698680  5.570
 87 124.820307  60.682699   112.857   112.504  4 55273.52700104  4.850
 88 124.828464  60.685078   114.935   115.189  4 55308.52697021  1.400
 90 124.822907  60.684173   117.046   117.181  4 55378.52696452  5.799
 91 124.816951  60.679529   117.520   117.256  4 55413.52698860 35.969
 93 124.831998  60.686099   113.093   113.631  4 55483.52690573 18.762
