# NaN NaN NaN ;Mean Elev.(m), Avg Gradient(m/km), RMS Gradient(m/km) - SRTM1     
#   32.021  -1.424   7.080 ;Mean Elev.(m), Avg Gradient(m/km), RMS Gradient(m/km) - ASTER GDEM
#   25.000  -2.546  17.397 ;Mean Elev.(m), Avg Gradient(m/km), RMS Gradient(m/km) - GMTED2010 
 13    50.596 52667.12007395 13.80 125.245979  64.723396  2.745
 13    54.708 52667.12007459 14.33 125.243059  64.720286  2.745
 15    52.447 52737.12008650  8.35 125.246063  64.724467  2.382
 15    54.099 52737.12008714  8.28 125.243143  64.721357  2.382
 19    50.937 52877.12020713 46.84 125.252018  64.723956 37.079
 19    50.848 52877.12020778 48.60 125.249098  64.720846 37.079
 20    51.261 52912.12016586 24.53 125.246088  64.723385 16.301
 20    51.465 52912.12016650 25.98 125.243168  64.720275 16.301
 27    54.007 53157.12019690 25.11 125.248167  64.725223 29.253
 27    54.367 53157.12019754 26.20 125.245247  64.722113 29.253
 28    53.738 53192.12018965 18.19 125.252766  64.723860 28.249
 28    54.010 53192.12019030 18.60 125.249846  64.720750 28.249
 29    52.022 53227.12019067 51.73 125.250074  64.725682 39.605
 29    51.978 53227.12019132 52.42 125.247154  64.722572 39.605
 30    50.798 53262.12016376 32.56 125.237833  64.729184 27.532
 30    50.907 53262.12016441 30.34 125.234913  64.726074 27.532
 31    50.980 53297.12020043 45.16 125.245685  64.723598 15.890
 31    50.865 53297.12020107 43.01 125.242765  64.720488 15.890
 32    52.675 53332.12017215 13.21 125.249307  64.724569  2.881
 32    51.577 53332.12017279 13.23 125.246387  64.721459  2.881
 36    52.886 53472.12018721  7.59 125.252322  64.724135  2.068
 36    53.254 53472.12018785  7.61 125.249402  64.721025  2.068
 37    52.889 53507.12021754 43.96 125.246061  64.724190 38.907
 37    53.079 53507.12021819 44.55 125.243141  64.721080 38.907
 39    52.263 53577.12021140 52.25 125.242232  64.727312 41.797
 39    52.242 53577.12021204 53.24 125.239312  64.724202 41.797
 40    54.973 53612.12016337 18.11 125.238033  64.729103 28.991
 40    55.408 53612.12016401 21.86 125.235113  64.725993 28.991
 42    50.224 53682.12018428 18.24 125.241877  64.726484  3.736
 42    50.357 53682.12018492 18.25 125.238957  64.723374  3.736
 45    52.962 53787.12006147 10.41 125.248855  64.723670  2.178
 45    54.020 53787.12006212 10.37 125.245935  64.720560  2.178
 47    50.560 53857.12010710 24.13 125.249896  64.723546  7.841
 47    50.452 53857.12010774 23.97 125.246976  64.720436  7.841
 49    51.542 53927.12018041 31.54 125.241836  64.725966 32.486
 49    52.834 53927.12018106 29.35 125.238916  64.722856 32.486
 53    50.949 54067.12015473 16.59 125.247014  64.723136  3.028
 53    51.139 54067.12015537 15.25 125.244094  64.720026  3.028
 56    53.066 54172.12009167  8.31 125.242992  64.727265  2.043
 56    52.175 54172.12009232  8.75 125.240072  64.724155  2.043
 58    57.089 54242.12012001 41.41 125.249990  64.724408 43.590
 58    57.177 54242.12012066 46.31 125.247070  64.721298 43.590
 59    52.491 54277.12013408 52.08 125.250858  64.725336 38.075
 59    52.444 54277.12013472 50.32 125.247938  64.722216 38.075
 60    54.275 54312.12013507 17.65 125.249965  64.724478 24.890
 60    54.096 54312.12013572 19.15 125.247045  64.721358 24.890
 65    52.858 54487.12005420  9.76 125.249466  64.724090  2.347
 65    52.211 54487.12005484 10.25 125.246546  64.720980  2.347
 68    52.633 54592.12005061  3.69 125.250863  64.724137  4.006
 68    52.712 54592.12005125  3.56 125.247943  64.721027  4.006
 69    54.592 54627.12006623 20.61 125.247358  64.725099 26.637
 69    54.910 54627.12006687 22.01 125.244438  64.721989 26.637
 70    51.243 54662.12007406 50.37 125.248066  64.724100 41.073
 70    51.169 54662.12007471 54.43 125.245146  64.720990 41.073
 73    50.571 54767.12002906 43.37 125.247494  64.723407 17.381
 73    50.517 54767.12002971 51.30 125.244574  64.720297 17.381
 75    51.809 54837.12002097 12.40 125.249453  64.725481  2.451
 75    50.770 54837.12002161 13.66 125.246533  64.722371  2.451
 77    52.264 54907.12002847  9.52 125.240715  64.728640  2.245
 77    52.882 54907.12002912  9.72 125.237795  64.725530  2.245
 79    53.589 54977.12004345 24.00 125.248853  64.724528 28.995
 79    54.752 54977.12004409 25.88 125.245933  64.721408 28.995
 80    52.439 55012.12005209 54.06 125.245288  64.723418 40.712
 80    52.512 55012.12005273 48.08 125.242368  64.720308 40.712
 81    52.334 55047.12004400 24.22 125.249452  64.722956 24.427
 81    53.342 55047.12004464 23.63 125.246532  64.719846 24.427
 82    50.962 55082.12001542 49.51 125.240375  64.727123 38.188
 82    51.029 55082.12001606 50.78 125.237455  64.724013 38.188
 86    51.640 55222.11997251 15.09 125.244836  64.723813  2.726
 86    53.048 55222.11997316 14.80 125.241916  64.720693  2.726
 89    50.130 55327.11994242 40.54 125.249044  64.725530 28.330
 89    50.054 55327.11994307 45.91 125.246124  64.722420 28.330
 93    50.601 55467.11991318 44.92 125.239806  64.727817 34.416
 93    50.518 55467.11991382 44.91 125.236886  64.724707 34.416
