# NaN NaN NaN ;Mean Elev.(m), Avg Gradient(m/km), RMS Gradient(m/km) - SRTM1     
#   32.009  -1.276   9.000 ;Mean Elev.(m), Avg Gradient(m/km), RMS Gradient(m/km) - ASTER GDEM
#   25.302  -0.055  15.270 ;Mean Elev.(m), Avg Gradient(m/km), RMS Gradient(m/km) - GMTED2010 
  8 125.356943  64.832123    49.561    49.485  7 52492.12004423 47.785
 10 125.359062  64.832034    49.207    49.249  7 52562.12007355 47.411
 12 125.358713  64.831168    48.647    48.652  7 52632.12003150 25.999
 13 125.351539  64.835340    48.555    48.571  7 52667.12005074 22.733
 15 125.351606  64.836420    52.492    52.541  7 52737.12006329 10.914
 16 125.347600  64.839751    49.104    49.059  6 52772.12003124 39.269
 17 125.360179  64.831926    60.938    62.888  7 52807.12008712 16.696
 18 125.359003  64.830807    51.088    50.907  6 52842.12014620 26.549
 19 125.356136  64.834343    50.007    49.968  6 52877.12018425 21.303
 20 125.353066  64.836893    78.176    78.410  6 52912.12014233 12.379
 23 125.348903  64.839226    54.508    50.188  6 53017.12013164 12.636
 24 125.362453  64.830216    50.817    50.960  6 53052.12011203 11.792
 25 125.346503  64.845469    66.597    66.260  6 53087.12014656 10.392
 26 125.356247  64.830523    50.283    50.411  5 53122.12011896 24.965
 27 125.352299  64.835615    53.788    53.793  6 53157.12017401 28.134
 28 125.355388  64.832696    56.749    53.506  7 53192.12016709 15.655
 29 125.352688  64.834520    51.789    51.785  7 53227.12016811 39.130
 30 125.346319  64.844246    49.832    49.848  5 53262.12013991 35.721
 31 125.351282  64.835534    49.634    49.548  7 53297.12017722 45.757
 32 125.353405  64.834957    65.976    65.886  6 53332.12014926 11.442
 33 125.348583  64.840017    66.363    67.556  7 53367.12009391  8.755
 35 125.349543  64.838988    70.606    70.318  7 53437.12011119  7.114
 36 125.354982  64.832963    65.080    66.042  7 53472.12016464  6.715
 37 125.351628  64.836140    52.582    52.559  7 53507.12019433 42.179
 38 125.350398  64.836576    52.151    52.114  6 53542.12020112 29.862
 39 125.349261  64.840813    51.789    51.735  6 53577.12018787 25.655
 40 125.346521  64.844163    73.034    72.698  5 53612.12013952 16.675
 41 125.361102  64.831715    52.649    52.539  6 53647.12014607 16.794
 42 125.348914  64.839982    48.833    48.860  6 53682.12016075 23.464
 43 125.349704  64.838056    50.314    49.901  6 53717.12008851 14.142
 45 125.354399  64.835615    56.319    51.758  7 53787.12003826 11.058
 46 125.347105  64.844798    66.768    67.053  6 53822.11999142  8.925
 47 125.354017  64.833936    49.675    49.600  6 53857.12008421 19.995
 48 125.358909  64.832304    62.063    63.283  6 53892.12009744 18.188
 49 125.348903  64.839470    51.000    51.013  6 53927.12015688 48.846
 50 125.346697  64.842669    49.301    49.358  6 53962.12014087 44.500
 52 125.359413  64.830848    49.174    49.157  7 54032.12013808 43.615
 53 125.352552  64.835082    50.839    51.451  7 54067.12013152 17.481
 54 125.347686  64.841272    54.328    49.676  5 54102.12009111 15.432
 55 125.358198  64.831950    50.298    50.618  7 54137.12005970 12.134
 56 125.350012  64.840764    58.128    60.128  6 54172.12006814 11.195
 57 125.357945  64.831670    50.737    50.730  6 54207.12006520 12.033
 58 125.354089  64.834804    60.287    57.077  6 54242.12009713 25.938
 59 125.353494  64.834169    52.465    52.524  7 54277.12011151 50.044
 60 125.354059  64.834862    60.706    61.133  6 54312.12011219 14.091
 61 125.347200  64.839561    54.403    50.974  6 54347.12008422 20.284
 62 125.357949  64.831962    61.765    62.243  6 54382.12004968 34.204
 63 125.349017  64.837345    49.341    49.311  6 54417.12003382 26.587
 64 125.359126  64.829181    49.663    49.662  6 54452.12001943 16.295
 65 125.353552  64.834482    49.798    49.769  6 54487.12003131 14.371
 66 125.358832  64.833165    53.271    49.638  6 54522.12003200 11.383
 67 125.350340  64.839996    55.755    52.292  6 54557.12004061  8.346
 68 125.353503  64.832972    54.637    50.558  5 54592.12002805  9.941
 69 125.352921  64.837043    68.581    67.869  7 54627.12004302 14.581
 70 125.353641  64.836043    50.784    50.777  7 54662.12005085 49.339
 71 125.349983  64.838751    54.688    51.726  7 54697.12002598 17.227
 72 125.358521  64.832279    58.621    62.366  7 54732.12000777 20.429
 73 125.353045  64.835348    49.295    49.352  7 54767.12000585 43.792
 74 125.358010  64.831816    50.035    49.900  7 54802.12000186 18.491
 75 125.353553  64.835872    49.973    49.929  6 54837.11999808 13.322
 76 125.358573  64.832348    52.659    51.581  7 54872.12000039 11.915
 77 125.347731  64.842145    65.403    65.737  6 54907.12000494  9.378
 78 125.357350  64.832758    50.473    50.418  7 54942.11999308  6.844
 79 125.352957  64.834917    52.874    52.850  6 54977.12002056 37.378
 80 125.350837  64.835362    52.181    52.197  7 55012.12002888 50.243
 81 125.355019  64.834901    51.652    52.083  7 55047.12002079 17.463
 82 125.347377  64.840631    50.491    50.443  6 55082.11999188 51.309
 83 125.352778  64.826362    59.678    54.307  3 55117.11995445 21.451
 84 125.351299  64.836879    49.013    49.035  6 55152.11995050 29.510
 85 125.358559  64.832493    49.098    49.131  6 55187.11993987 25.476
 86 125.350382  64.835756    48.824    48.858  7 55222.11994930 21.818
 87 125.356058  64.832501    48.671    48.657  7 55257.11993610 20.776
 88 125.349159  64.841875    48.450    48.457  6 55292.11993627 17.939
 89 125.353156  64.835922    49.206    49.194  6 55327.11991954 35.124
 90 125.350560  64.837373    62.064    62.294  6 55362.11991567 13.869
 91 125.357006  64.831671    52.089    52.315  6 55397.11992390 17.206
 92 125.354737  64.834475    51.354    51.877  7 55432.11993113 17.500
 93 125.346796  64.841323    49.969    49.943  6 55467.11988965 25.266
