# NaN NaN NaN ;Mean Elev.(m), Avg Gradient(m/km), RMS Gradient(m/km) - SRTM1     
#  -27.996 -41.894  52.992 ;Mean Elev.(m), Avg Gradient(m/km), RMS Gradient(m/km) - ASTER GDEM
#    1.040 -13.021  61.240 ;Mean Elev.(m), Avg Gradient(m/km), RMS Gradient(m/km) - GMTED2010 
 10 126.922873  72.041350     3.067     3.067 16 52561.14049787 44.773
 11 126.917658  72.049414     1.633     1.988 19 52596.14050767 24.526
 12 126.925814  72.039436     5.486     5.273 14 52631.14044685 21.478
 15 126.918496  72.046503     1.883     1.786 20 52736.14047858 19.580
 17 126.886997  72.017666    15.657    13.799  6 52806.14050812 17.722
 18 126.922962  72.038810     4.358     4.182 15 52841.14056350 18.197
 19 126.876412  72.017794     8.693     8.693  2 52876.14060726 21.966
 20 126.916814  72.047219     3.293     2.563 19 52911.14056568 21.369
 23 126.916365  72.050089     1.349     1.252 20 53016.14055392 15.357
 24 126.928379  72.039376     2.124     1.516 15 53051.14053208 14.738
 25 126.917542  72.054417     1.476     1.444 20 53086.14056637 11.845
 26 126.924550  72.041771     2.649     2.529 15 53121.14053835 10.366
 28 126.879359  72.020298    12.876    13.035  4 53191.14058913 17.833
 29 126.880121  72.025335     7.294     7.743  5 53226.14059373 17.826
 30 126.882690  72.036851     7.411     6.911  8 53261.14056572 26.350
 31 126.920803  72.044480     5.018     5.031 17 53296.14059552 46.296
 32 126.920558  72.045385     2.545     2.517 17 53331.14056787 24.374
 35 126.916834  72.049624     2.196     2.194 20 53436.14053080 18.677
 36 126.923602  72.042105     2.253     2.112 15 53471.14058095 13.187
 37 126.920097  72.047429     3.352     3.302 18 53506.14061507 21.532
 38 126.879209  72.025315    10.898    11.138  4 53541.14062362 23.464
 39 126.881116  72.031549     7.534     7.519  6 53576.14061341 18.449
 41 126.923688  72.037923     4.424     4.107  9 53646.14056653 16.556
 42 126.920416  72.051328     2.639     2.623 20 53681.14058087 20.498
 43 126.917572  72.050090     3.225     2.706 20 53716.14050888 16.785
 44 126.930215  72.036338     5.716     3.267 14 53751.14042867 14.416
 45 126.920109  72.046032     2.427     2.343 18 53786.14045759 12.346
 46 126.914756  72.055557     2.240     2.258 21 53821.14041296 14.257
 47 126.923053  72.043886     2.740     2.516 16 53856.14050210 10.016
 48 126.923443  72.041527     8.070     8.106 16 53891.14051403 28.565
 49 126.917199  72.047282     7.114     7.252 19 53926.14057589 22.677
 50 126.870681  72.028109     7.823     7.823  2 53961.14056702 26.030
 51 126.937085  72.035507     7.807     6.417  7 53996.14050358 18.501
 52 126.927010  72.040525     5.594     5.614 15 54031.14055709 32.909
 53 126.920966  72.047041     3.547     2.330 18 54066.14055009 19.178
 54 126.918384  72.053314     2.931     2.963 21 54101.14051165 18.632
 55 126.926278  72.041209     5.014     2.959 15 54136.14047753 14.806
 57 126.925888  72.040675     3.304     2.501 15 54206.14048265 12.390
 59 126.920478  72.044961     9.749     9.776 17 54276.14053036 19.870
 61 126.919068  72.053664     5.199     4.547 20 54346.14050424 19.795
 62 126.923985  72.041052     1.683     1.404 16 54381.14046872 37.494
 63 126.919169  72.049298     2.410     2.398 19 54416.14045386 16.576
 64 126.924844  72.038732     2.498     2.084 15 54451.14043759 11.198
 65 126.920027  72.044133     2.755     2.290 17 54486.14045083 10.834
 66 126.922764  72.040567     2.963     3.053 15 54521.14045074  9.605
 67 126.920144  72.051817     2.565     2.524 20 54556.14046025  9.062
 68 126.922005  72.043611     2.847     2.697 16 54591.14044611  8.518
 69 126.916859  72.045511     9.881     9.905 19 54626.14046214 15.132
 70 126.884846  72.026192     9.161     9.311  6 54661.14047432 21.523
 71 126.876740  72.027212     9.434     9.215  5 54696.14045152 16.728
 72 126.916361  72.036954     7.448     7.428 14 54731.14042725 20.447
 73 126.921172  72.046039     5.156     5.198 18 54766.14042594 32.181
 76 126.926363  72.040802     4.525     2.355 15 54871.14041821 17.559
 77 126.917633  72.053492     2.152     2.255 20 54906.14042490 17.854
 78 126.921529  72.040450     5.845     6.139 16 54941.14041058 14.167
 79 126.922002  72.045397     5.663     5.847 18 54976.14043852 30.544
 80 126.920883  72.048278     7.580     7.554 18 55011.14044816 17.557
 81 126.922341  72.044919     4.263     4.356 16 55046.14043999 18.040
 82 126.881117  72.032882     8.520     8.479  7 55081.14041671 19.815
 83 126.924700  72.042129     6.901     7.214 16 55116.14037251 31.733
 84 126.922826  72.048828     2.415     2.161 18 55151.14037018 14.713
 85 126.924983  72.040831     2.869     2.621 16 55186.14035819 11.585
 86 126.918861  72.047622     2.273     2.310 19 55221.14036873 10.926
 87 126.924396  72.042310     2.881     2.786 16 55256.14035411 10.397
 88 126.917382  72.052676     2.959     2.987 21 55291.14035661  9.862
 89 126.916211  72.043417     7.819     5.433 17 55326.14033909 16.221
 90 126.879572  72.026873    11.140    11.123  5 55361.14033990 17.886
 91 126.927064  72.043576     7.296     7.520 14 55396.14034195 28.557
 92 126.881435  72.022898     9.169     9.133  4 55431.14035568 17.920
 93 126.913185  72.051679     3.044     3.229 18 55466.14031067 20.088
