# NaN NaN NaN ;Mean Elev.(m), Avg Gradient(m/km), RMS Gradient(m/km) - SRTM1     
#   50.102  -2.506  10.403 ;Mean Elev.(m), Avg Gradient(m/km), RMS Gradient(m/km) - ASTER GDEM
#   44.371  -1.639  13.726 ;Mean Elev.(m), Avg Gradient(m/km), RMS Gradient(m/km) - GMTED2010 
  8 129.202235  63.534863    70.569    70.029  5 52499.10636066 28.351
 10 129.212745  63.533545    68.696    68.744  5 52569.10637664 43.883
 11 129.199726  63.536312    91.106    91.717  5 52604.10636257 21.705
 12 129.214561  63.533186    92.933    93.198  5 52639.10634208 16.736
 13 129.202430  63.534806    91.408    91.551  5 52674.10633889 13.264
 14 129.213791  63.533321    93.511    93.662  5 52709.10635231 10.806
 15 129.199058  63.536999    92.409    92.538  5 52744.10638147 10.096
 17 129.215220  63.532564    84.256    84.167  4 52814.10640138 18.757
 18 129.213856  63.531237    72.674    72.632  5 52849.10645470 20.063
 19 129.204776  63.535796    70.799    70.857  5 52884.10648979 36.955
 20 129.201425  63.535474    85.090    83.618  5 52919.10644639 21.075
 21 129.222094  63.531327    68.037    68.090  5 52954.10640962 31.796
 22 129.216457  63.531588    85.273    90.729  5 52989.10641785 20.516
 23 129.207667  63.534007    91.591    92.408  5 53024.10640260 15.458
 24 129.217518  63.531367    92.253    92.783  5 53059.10639936 15.559
 25 129.193327  63.537586    91.914    92.047  5 53094.10643681 11.732
 26 129.217848  63.530851    90.958    90.586  5 53129.10640885  9.779
 28 129.208576  63.533367    72.710    72.500  5 53199.10647744 41.568
 29 129.210545  63.533274    85.247    88.808  5 53234.10644759 25.407
 30 129.192915  63.537163    86.278    86.791  5 53269.10641446 25.752
 31 129.207062  63.533767    69.801    69.776  4 53304.10647516 44.500
 32 129.203295  63.535593    88.110    90.152  5 53339.10644394 14.610
 33 129.197934  63.536094    91.540    91.664  5 53374.10637619 12.107
 35 129.194967  63.536476    91.668    91.853  5 53444.10640144 10.060
 36 129.207741  63.533967    91.547    91.731  4 53479.10647891  1.761
 37 129.206526  63.533415    73.778    73.728  5 53514.10648712 40.562
 38 129.199749  63.535792    72.494    72.542  4 53549.10650563 41.468
 39 129.203365  63.533808    82.866    86.746  5 53584.10646988 21.929
 40 129.192398  63.538169    85.422    90.139  5 53619.10642589 21.953
 41 129.212203  63.533979    69.872    69.873  5 53654.10645067 32.647
 42 129.202539  63.534419    68.725    68.788  5 53689.10644757 23.827
 43 129.197120  63.535889    84.860    89.484  4 53724.10637207 20.651
 44 129.221300  63.529574    73.101    69.416  5 53759.10631321 19.389
 45 129.205152  63.533560    83.908    83.798  5 53794.10633300 17.817
 46 129.221214  63.530171    84.261    84.922  5 53829.10630696 14.891
 47 129.210752  63.533639    87.272    87.171  4 53864.10638749 21.594
 48 129.210131  63.534536    75.776    75.766  5 53899.10641214 25.948
 50 129.198999  63.536684    78.146    73.664  4 53969.10642753 18.117
 51 129.222055  63.530825    72.887    72.957  4 54004.10640020 47.900
 52 129.214432  63.532154    68.187    68.211  5 54039.10643363 35.701
 53 129.206736  63.535311    69.683    68.594  5 54074.10642788 24.147
 54 129.192978  63.537029    91.359    91.549  4 54109.10637372 15.691
 55 129.212985  63.532864    92.652    93.077  5 54144.10636532 12.834
 57 129.211425  63.533987    86.109    91.347  5 54214.10637287  7.777
 58 129.208745  63.533378    80.689    75.779  5 54249.10640084 25.976
 59 129.207125  63.534497    78.857    73.889  5 54284.10640876 20.807
 60 129.206324  63.533417    73.291    73.391  5 54319.10640656 20.226
 61 129.200416  63.536690    72.306    72.348  5 54354.10636977 24.394
 62 129.209863  63.534306    69.476    69.526  5 54389.10634649 37.053
 63 129.202749  63.535257    78.478    70.882  5 54424.10631994 23.168
 64 129.215010  63.531593    92.105    92.360  5 54459.10632202 15.186
 65 129.202683  63.534109    92.573    92.742  5 54494.10632459 12.302
 66 129.213346  63.532409    93.039    93.439  5 54529.10633475 10.147
 67 129.198176  63.535941    92.711    92.894  5 54564.10633131  8.364
 68 129.207803  63.533312    71.235    70.793  5 54599.10633013 32.138
 69 129.206118  63.533936    77.918    73.803  5 54634.10634292 21.194
 70 129.203935  63.534053    85.087    86.880  5 54669.10634779 19.311
 71 129.201104  63.534914    72.698    72.623  3 54704.10631168 39.015
 72 129.212947  63.532757    71.860    71.895  4 54739.10631003 39.491
 73 129.203650  63.534952    69.117    69.124  4 54774.10629298 44.631
 74 129.214424  63.531748    68.796    68.849  5 54809.10630369 24.129
 75 129.204529  63.535925    68.671    68.782  5 54844.10629068 21.118
 76 129.210149  63.534778    68.308    68.301  5 54879.10630661 18.305
 77 129.198014  63.536667    75.718    70.643  5 54914.10629489 14.734
 78 129.208348  63.533104    68.318    68.356  5 54949.10629898 39.842
 79 129.207379  63.534893    74.681    74.710  5 54984.10632390 34.661
 80 129.207395  63.534381    72.754    72.743  4 55019.10632051 49.005
 81 129.206332  63.535535    82.559    86.607  5 55054.10631625 17.730
 82 129.198876  63.537039    74.352    72.880  5 55089.10627708 21.057
 83 129.211475  63.533002    70.515    70.486  5 55124.10625372 49.868
 84 129.201810  63.536047    69.011    69.007  4 55159.10623824 27.005
 85 129.215807  63.533698    69.120    69.131  5 55194.10624336 22.632
 87 129.209337  63.533532    73.342    68.150  5 55264.10623898 17.008
 88 129.200797  63.536589    82.975    81.051  5 55299.10622311 14.518
 89 129.205040  63.535514    72.245    72.316  5 55334.10621627 33.329
 90 129.205966  63.534900    84.782    83.142  4 55369.10620777 16.657
 91 129.213085  63.532724    87.262    87.293  5 55404.10622451 22.571
 92 129.204812  63.534791    86.582    86.497  5 55439.10622594 19.017
 93 129.199147  63.536768    91.947    92.334  4 55474.10617256 20.037
