# NaN NaN NaN ;Mean Elev.(m), Avg Gradient(m/km), RMS Gradient(m/km) - SRTM1     
#    5.000  -1.051   8.476 ;Mean Elev.(m), Avg Gradient(m/km), RMS Gradient(m/km) - ASTER GDEM
#   17.060  -0.891   7.969 ;Mean Elev.(m), Avg Gradient(m/km), RMS Gradient(m/km) - GMTED2010 
  7    42.063 52455.50499703  9.02 124.784680  69.400621 13.601
  7    34.851 52455.50499768  8.14 124.780490  69.403631 13.601
  8    15.830 52490.50497213 42.92 124.789823  69.404936 18.018
  8    15.516 52490.50497277 49.42 124.785633  69.407936 18.018
  8    15.953 52490.50497342 50.92 124.781443  69.410946 18.018
 10    13.722 52560.50499925 46.18 124.778770  69.399010 20.261
 10    14.542 52560.50499990 41.38 124.774580  69.402020 20.261
 10    14.099 52560.50500054 39.55 124.770380  69.405020 20.261
 10    13.801 52560.50500119 38.14 124.766190  69.408030 20.261
 11    20.161 52595.50500815 23.80 124.779102  69.402539  6.980
 11    19.299 52595.50500880 21.68 124.774912  69.405549  6.980
 11    18.812 52595.50500944 19.42 124.770712  69.408559  6.980
 12    42.969 52630.50494202 12.95 124.778625  69.398105  4.934
 12    40.101 52630.50494266 12.53 124.774435  69.401115  4.934
 12    37.702 52630.50494331 12.39 124.770245  69.404115  4.934
 12    33.689 52630.50494395 12.19 124.766047  69.407125  2.685
 14    39.260 52700.50494173 11.47 124.777423  69.399330  4.864
 14    38.164 52700.50494237  9.93 124.773233  69.402330  4.864
 14    35.176 52700.50494302  9.37 124.769033  69.405340  4.864
 14    31.610 52700.50494366  8.22 124.764843  69.408340  4.864
 15    44.804 52735.50497545  5.99 124.794756  69.402405  2.646
 15    38.295 52735.50497610  5.96 124.790566  69.405415  2.646
 15    34.038 52735.50497674  6.50 124.786366  69.408415  2.646
 15    21.214 52735.50497739  6.46 124.782176  69.411425  2.646
 17    22.519 52805.50499948 20.59 124.771829  69.397794 17.493
 17    22.092 52805.50500012 18.49 124.767639  69.400804 17.493
 17    22.286 52805.50500077 15.37 124.763439  69.403804 17.493
 17    22.301 52805.50500141 15.87 124.759250  69.406815 10.857
 18    18.090 52840.50506024 41.44 124.778269  69.398898 21.163
 18    17.987 52840.50506089 48.45 124.774079  69.401898 21.163
 18    18.067 52840.50506153 48.99 124.769889  69.404908 21.163
 18    18.427 52840.50506218 46.34 124.765689  69.407908 21.163
 19    22.469 52875.50509912 11.27 124.782189  69.398582 13.025
 19    18.697 52875.50509977 11.19 124.777999  69.401592 13.025
 19    19.859 52875.50510041 12.22 124.773809  69.404592 13.025
 19    19.550 52875.50510106 13.84 124.769619  69.407602 13.025
 20    16.874 52910.50506828 35.31 124.799117  69.403661 14.602
 20    16.795 52910.50506892 37.93 124.794927  69.406661 14.602
 20    16.542 52910.50506957 35.22 124.790737  69.409671 14.602
 20    16.648 52910.50507021 34.03 124.786547  69.412681 14.602
 21    13.414 52945.50501419 31.77 124.765292  69.405457  8.881
 21    13.489 52945.50501483 24.41 124.761102  69.408467  8.881
 23    46.877 53015.50505596  3.19 124.792266  69.401701  3.841
 23    41.469 53015.50505661  3.65 124.788066  69.404711  3.841
 23    40.903 53015.50505725  2.75 124.783876  69.407711  3.841
 23    51.670 53015.50505790  2.79 124.779686  69.410721  3.841
 24    55.602 53050.50503066  2.81 124.779250  69.396967  3.492
 24    48.853 53050.50503130  3.25 124.775060  69.399977  3.492
 24    53.925 53050.50503195  1.72 124.770870  69.402977  3.492
 24    52.112 53050.50503259  1.68 124.766680  69.405987  3.492
 25    57.600 53085.50506731  1.88 124.787463  69.400899  3.036
 25    57.713 53085.50506796  1.49 124.783273  69.403909  3.036
 25    55.150 53085.50506860  0.99 124.779083  69.406909  3.036
 25    54.296 53085.50506925  0.93 124.774883  69.409919  3.036
 26    54.587 53120.50503741  2.42 124.776900  69.398450  3.852
 26    53.308 53120.50503806  1.97 124.772710  69.401460  3.852
 26    50.694 53120.50503934  2.14 124.764330  69.407470  3.852
 27    16.408 53155.50509155 26.65 124.773309  69.401525 16.883
 27    16.452 53155.50509219 28.37 124.769109  69.404535 16.883
 27    16.354 53155.50509284 46.84 124.764919  69.407535 16.883
 34    47.224 53400.50504084  5.52 124.781789  69.398325  3.710
 34    45.247 53400.50504149  4.58 124.777599  69.401335  3.710
 34    42.185 53400.50504213  4.66 124.773409  69.404335  3.710
 34    52.658 53400.50504278  2.38 124.769219  69.407345  3.710
 35    47.160 53435.50503091  3.31 124.797703  69.402036  3.031
 35    54.885 53435.50503156  1.61 124.793513  69.405036  3.031
 35    54.848 53435.50503220  1.09 124.789323  69.408046  3.031
 35    53.035 53435.50503285  1.69 124.785133  69.411056  3.031
 36    56.994 53470.50507775  1.82 124.776239  69.398274  3.501
 36    56.287 53470.50507839  1.45 124.772049  69.401284  3.501
 36    56.372 53470.50507904  0.27 124.767859  69.404284  3.501
 36    52.666 53470.50507968  1.28 124.763659  69.407294  3.501
 37    55.797 53505.50511561 10.09 124.786597  69.398527 17.279
 37    54.920 53505.50511625  6.86 124.782400  69.401531 11.909
 38    28.063 53540.50511721 17.11 124.788482  69.398498 11.189
 38    51.401 53540.50511785 16.47 124.784292  69.401498 11.189
 38    19.498 53540.50511914 19.71 124.775912  69.407508 11.189
 38    20.058 53540.50511978 20.95 124.771712  69.410518 11.189
 39    18.669 53575.50511038 47.66 124.793024  69.400415 27.131
 39    18.898 53575.50511103 42.23 124.788834  69.403425 27.131
 39    18.891 53575.50511167 43.58 124.784644  69.406435 27.131
 39    19.260 53575.50511231 44.47 124.780454  69.409435 27.131
 40    58.419 53610.50506161  7.36 124.799186  69.402677  9.448
 40    57.100 53610.50506225  7.50 124.794996  69.405677  9.448
 40    53.933 53610.50506290  7.51 124.790806  69.408687  9.448
 40    53.243 53610.50506354  6.82 124.786616  69.411697  9.448
 43    48.692 53715.50500954  5.16 124.801498  69.401395  4.511
 43    56.041 53715.50501019  4.11 124.797308  69.404405  4.511
 43    54.969 53715.50501083  2.91 124.793118  69.407405  4.511
 43    54.016 53715.50501148  2.72 124.788928  69.410415  4.511
 43    53.249 53715.50501212  2.49 124.784728  69.413425  4.511
 44    44.580 53750.50492667  6.09 124.776820  69.398691  4.347
 44    40.660 53750.50492731  6.12 124.772620  69.401701  4.347
 44    36.344 53750.50492796  9.77 124.768430  69.404701  4.347
 44    18.276 53750.50492860 11.69 124.764230  69.407711  4.347
 45    56.585 53785.50495702  2.18 124.793978  69.401476  3.800
 45    54.652 53785.50495767  1.77 124.789788  69.404486  3.800
 45    54.911 53785.50495831  1.12 124.785598  69.407486  3.800
 45    53.191 53785.50495896  1.35 124.781398  69.410496  3.800
 46    58.482 53820.50491548  1.46 124.807247  69.404521  2.662
 46    57.904 53820.50491612  0.83 124.803055  69.407530  3.402
 46    55.991 53820.50491741  0.16 124.794675  69.413540  3.402
 47    56.026 53855.50499997  1.48 124.779464  69.396647  3.416
 47    50.257 53855.50500061  2.08 124.775274  69.399657  3.416
 47    40.192 53855.50500126  3.55 124.771084  69.402657  3.416
 47    53.182 53855.50500190  0.30 124.766884  69.405667  3.416
 47    49.877 53855.50500255  1.31 124.762694  69.408677  3.416
 48    28.292 53890.50501091 25.95 124.789831  69.400192  8.806
 48    28.136 53890.50501155 22.98 124.785641  69.403202  8.806
 48    27.561 53890.50501220 19.25 124.781451  69.406212  8.806
 48    26.974 53890.50501284 17.71 124.777251  69.409212  8.806
 49    19.229 53925.50507484 51.37 124.777962  69.396971 25.125
 49    19.622 53925.50507549 47.28 124.773772  69.399981 25.125
 49    19.919 53925.50507613 49.97 124.769582  69.402981 25.125
 49    20.041 53925.50507678 47.84 124.765392  69.405991 25.125
 50    21.647 53960.50506286 13.69 124.789465  69.399904 24.534
 50    20.345 53960.50506350 13.86 124.785283  69.402910 11.605
 50    21.053 53960.50506415 14.98 124.781093  69.405920 11.605
 50    20.270 53960.50506479 18.80 124.776893  69.408920 11.605
 51    18.626 53995.50499971 55.39 124.769667  69.395472 26.444
 51    19.298 53995.50500035 49.46 124.765467  69.398482 26.444
 51    19.297 53995.50500100 49.92 124.761277  69.401482 26.444
 51    19.460 53995.50500164 46.95 124.757077  69.404492 26.444
 51    19.553 53995.50500229 47.35 124.752887  69.407492 26.444
 52    14.538 54030.50505580 41.98 124.778221  69.399889 19.103
 52    14.398 54030.50505645 41.54 124.774021  69.402899 19.103
 52    15.025 54030.50505709 36.52 124.769831  69.405909 19.103
 52    13.749 54030.50505774 38.59 124.765631  69.408909 19.103
 54    40.268 54100.50501339 10.89 124.797095  69.402843  3.922
 54    36.820 54100.50501403 11.60 124.792909  69.405848  4.852
 54    17.752 54100.50501468 17.54 124.788719  69.408858  4.852
 54    13.586 54100.50501532 18.11 124.784529  69.411858  4.852
 55    41.139 54135.50497555 10.11 124.776341  69.399448  3.850
 55    40.199 54135.50497620  8.87 124.772151  69.402458  3.850
 55    35.453 54135.50497684 10.90 124.767961  69.405458  3.850
 55    18.268 54135.50497749 14.30 124.763761  69.408468  3.850
 57    43.696 54205.50497985  9.06 124.776929  69.397578  5.226
 57    21.379 54205.50498049 10.73 124.772739  69.400588  5.226
 57    20.410 54205.50498114  9.76 124.768539  69.403588  5.226
 57    33.148 54205.50498178  8.51 124.764349  69.406598  5.226
 58    56.895 54240.50501348  9.37 124.789128  69.398725 11.814
 58    55.712 54240.50501412  8.65 124.784938  69.401735 11.814
 58    52.584 54240.50501477  9.91 124.780748  69.404745 11.814
 58    34.096 54240.50501606 15.20 124.772358  69.410755 11.814
 59    23.090 54275.50502947 29.46 124.788175  69.399929  9.618
 59    23.357 54275.50503012 29.43 124.783985  69.402939  9.618
 59    22.811 54275.50503076 31.06 124.779795  69.405949  9.618
 59    23.060 54275.50503141 32.50 124.775595  69.408949  9.618
 61    57.104 54345.50500629 13.98 124.797851  69.403905 14.425
 61    55.175 54345.50500694 12.71 124.793661  69.406915 14.425
 61    53.963 54345.50500758 12.47 124.789471  69.409925 14.425
 61    51.591 54345.50500822 15.95 124.785271  69.412925 14.425
 62    22.108 54380.50496682 25.21 124.781995  69.397514  9.159
 62    21.538 54380.50496746 24.19 124.777805  69.400524  9.159
 62    20.975 54380.50496811 19.81 124.773615  69.403524  9.159
 62    20.043 54380.50496875 18.46 124.769415  69.406534  9.159
 63    42.846 54415.50495415 11.47 124.794408  69.399590  7.197
 63    45.080 54415.50495480  8.96 124.790218  69.402600  7.197
 64    47.202 54450.50493478  6.70 124.778318  69.396781  4.441
 64    41.867 54450.50493543  9.21 124.774118  69.399781  4.441
 64    19.164 54450.50493672 13.15 124.765738  69.405801  4.441
 65    56.709 54485.50495020  2.29 124.786941  69.401474  3.304
 65    55.086 54485.50495084  2.05 124.782751  69.404484  3.304
 65    53.954 54485.50495149  1.66 124.778561  69.407494  3.304
 65    52.106 54485.50495213  1.41 124.774371  69.410494  3.304
 66    47.445 54520.50494856  3.41 124.781294  69.399270  3.256
 66    54.828 54520.50494921  1.67 124.777104  69.402270  3.256
 66    53.571 54520.50494985  1.40 124.772914  69.405280  3.256
 66    52.959 54520.50495050  0.73 124.768714  69.408280  3.256
 67    60.368 54555.50496079  1.04 124.797862  69.400204  2.330
 67    60.195 54555.50496143  0.77 124.793672  69.403214  2.330
 67    59.359 54555.50496208  0.35 124.789482  69.406214  2.330
 69    24.399 54625.50496109 15.66 124.789587  69.400847 13.508
 69    23.858 54625.50496173 16.90 124.785387  69.403857 13.508
 69    23.051 54625.50496238 17.32 124.781197  69.406857 13.508
 69    23.130 54625.50496302 18.13 124.777007  69.409867 13.508
 70    18.555 54660.50496944 26.20 124.783288  69.400573 19.214
 70    18.235 54660.50497008 26.66 124.779098  69.403583 19.214
 70    18.222 54660.50497073 28.78 124.774908  69.406583 19.214
 70    18.482 54660.50497137 34.81 124.770718  69.409593 19.214
 71    20.545 54695.50494720 41.37 124.796835  69.400013 14.086
 71    18.499 54695.50494784 47.46 124.792645  69.403023 14.086
 71    19.906 54695.50494849 39.40 124.788455  69.406023 14.086
 71    19.611 54695.50494913 44.72 124.784255  69.409033 14.086
 71    18.431 54695.50494978 44.30 124.780065  69.412043 14.086
 72    38.118 54730.50492449 15.58 124.780039  69.398850 15.497
 72    37.786 54730.50492514 13.00 124.775849  69.401860 15.497
 72    21.224 54730.50492578 13.86 124.771649  69.404860 15.497
 72    21.456 54730.50492643 14.23 124.767459  69.407870 15.497
 73    13.213 54765.50492689 38.90 124.780508  69.405241 12.681
 73    12.938 54765.50492754 41.94 124.776308  69.408251 12.681
 74    41.688 54800.50491808 11.74 124.776473  69.397907  8.167
 74    12.950 54800.50492002 24.14 124.763893  69.406917  8.167
 75    46.703 54835.50491761  2.35 124.787563  69.401175  3.720
 75    54.954 54835.50491825  1.39 124.783373  69.404185  3.720
 75    53.177 54835.50491890  1.56 124.779183  69.407195  3.720
 75    37.974 54835.50491954  2.28 124.774983  69.410195  3.720
 76    43.930 54870.50491593  4.51 124.776240  69.399360  4.139
 76    43.654 54870.50491658  2.38 124.772050  69.402370  4.139
 76    51.628 54870.50491722  1.06 124.767860  69.405370  4.139
 76    36.355 54870.50491786  1.92 124.763660  69.408380  4.139
 77    57.747 54905.50492621  0.69 124.794741  69.403000  2.914
 77    56.124 54905.50492686  0.65 124.790551  69.406010  2.914
 78    59.318 54940.50490777  1.96 124.780065  69.398936  2.451
 78    58.247 54940.50490842  1.73 124.775865  69.401936  2.451
 78    58.818 54940.50490906  1.40 124.771675  69.404946  2.451
 78    57.038 54940.50490971  1.25 124.767485  69.407956  2.451
 79    19.282 54975.50493734 32.92 124.784054  69.400199 19.813
 79    19.359 54975.50493798 23.68 124.779854  69.403209 19.813
 79    19.950 54975.50493863 21.98 124.775664  69.406209 19.813
 79    19.839 54975.50493927 20.76 124.771474  69.409219 19.813
 80    21.977 55010.50494801 45.41 124.791928  69.399193 19.381
 80    22.863 55010.50494865 45.01 124.787738  69.402193 19.381
 80    22.039 55010.50494930 48.02 124.783548  69.405203 19.381
 80    21.484 55010.50494994 48.23 124.779358  69.408213 19.381
 80    21.535 55010.50495059 48.82 124.775158  69.411213 19.381
 81    10.016 55045.50493901 23.09 124.787996  69.398603 15.002
 81    14.381 55045.50493965 23.39 124.783806  69.401613 15.002
 81    11.452 55045.50494030 23.71 124.779616  69.404623 15.002
 81    16.156 55045.50494094 24.79 124.775416  69.407623 15.002
 81    17.530 55045.50494159 28.32 124.771226  69.410633 15.002
 82    18.910 55080.50491376 34.97 124.798854  69.401455 20.738
 82    17.688 55080.50491440 36.09 124.794664  69.404465 20.738
 82    18.241 55080.50491505 30.44 124.790474  69.407465 20.738
 82    17.714 55080.50491569 36.81 124.786284  69.410475 20.738
 83    15.493 55115.50487116 27.33 124.782446  69.398526 14.007
 83    21.012 55115.50487180 22.90 124.778256  69.401536 14.007
 83    20.364 55115.50487245 17.50 124.774056  69.404546 14.007
 83    19.336 55115.50487309 18.50 124.769866  69.407546 14.007
 84    12.459 55150.50487208 20.44 124.777829  69.407544  7.050
 84    12.740 55150.50487272 19.50 124.773629  69.410544  7.050
 85    41.515 55185.50485602 11.49 124.777556  69.398196  5.802
 85    20.296 55185.50485666 15.46 124.773366  69.401196  5.802
 85    19.544 55185.50485731 15.28 124.769176  69.404206  5.802
 85    13.175 55185.50485795 16.01 124.764976  69.407206  5.802
 86    37.078 55220.50486834 10.06 124.792266  69.399278  4.809
 86    40.612 55220.50486899  6.69 124.788076  69.402278  4.809
 86    36.888 55220.50486963  7.81 124.783886  69.405288  4.809
 86    34.023 55220.50487028  7.54 124.779696  69.408298  4.809
 86    29.944 55220.50487092  7.59 124.775496  69.411298  4.809
 87    43.361 55255.50485184  7.24 124.782868  69.398349  5.912
 87    38.316 55255.50485249  8.29 124.778678  69.401349  5.912
 87    36.234 55255.50485313  7.39 124.774478  69.404359  5.912
 87    18.254 55255.50485378 12.15 124.770288  69.407359  5.912
 88    56.915 55290.50485803  0.46 124.796526  69.402699  3.065
 88    53.650 55290.50485996  0.34 124.783956  69.411719  3.065
 89    21.795 55325.50483763 17.99 124.787377  69.398244 15.640
 89    12.514 55325.50483892 21.36 124.778997  69.404264 15.640
 89    13.567 55325.50483956 22.66 124.774807  69.407264 15.640
 89    13.737 55325.50484020 20.56 124.770607  69.410274 15.640
 90    20.817 55360.50483517 26.97 124.790302  69.400941  9.909
 90    20.550 55360.50483582 27.77 124.786112  69.403951  9.909
 90    20.095 55360.50483646 29.15 124.781922  69.406961  9.909
 90    20.183 55360.50483710 30.77 124.777732  69.409961  9.909
 91    17.937 55395.50484045 23.16 124.781910  69.398038 18.265
 91    17.909 55395.50484109 18.34 124.777720  69.401048 18.265
 91    17.885 55395.50484174 19.08 124.773530  69.404048 18.265
 91    17.987 55395.50484238 20.11 124.769340  69.407058 18.265
 92    21.143 55430.50485031 16.49 124.789305  69.398914 10.844
 92    20.443 55430.50485095 15.83 124.785115  69.401914 10.844
 92    18.369 55430.50485160 16.13 124.780915  69.404924 10.844
 92    18.962 55430.50485224 17.25 124.776725  69.407934 10.844
 92    18.609 55430.50485289 17.94 124.772535  69.410934 10.844
 93    57.110 55465.50481207  1.74 124.801137  69.403332  8.458
 93    56.586 55465.50481271  1.05 124.796947  69.406342  8.458
 93    54.582 55465.50481336  1.32 124.792757  69.409342  8.458
 93    52.296 55465.50481400  3.77 124.788557  69.412352  8.458
