# NaN NaN NaN ;Mean Elev.(m), Avg Gradient(m/km), RMS Gradient(m/km) - SRTM1     
#  120.033  -2.662  13.293 ;Mean Elev.(m), Avg Gradient(m/km), RMS Gradient(m/km) - ASTER GDEM
#  124.284  -2.526  13.937 ;Mean Elev.(m), Avg Gradient(m/km), RMS Gradient(m/km) - GMTED2010 
  7 120.252651  60.339592   128.691   128.632 10 52460.12497588 32.778
  9 120.258256  60.336185   126.619   126.634  4 52530.12495376 13.014
 10 120.267898  60.345894   136.367   136.833  7 52565.12496981 42.006
 11 120.230194  60.328225   129.128   126.178 10 52600.12500044 27.980
 13 120.242430  60.334594   125.415   125.372 11 52670.12496545 18.828
 15 120.233874  60.326373   126.908   126.930  7 52740.12499202  9.239
 16 120.232894  60.326629   126.094   126.044  6 52775.12493938 30.839
 17 120.256028  60.340793   128.054   128.016 10 52810.12501034 21.547
 18 120.258141  60.341485   125.452   125.458 11 52845.12506632 29.699
 19 120.246163  60.336650   127.474   127.439 10 52880.12510518 15.722
 20 120.244900  60.339735   126.988   127.259  8 52915.12506229 16.857
 21 120.272703  60.348078   125.145   125.138 10 52950.12501955 38.386
 22 120.259040  60.342363   125.212   125.242 11 52985.12504537 27.225
 23 120.242044  60.335017   125.287   125.290 11 53020.12503802 20.191
 26 120.260347  60.343283   126.224   126.335 10 53125.12503031 11.020
 27 120.241805  60.335082   129.940   130.074 10 53160.12509281 20.493
 28 120.250819  60.338642   128.146   128.202 11 53195.12508829 19.962
 29 120.250332  60.337819   127.611   127.572 10 53230.12507670 19.020
 30 120.225354  60.327074   126.816   126.786  9 53265.12505030 19.049
 31 120.240144  60.332509   133.438   133.866 10 53300.12509647 45.711
 32 120.244570  60.335585   126.157   126.121 11 53335.12506586 28.753
 35 120.235188  60.333528   126.163   126.005 12 53440.12502624 14.336
 36 120.246671  60.336179   127.495   127.577 10 53475.12508851  7.476
 37 120.242931  60.330380   131.074   131.007  7 53510.12510573 48.372
 38 120.237599  60.333711   128.869   128.867 12 53545.12512185 40.275
 40 120.229189  60.331273   126.047   126.022 12 53615.12505387 44.276
 41 120.256962  60.341142   125.163   125.150 11 53650.12506130 27.656
 42 120.234095  60.328087   125.838   125.573  7 53685.12507505 39.675
 43 120.237440  60.332921   126.166   126.152 11 53720.12500046 22.527
 44 120.269820  60.346097   125.230   125.211 10 53755.12492140 18.701
 45 120.248600  60.336834   125.158   125.168 10 53790.12495340 15.970
 48 120.255566  60.340945   133.486   133.194 10 53895.12502018 28.363
 49 120.232954  60.332231   127.063   127.054 12 53930.12507598 45.661
 50 120.226874  60.324574   128.536   128.485  7 53965.12505606 25.156
 51 120.273019  60.347557   129.896   129.350  9 54000.12500675 14.051
 52 120.255830  60.339836   134.388   133.671 10 54035.12505255 38.918
 56 120.237230  60.333177   125.060   125.096 12 54175.12498283 14.844
 57 120.247972  60.333320   137.571   125.288  4 54210.12498641 15.783
 58 120.238856  60.323755   130.521   130.521  2 54245.12501878 48.436
 59 120.248050  60.337297   130.816   130.842 11 54280.12502759 28.281
 60 120.245496  60.335751   126.709   126.716 10 54315.12502735 36.472
 61 120.236935  60.333459   126.032   126.066 12 54350.12499667 46.976
 62 120.253832  60.339826   138.079   138.561  8 54385.12496492 29.684
 63 120.237903  60.333688   133.110   132.678 11 54420.12494640 33.901
 64 120.263927  60.345666   178.980   179.290  8 54455.12493532  1.085
 65 120.236634  60.325748   125.581   125.233  5 54490.12494810 18.646
 67 120.238249  60.333969   125.827   125.833 11 54560.12495539 11.994
 68 120.246810  60.336749   128.486   127.481 10 54595.12494613 27.691
 69 120.245246  60.336245   131.564   131.580 11 54630.12496058 34.317
 70 120.244463  60.335455   127.783   127.445 11 54665.12496737 16.067
 71 120.235182  60.329879   128.017   128.068  8 54700.12493904 46.013
 72 120.257375  60.341447   127.692   127.521 11 54735.12492469 22.004
 73 120.242199  60.333203   134.045   132.182 10 54770.12491879 44.158
 74 120.257175  60.343624   155.368   157.332  9 54805.12491819  4.086
 75 120.243517  60.331998   135.272   135.558  7 54840.12491356 19.417
 77 120.235052  60.334255   125.532   125.517 12 54910.12491946 18.368
 78 120.252646  60.339555   127.500   127.580 11 54945.12491213 21.487
 79 120.243518  60.334599   132.657   132.631 10 54980.12493994 20.453
 80 120.244993  60.335329   128.859   128.834 10 55015.12494289 44.305
 81 120.247384  60.337043   127.337   127.315 11 55050.12493636 40.998
 82 120.230592  60.328842   137.489   134.319  9 55085.12490530 25.049
 83 120.257571  60.341285   126.176   126.159 10 55120.12486831 32.868
 84 120.238355  60.332804   136.220   137.548 10 55155.12486413 24.745
 85 120.250135  60.332673   142.170   130.745  5 55190.12485928 19.315
 86 120.238040  60.329989   137.033   130.443  7 55225.12486464 16.152
 87 120.250082  60.338443   148.304   148.304  2 55260.12485417 14.099
 88 120.236937  60.333627   125.906   125.910 12 55295.12484978 13.916
 89 120.243474  60.334904   129.308   129.210 10 55330.12483630 29.976
 90 120.241148  60.334481   127.797   127.783 11 55365.12483052 20.698
 91 120.254353  60.338249   133.841   133.001  9 55400.12484079 36.720
 92 120.244890  60.334279   128.431   128.356  8 55435.12484698 14.252
 93 120.233847  60.333496   126.335   126.329 12 55470.12480139 49.326
