# NaN NaN NaN ;Mean Elev.(m), Avg Gradient(m/km), RMS Gradient(m/km) - SRTM1     
#    5.934  -0.187  13.814 ;Mean Elev.(m), Avg Gradient(m/km), RMS Gradient(m/km) - ASTER GDEM
#   17.000  -1.325  14.618 ;Mean Elev.(m), Avg Gradient(m/km), RMS Gradient(m/km) - GMTED2010 
  6 124.339192  69.196570    23.566    23.589  4 52439.50695988 20.960
  7 124.344670  69.196802    57.896    57.907  3 52474.50695827 14.841
  8 124.350889  69.203844    66.197    66.257  6 52509.50692187  5.770
  9 124.339720  69.196609    17.798    17.956  5 52544.50692171 24.588
 10 124.341460  69.197423    61.023    61.874  5 52579.50695947 17.297
 11 124.347911  69.204189    58.960    59.127  6 52614.50692761 14.366
 12 124.343274  69.199012    60.828    61.007  5 52649.50690684 11.118
 13 124.351550  69.205891    59.924    59.100  6 52684.50688983  8.963
 14 124.343367  69.197702    62.429    62.574  5 52719.50694182  7.428
 15 124.345267  69.199308    63.526    63.728  4 52754.50696646  6.843
 16 124.333121  69.193675    69.319    69.091  5 52789.50691355  9.899
 17 124.338576  69.196198    19.655    19.758  4 52824.50698413 49.124
 18 124.341714  69.196659    17.867    17.499  5 52859.50703024 43.710
 19 124.346856  69.198099    68.155    68.650  5 52894.50706138  9.192
 20 124.352007  69.206256    58.213    57.054  6 52929.50701232 14.729
 21 124.338950  69.195556    60.748    60.780  5 52964.50699761 11.467
 22 124.341907  69.198735    61.068    60.961  5 52999.50703403  8.082
 23 124.352254  69.204437    63.337    63.225  6 53034.50698557  5.743
 24 124.345875  69.197892    65.694    66.011  5 53069.50700156  6.556
 25 124.355469  69.205179    64.514    64.338  6 53104.50698733  4.597
 26 124.342656  69.196952    70.218    70.468  5 53139.50700702  3.329
 27 124.343455  69.197927    67.642    67.614  4 53174.50704439  6.943
 28 124.344509  69.201047    29.939    21.488  5 53209.50706207 15.576
 29 124.350301  69.203235    19.590    18.793  6 53244.50703004 28.156
 30 124.329425  69.197640    21.396    21.586  3 53279.50700982 17.161
 31 124.343757  69.197663    61.631    61.618  5 53314.50703124 13.745
 32 124.347583  69.204505    54.863    58.787  6 53349.50699804 12.046
 33 124.335735  69.195259    60.479    60.749  4 53384.50697240  8.972
 34 124.348376  69.204290    59.806    61.269  6 53419.50697964  8.757
 35 124.334783  69.194182    61.701    61.940  4 53454.50698406  7.367
 38 124.344280  69.198771    20.776    20.218  5 53559.50708297 15.563
 39 124.358120  69.204692    55.905    62.295  5 53594.50702144  9.158
 40 124.328625  69.191552    39.680    38.713  4 53629.50701267 14.940
 41 124.341313  69.198221    61.753    61.838  5 53664.50703735 14.349
 42 124.349704  69.203694    59.367    59.336  7 53699.50699524 11.531
 43 124.359813  69.207398    62.602    63.410  6 53734.50691786  8.487
 44 124.344883  69.200493    61.749    61.797  5 53769.50690214  7.742
 45 124.355059  69.205352    63.494    63.873  6 53804.50689785  5.172
 48 124.343068  69.193568    42.009    42.009  2 53909.50700750 16.036
 49 124.342888  69.196836    63.696    63.667  5 53944.50703006  6.162
 50 124.351269  69.204120    19.441    19.422  7 53979.50697972 24.597
 51 124.335317  69.194120    40.742    40.618  4 54014.50699356 20.180
 52 124.347334  69.202508    49.051    48.575  6 54049.50699923 14.331
 54 124.360069  69.207165    62.278    64.137  6 54119.50692036  8.601
 55 124.347015  69.198406    62.414    62.649  5 54154.50694716  8.133
 56 124.357201  69.204826    63.754    64.293  6 54189.50691577  6.477
 57 124.343491  69.196827    71.480    71.252  5 54224.50695769  3.017
 58 124.344411  69.200813    26.448    26.339  4 54259.50697928 47.340
 59 124.345109  69.200849    67.309    68.082  5 54294.50698257  8.244
 60 124.348048  69.204931    19.008    18.550  6 54329.50697689 23.589
 61 124.358838  69.204319    67.767    68.445  5 54364.50692249  6.791
 62 124.346360  69.199634    62.106    62.308  5 54399.50691686 13.235
 63 124.353885  69.204864    61.421    61.549  6 54434.50687521  8.117
 64 124.342603  69.197171    61.941    62.181  5 54469.50689973  7.178
 65 124.351424  69.205759    61.415    62.535  6 54504.50689004  5.319
 66 124.347096  69.201481    65.615    66.212  6 54539.50691556  4.865
 67 124.355265  69.205162    67.390    67.418  6 54574.50689060  2.645
 68 124.346680  69.199908    62.613    68.170  5 54609.50690793 14.518
 69 124.347162  69.200562    22.206    21.760  5 54644.50691583 18.333
 70 124.344808  69.201477    18.740    19.139  5 54679.50691762 36.053
 71 124.356640  69.206414    41.394    34.721  5 54714.50686960 16.794
 72 124.342413  69.197702    61.328    62.000  5 54749.50688700 16.897
 73 124.348726  69.204930    55.488    59.805  6 54784.50685755 10.330
 74 124.343817  69.197269    62.123    62.472  5 54819.50687951  8.293
 75 124.349898  69.204154    60.773    60.270  6 54854.50685417  6.545
 76 124.345785  69.200243    62.704    62.772  5 54889.50688449  5.393
 77 124.355718  69.206299    64.397    64.268  6 54924.50685383  4.223
 78 124.341285  69.198200    13.706    12.914  5 54959.50688209 27.963
 79 124.345428  69.199580    67.902    68.098  4 54994.50690412 10.719
 80 124.346529  69.202147    19.260    19.297  5 55029.50689448 41.752
 81 124.349313  69.201747    21.211    20.757  6 55064.50688564 16.468
 82 124.356310  69.207179    23.424    22.994  6 55099.50683058 22.236
 83 124.344341  69.197456    62.021    62.128  5 55134.50682948 15.339
 84 124.351516  69.205186    60.208    59.692  6 55169.50679478  9.985
 85 124.343687  69.197635    61.641    61.705  5 55204.50682258  7.305
 86 124.351951  69.205308    56.419    61.478  6 55239.50680152  6.113
 87 124.347544  69.201928    61.757    61.820  6 55274.50681712  5.322
 88 124.357678  69.203992    70.530    70.299  6 55309.50678476  6.238
 90 124.351069  69.202602    19.514    19.560  6 55379.50677984 24.863
 91 124.341890  69.198208    17.160    16.943  4 55414.50680486 24.299
 92 124.349871  69.204159    19.762    18.841  6 55449.50679280 24.112
 93 124.361300  69.206219    63.604    64.848  6 55484.50671862 15.686
