# NaN NaN NaN ;Mean Elev.(m), Avg Gradient(m/km), RMS Gradient(m/km) - SRTM1     
#    3.000   0.000   0.038 ;Mean Elev.(m), Avg Gradient(m/km), RMS Gradient(m/km) - ASTER GDEM
#    1.000   0.000   0.000 ;Mean Elev.(m), Avg Gradient(m/km), RMS Gradient(m/km) - GMTED2010 
  7 127.920211  72.323358     1.345     1.607  6 52456.48367597 16.488
 10 127.912472  72.321914     1.235     1.204  9 52561.48367723 41.184
 12 127.909105  72.321667     1.379     1.308 10 52631.48362911 26.400
 15 127.933330  72.322534     1.533     1.520  7 52736.48366116 18.250
 16 127.943309  72.322630     1.434     1.392  6 52771.48363556 25.090
 17 127.908468  72.318387     3.428     3.363 13 52806.48368490 22.226
 18 127.911221  72.320841    -1.040    -1.045 10 52841.48374478 20.714
 19 127.913494  72.322295     1.069     1.083  8 52876.48378372 37.042
 20 127.945044  72.321977     1.410     1.391  6 52911.48374504 38.386
 23 127.933140  72.322366     1.540     1.531  7 53016.48373456 25.478
 24 127.908838  72.321753     1.473     1.465 10 53051.48371272 23.665
 25 127.920929  72.325668     1.472     1.478  5 53086.48374959 22.154
 26 127.907667  72.322690     1.394     1.356 10 53121.48371964 14.741
 28 127.921509  72.325801     2.892     2.910  5 53191.48376656 12.627
 29 127.932522  72.322157     1.372     1.400  7 53226.48376954 41.103
 30 127.938786  72.322060     1.427     1.392  7 53261.48374314 46.116
 31 127.906697  72.320352     2.597     2.603 12 53296.48377723 34.586
 32 127.918858  72.324614     1.595     1.576  6 53331.48374989 27.580
 34 127.914079  72.322141     1.536     1.422  9 53401.48372334 23.060
 35 127.939240  72.321795     1.730     1.705  6 53436.48371202 23.530
 36 127.908775  72.321586     1.522     1.476 10 53471.48376318 20.460
 37 127.917072  72.323970     0.697     0.702  7 53506.48379680 25.866
 38 127.917477  72.324278     1.999     1.957  6 53541.48380156 16.282
 39 127.934600  72.321052     0.721     0.713  7 53576.48379006 28.359
 40 127.941648  72.322042     1.097     1.055  6 53611.48374178 32.065
 41 127.908462  72.321704     1.439     1.552 11 53646.48374688 39.455
 42 127.920042  72.323782     1.450     1.465  6 53681.48376306 22.214
 43 127.943466  72.321243     1.618     1.626  6 53716.48368961 22.218
 44 127.910971  72.320823     1.334     1.264 10 53751.48360882 21.772
 45 127.932740  72.322165     1.509     1.507  7 53786.48363865 16.315
 46 127.951816  72.323721     1.534     1.536  3 53821.48359447 14.453
 47 127.912290  72.320645     1.241     1.215 10 53856.48368379 15.543
 48 127.921293  72.323172     3.381     3.388  6 53891.48369609 30.380
 49 127.908275  72.322551     2.199     2.231 10 53926.48375832 15.165
 50 127.922562  72.324676     1.208     1.204  5 53961.48374399 43.737
 51 127.910051  72.312987    -3.673    -3.645 15 53996.48368359 21.925
 52 127.914393  72.321235     1.918     1.897  9 54031.48373797 39.409
 53 127.923859  72.325793     1.780     1.794  5 54066.48373223 22.494
 54 127.938813  72.322868     1.830     1.856  6 54101.48369327 23.505
 55 127.910630  72.321641     1.511     1.472  9 54136.48365917 19.305
 56 127.937821  72.320769     1.691     1.712  7 54171.48366936 12.323
 57 127.907174  72.321962     1.404     1.397 11 54206.48366440 15.745
 58 127.916237  72.325642    -0.063    -0.057  6 54241.48369784 21.376
 59 127.918649  72.324283     2.941     2.931  6 54276.48371230 12.319
 61 127.940430  72.322903     1.416     1.409  6 54346.48368606 34.949
 62 127.914194  72.321138     1.375     1.380  9 54381.48364960 39.087
 63 127.933017  72.321695     1.589     1.617  7 54416.48363495 23.422
 64 127.907596  72.321215     1.424     1.449 11 54451.48361858 18.820
 65 127.921367  72.324324     1.438     1.413  5 54486.48363220 17.355
 66 127.913837  72.322760     1.407     1.366  8 54521.48363196 17.789
 67 127.937422  72.321265     1.294     1.291  6 54556.48364187 13.580
 68 127.916516  72.322937     1.105     1.105  7 54591.48362805 13.885
 69 127.921349  72.324968     1.203     1.154  6 54626.48364408 19.065
 70 127.917304  72.322922     0.619     0.626  7 54661.48365175 23.864
 71 127.936880  72.321754     1.167     1.136  6 54696.48362765 24.465
 72 127.909837  72.322811    -0.492    -0.604  9 54731.48360790 18.777
 73 127.917909  72.325484     1.853     1.860  6 54766.48360756 37.574
 74 127.909423  72.320973     1.460     1.467 10 54801.48360141 25.084
 75 127.919060  72.325115     1.505     1.507  6 54836.48359967 26.667
 76 127.912095  72.320789     1.471     1.473 10 54871.48359950 23.496
 77 127.938792  72.321767     1.609     1.582  6 54906.48360652 23.254
 78 127.910151  72.322745     1.430     1.397  9 54941.48359252 19.439
 79 127.918211  72.323285     2.591     2.578  6 54976.48362078 38.261
 80 127.922538  72.324349     1.174     1.649  5 55011.48363011 18.988
 81 127.917123  72.324313     1.032     1.040  7 55046.48362193 33.853
 82 127.943889  72.320613     1.209     1.215  6 55081.48359350 34.004
 83 127.913886  72.321917     1.437     1.493  8 55116.48355349 43.718
 84 127.921490  72.324259     1.318     1.290  5 55151.48355212 16.659
 85 127.908087  72.322390     1.227     1.219 10 55186.48353981 18.068
 86 127.924292  72.323828     1.315     1.243  5 55221.48355035 16.990
 87 127.914009  72.323206     1.215     1.183  8 55256.48353574 15.719
 88 127.939796  72.321720     1.406     1.410  7 55291.48353824 14.294
 89 127.916789  72.323757     0.935     0.951  7 55326.48352071 12.455
 90 127.926003  72.324098     2.264     2.228  5 55361.48351701 15.402
 91 127.910882  72.322725     0.290     0.266  9 55396.48352390 23.328
 92 127.919693  72.324410     1.121     1.129  5 55431.48353247 33.812
 93 127.945340  72.322565     1.331     1.325  6 55466.48349165 36.764
