# NaN NaN NaN ;Mean Elev.(m), Avg Gradient(m/km), RMS Gradient(m/km) - SRTM1     
#   11.498  -5.915  11.876 ;Mean Elev.(m), Avg Gradient(m/km), RMS Gradient(m/km) - ASTER GDEM
#   23.278  -6.100  13.408 ;Mean Elev.(m), Avg Gradient(m/km), RMS Gradient(m/km) - GMTED2010 
  8 123.125117  67.505400    31.244    27.546 10 52485.13349031 25.326
  9 123.118771  67.503692    29.601    29.852 18 52520.13345494 17.777
 11 123.121510  67.501207    24.184    24.218 16 52590.13349415 23.378
 12 123.121496  67.502962    28.070    28.198 17 52625.13342662 14.770
 13 123.116033  67.491783    28.087    27.737 11 52660.13346217 12.343
 14 123.115953  67.475023    27.024    27.028  3 52695.13344517 10.675
 15 123.110987  67.483835    28.694    28.397  6 52730.13347514  9.583
 18 123.114305  67.476667    29.122    29.119  3 52835.13354418 20.936
 19 123.109989  67.479598    28.187    25.672  3 52870.13358533 22.585
 20 123.109938  67.489787    28.526    28.245 10 52905.13358638 20.768
 21 123.144290  67.533476    22.568    22.842  4 52940.13351042 41.171
 22 123.119987  67.489441    24.391    23.365  4 52975.13356365 19.246
 23 123.119834  67.501041    27.889    27.836 17 53010.13356643 11.876
 24 123.120901  67.487210    28.093    27.531  4 53045.13353049  9.450
 25 123.101119  67.487518    25.771    25.735  7 53080.13356507  8.940
 26 123.120118  67.488929    28.614    28.233  4 53115.13353471  7.610
 28 123.111597  67.479205    33.404    33.628  4 53185.13357450 25.308
 29 123.110073  67.489849    29.032    28.317 10 53220.13359830 20.545
 30 123.117812  67.509480    27.382    26.998 10 53255.13357150 24.813
 31 123.119827  67.488987    26.526    26.491  4 53290.13358409 42.968
 32 123.116817  67.490309    27.496    27.898 10 53325.13355908 15.994
 33 123.120083  67.500210    29.325    29.392 17 53360.13351728 11.007
 34 123.114990  67.482045    29.029    27.904  6 53395.13353898  9.539
 35 123.120899  67.502079    29.289    29.378 17 53430.13352823  9.551
 36 123.112254  67.475499    27.408    26.986  3 53465.13356010  6.234
 37 123.141319  67.518545   105.469   105.242  6 53500.13361361  1.428
 38 123.115041  67.493044    38.059    33.050  8 53535.13360607 17.154
 39 123.107208  67.492407    27.867    27.843 11 53570.13361800 22.398
 40 123.136847  67.522441    64.727    89.502  9 53605.13355903 13.146
 42 123.110437  67.490158    23.015    22.993  4 53675.13358472 34.244
 43 123.119969  67.502870    24.383    24.344 17 53710.13351240 18.126
 45 123.112491  67.484567    27.717    25.992  6 53780.13345626 10.762
 46 123.123456  67.513649    28.678    28.862 16 53815.13342128  9.357
 47 123.111262  67.480952    27.407    26.372  5 53850.13349143  8.538
 49 123.135431  67.515315    32.214    32.215  8 53920.13356397 21.602
 50 123.121024  67.505689    29.523    29.807 18 53955.13356524 19.771
 51 123.103469  67.492340    30.148    30.204  9 53990.13348645 20.597
 52 123.122102  67.485473    24.967    24.975  4 54025.13355201 33.808
 53 123.113767  67.484060    23.622    23.431  6 54060.13354575 22.479
 54 123.115233  67.503354    24.927    24.778 16 54095.13351796 17.888
 55 123.114191  67.475205    26.087    26.950  4 54130.13346699 14.674
 56 123.121066  67.502718    28.524    28.602 18 54165.13348917 11.138
 57 123.115283  67.482016    29.210    27.834  6 54200.13346873 10.603
 58 123.149658  67.515460   106.859   106.859  2 54235.13350029  2.607
 59 123.147053  67.518796   108.498   108.488  3 54270.13351994  0.388
 60 123.113510  67.488187    31.645    31.595  8 54305.13352939 18.589
 61 123.133986  67.512663    27.137    27.588  9 54340.13350743 45.045
 62 123.109223  67.480128    28.451    28.434  4 54375.13346511 21.341
 63 123.112317  67.490684    24.599    24.838  4 54410.13345828 33.578
 64 123.113630  67.475911    24.528    24.145  3 54445.13342879 14.583
 65 123.116450  67.491084    26.485    25.992 10 54480.13344887 12.056
 66 123.112646  67.475560    26.396    26.590  3 54515.13344337  9.759
 67 123.107286  67.491214    28.213    27.887 10 54550.13346231  6.158
 68 123.109026  67.482140    29.386    29.193  4 54585.13343779  6.460
 69 123.106037  67.482402    88.754    87.521  4 54620.13345741  1.344
 70 123.109625  67.488278    31.199    29.622  8 54655.13346701 24.232
 71 123.120710  67.500841    26.854    26.869 17 54690.13345075 49.813
 72 123.112959  67.477112    31.622    31.622  2 54725.13341886 16.346
 73 123.103393  67.483698    24.724    24.577  6 54760.13343092 38.785
 74 123.113702  67.476423    23.599    23.561  3 54795.13341244 20.985
 75 123.117673  67.492828    24.729    24.601 10 54830.13342848 18.384
 76 123.114901  67.479540    23.936    24.390  5 54865.13340656 15.880
 77 123.121573  67.502875    23.755    23.488 17 54900.13342600 14.384
 78 123.114072  67.483623    27.254    26.574  6 54935.13339791  9.718
 79 123.113826  67.487589    38.935    37.890  6 54970.13343022 37.120
 80 123.124214  67.501114    33.101    33.085  5 55005.13344733 24.191
 81 123.114875  67.490267    30.748    30.525  6 55040.13343706 18.126
 82 123.121848  67.503516    30.514    30.735 15 55075.13341720 17.425
 83 123.121153  67.487920    29.707    28.626  4 55110.13336991 19.100
 84 123.132311  67.509439    24.214    23.349 10 55145.13336886 32.934
 85 123.114421  67.476035    24.121    23.468  3 55180.13334810 19.154
 86 123.114727  67.493409    27.374    26.908 13 55215.13336672 16.280
 87 123.121613  67.486702    27.047    25.840  4 55250.13334334 14.306
 88 123.121933  67.504160    27.871    27.822 17 55285.13335831 12.737
 89 123.116408  67.494297    24.980    23.369 13 55320.13333269 17.832
 90 123.123613  67.500979    39.738    38.017  9 55355.13333249 44.156
 91 123.114143  67.482796    27.498    27.368  6 55390.13333565 49.350
 92 123.113552  67.489321    29.448    29.047  9 55425.13335178 20.084
 93 123.120430  67.502726    25.617    25.622 17 55460.13331832 51.330
