# NaN NaN NaN ;Mean Elev.(m), Avg Gradient(m/km), RMS Gradient(m/km) - SRTM1     
#  116.996     NaN     NaN ;Mean Elev.(m), Avg Gradient(m/km), RMS Gradient(m/km) - ASTER GDEM
#  100.764  -5.696  53.896 ;Mean Elev.(m), Avg Gradient(m/km), RMS Gradient(m/km) - GMTED2010 
  7 123.441166  60.589940   120.761   120.892  4 52476.53111778 30.799
  8 123.458117  60.593197   117.488   118.069  4 52511.53106753 32.472
 10 123.444541  60.589895   110.456   110.502  4 52581.53111104 26.278
 11 123.451819  60.590253   112.512   112.626  4 52616.53108154  8.598
 12 123.447963  60.591210   112.866   112.798  4 52651.53105816  5.577
 13 123.456133  60.591757   112.993   112.500  4 52686.53105039  3.744
 14 123.445384  60.589458   115.068   116.016  4 52721.53109921  2.854
 18 123.443649  60.591363   119.702   119.947  4 52861.53118727 23.017
 19 123.447211  60.590554   120.550   120.661  4 52896.53121714 13.222
 20 123.453264  60.592703   111.627   111.524  4 52931.53116487 33.081
 21 123.440543  60.589225   111.775   111.792  3 52966.53116348 15.555
 23 123.452260  60.592067   116.829   116.835  4 53036.53114186  4.744
 24 123.445462  60.590949   115.650   115.760  4 53071.53116445  2.606
 28 123.445674  60.590753   120.026   120.285  3 53211.53121963 24.675
 29 123.452663  60.591661   118.362   118.312  4 53246.53118791 20.076
 30 123.435502  60.588150   120.950   121.486  4 53281.53117415 18.796
 31 123.445103  60.590361   111.884   111.638  4 53316.53118361 36.947
 36 123.437211  60.589973   290.370   290.653  4 53491.53123002  5.389
 38 123.444407  60.589809   120.452   120.182  3 53561.53124013 17.338
 39 123.457683  60.592782   120.820   120.758  4 53596.53117929 13.934
 41 123.441289  60.590367   111.513   111.500  4 53666.53119658 32.417
 42 123.453080  60.592843   117.800   118.006  4 53701.53114619  6.384
 45 123.458322  60.592519   117.008   116.779  4 53806.53105252  2.735
 48 123.437953  60.590095   128.559   128.623  4 53911.53117028 31.269
 49 123.440620  60.590178   121.305   121.322  3 53946.53118759  8.628
 51 123.439153  60.589034   124.218   124.824  4 54016.53115518 10.163
 52 123.452824  60.591693   116.763   116.820  3 54051.53115356  6.233
 53 123.451304  60.592337   118.645   118.557  4 54086.53114574  2.161
 57 123.444447  60.589907   289.887   290.009  4 54226.53111713  6.637
 58 123.446804  60.589685   290.664   290.757  4 54261.53113672  1.857
 59 123.448800  60.590796   120.310   120.241  4 54296.53114114 25.871
 60 123.454140  60.590398   121.537   121.718  4 54331.53113225 26.059
 62 123.448746  60.591616   114.267   113.149  4 54401.53107489 33.368
 63 123.454227  60.592203   113.200   113.235  4 54436.53103206 10.092
 64 123.444292  60.590505   116.939   116.964  3 54471.53105937  6.043
 69 123.448053  60.589598   122.890   122.150  4 54646.53107258 20.828
 70 123.449238  60.591447   122.704   122.680  4 54681.53107394 36.337
 72 123.443176  60.590334   121.593   121.668  4 54751.53104533  6.900
 73 123.453265  60.592886   110.313   110.122  4 54786.53101262 20.252
 74 123.442904  60.591166   111.839   111.804  4 54821.53103928 12.510
 75 123.454232  60.591766   116.169   115.945  4 54856.53100868  5.361
 76 123.448425  60.590557   115.924   116.122  4 54891.53104226  4.463
 77 123.454507  60.595713   116.529   116.529  2 54926.53100790  5.123
 80 123.448096  60.590882   118.179   118.065  4 55031.53105205 21.718
 81 123.451898  60.592530   121.254   120.992  4 55066.53104189 21.562
 82 123.457037  60.593590   121.294   120.710  4 55101.53098282 27.796
 83 123.445374  60.589934   112.256   111.737  3 55136.53098726 39.367
 84 123.454496  60.593344   112.739   112.809  4 55171.53095005 14.233
 85 123.444374  60.589697   113.469   113.391  4 55206.53098113  8.240
 86 123.455125  60.593357   113.366   113.409  4 55241.53095538  6.464
 87 123.451061  60.590077   113.496   113.419  4 55276.53097490  5.941
 88 123.457157  60.591365   113.889   113.945  4 55311.53093995 21.478
 90 123.451783  60.591537   119.602   119.192  3 55381.53093677 44.886
 91 123.443615  60.590100   122.306   121.683  3 55416.53096405  5.904
 92 123.453409  60.593324   122.021   121.244  3 55451.53094781 15.716
 93 123.461668  60.591676   118.795   118.796  4 55486.53087050 33.577
