# NaN NaN NaN ;Mean Elev.(m), Avg Gradient(m/km), RMS Gradient(m/km) - SRTM1     
#  167.819  -1.197  47.049 ;Mean Elev.(m), Avg Gradient(m/km), RMS Gradient(m/km) - ASTER GDEM
#  130.766  -1.523  45.987 ;Mean Elev.(m), Avg Gradient(m/km), RMS Gradient(m/km) - GMTED2010 
  8 118.332944  59.690249   143.561   143.561  2 52488.54687707 37.381
 10 118.317955  59.691063   142.691   143.215  3 52558.54690194 39.416
 11 118.322082  59.690849   137.754   137.754  2 52593.54690221 21.540
 12 118.322930  59.690792   136.427   136.427  2 52628.54682670 16.833
 13 118.325790  59.691536   137.835   137.835  2 52663.54686433 14.247
 14 118.320168  59.690040   140.841   140.841  2 52698.54683957 10.926
 16 118.335170  59.690727   138.789   138.606  3 52768.54686546 23.942
 17 118.315597  59.690090   144.798   144.870  3 52803.54688762 25.444
 18 118.321735  59.690886   142.696   142.543  3 52838.54695096 31.660
 19 118.324177  59.690947   144.867   144.987  3 52873.54699068 31.616
 20 118.335443  59.691039   140.044   140.779  3 52908.54697188 33.728
 21 118.323523  59.690008   135.874   135.874  2 52943.54690083 42.688
 23 118.328029  59.691332   141.466   141.466  2 53013.54695758  9.015
 24 118.318629  59.691144   140.639   140.379  3 53048.54692817  7.875
 25 118.324307  59.690223   141.277   141.277  2 53083.54696316  7.096
 28 118.332630  59.689969   147.894   147.894  2 53188.54697257 33.155
 29 118.332125  59.692020   152.698   152.698  2 53223.54698965 24.051
 30 118.331830  59.690519   150.737   150.737  2 53258.54696480 19.332
 31 118.311713  59.690423   146.147   146.147  2 53293.54698776 36.872
 32 118.329807  59.691021   137.970   137.970  2 53328.54696091 21.863
 33 118.338620  59.690114   138.071   138.071  2 53363.54691331 14.060
 34 118.320592  59.690693   145.216   145.216  2 53398.54693681  9.485
 35 118.336428  59.690934   141.943   141.979  3 53433.54692715  7.258
 38 118.327459  59.690815   203.318   203.318  2 53538.54701045  8.703
 39 118.326232  59.691990   266.579   266.579  2 53573.54701042  2.475
 40 118.337194  59.690750   146.750   148.309  3 53608.54695951 36.161
 42 118.323565  59.690393   143.216   143.216  2 53678.54697981 37.463
 43 118.339256  59.690249   136.394   136.394  2 53713.54690784 25.390
 44 118.319303  59.690649   135.444   135.167  3 53748.54682252 19.984
 45 118.333501  59.690374   141.139   141.139  2 53783.54685279 14.491
 46 118.344275  59.690785   140.789   140.789  2 53818.54681523 11.336
 47 118.316283  59.690812   136.029   136.067  3 53853.54689371 20.775
 48 118.333378  59.690507   385.291   385.291  2 53888.54690089  1.873
 49 118.315126  59.690795   147.374   147.379  3 53923.54697005 37.979
 50 118.324042  59.690250   265.371   264.752  3 53958.54696173  4.154
 52 118.321315  59.689675   145.054   145.054  2 54028.54695083 36.001
 53 118.333640  59.690580   137.751   137.751  2 54063.54694419 16.197
 54 118.335445  59.690759   143.822   144.021  3 54098.54691208 10.420
 55 118.319314  59.689725   143.846   143.846  2 54133.54686822  9.690
 56 118.331850  59.691260   142.172   142.172  2 54168.54688644  7.112
 59 118.330065  59.688711   221.884   221.884  2 54273.54692455  7.654
 60 118.325839  59.691570   148.451   148.451  2 54308.54692695 38.249
 61 118.336354  59.691092   143.904   143.602  3 54343.54690471 10.051
 62 118.322263  59.690431   200.747   200.747  2 54378.54686240  7.962
 63 118.329598  59.690783   142.967   142.967  2 54413.54685251 37.070
 64 118.319043  59.690354   144.167   144.420  3 54448.54682883 13.810
 65 118.328177  59.691053   141.751   142.576  3 54483.54684624 12.745
 66 118.321865  59.690470   142.403   142.707  3 54518.54684247  8.863
 68 118.324726  59.689890   143.608   143.608  2 54588.54683829 11.797
 69 118.328313  59.691176   265.504   272.143  3 54623.54685597  4.201
 70 118.325023  59.691056   146.643   146.613  3 54658.54686497 37.732
 71 118.332250  59.689602   148.348   148.348  2 54693.54684581 35.610
 73 118.327552  59.689785   144.080   144.080  2 54763.54682347 36.532
 74 118.316820  59.691162   138.020   138.020  2 54798.54681227 18.305
 75 118.328016  59.690882   137.990   137.990  2 54833.54681418 13.909
 76 118.319239  59.690935   137.393   137.136  3 54868.54680860 11.544
 77 118.332280  59.690583   140.536   140.225  3 54903.54682347  7.981
 78 118.322490  59.691134   149.651   149.651  2 54938.54679942  7.999
 80 118.328082  59.691121   149.650   149.650  2 55008.54684552 17.938
 81 118.327339  59.690130   145.890   143.930  3 55043.54683500 36.792
 82 118.333953  59.690413   145.949   145.949  2 55078.54681255 14.258
 83 118.322556  59.691729   267.374   267.374  2 55113.54676769  2.703
 84 118.326297  59.691105   140.033   140.033  2 55148.54676801 17.178
 85 118.318813  59.690210   137.921   137.921  2 55183.54674957 14.981
 86 118.329280  59.690572   137.692   137.696  3 55218.54676561  8.977
 87 118.322278  59.690865   139.359   139.359  2 55253.54674548  6.798
 88 118.334160  59.690241   137.695   137.695  2 55288.54675554  6.341
 90 118.328593  59.690068   248.066   248.066  2 55358.54673152  5.816
 91 118.322767  59.690037   145.616   145.489  3 55393.54673509 36.180
 92 118.327655  59.690244   143.222   143.249  3 55428.54674760 39.466
 93 118.337985  59.690259   147.346   147.346  2 55463.54671069 32.552
