# NaN NaN NaN ;Mean Elev.(m), Avg Gradient(m/km), RMS Gradient(m/km) - SRTM1     
#   18.045  -0.589   4.460 ;Mean Elev.(m), Avg Gradient(m/km), RMS Gradient(m/km) - ASTER GDEM
#   25.454  -1.082   6.598 ;Mean Elev.(m), Avg Gradient(m/km), RMS Gradient(m/km) - GMTED2010 
  6 124.802223  65.022100    49.115    49.135  9 52441.12204873 28.259
  7 124.803826  65.018702    47.745    47.773  9 52476.12204611 29.975
  8 124.806269  65.018768    46.481    46.235  9 52511.12199843 25.058
  9 124.811808  65.008537    46.659    46.676  8 52546.12202082 44.038
 10 124.808047  65.015241    45.468    45.511  9 52581.12204194 38.720
 11 124.800387  65.025553    45.964    45.992 10 52616.12201018 20.106
 12 124.811383  65.009526    45.818    45.797  7 52651.12198970 19.015
 13 124.805665  65.020504    45.319    45.283  9 52686.12197807 18.757
 14 124.807313  65.016557    45.447    45.473  8 52721.12202850 13.093
 15 124.798478  65.029679    46.426    46.235  9 52756.12204980 14.328
 16 124.814234  65.007818    49.912    49.899  9 52791.12200275 36.548
 17 124.811730  65.007569    48.353    48.362  8 52826.12207208 43.446
 18 124.814338  65.009982    46.489    46.455  8 52861.12211720 34.339
 19 124.803832  65.019453    46.920    46.888  9 52896.12214611 32.766
 20 124.797799  65.025703    45.938    45.953  9 52931.12209320 48.054
 21 124.813639  65.008628    46.025    46.016  8 52966.12209244 18.316
 22 124.803100  65.022064    45.802    45.783 10 53001.12212093 10.547
 23 124.799633  65.025264    45.554    45.574  9 53036.12206953  9.132
 24 124.807142  65.016723    45.324    45.276  8 53071.12209245  8.493
 25 124.797696  65.028020    45.594    45.600 10 53106.12207031  7.182
 26 124.810993  65.012812    45.327    45.328  8 53141.12210014 39.619
 28 124.804640  65.018459    47.575    47.434  9 53211.12214827 21.698
 29 124.804212  65.019802    47.246    47.110  9 53246.12211623 21.830
 30 124.811439  65.010684    47.369    47.236  8 53281.12210279 22.164
 31 124.808839  65.014038    46.911    46.933  8 53316.12211423 17.600
 32 124.805866  65.017738    46.361    46.366  8 53351.12207933 10.139
 33 124.811038  65.008708    46.441    46.476  8 53386.12206538  8.329
 34 124.809302  65.012263    46.236    46.226  9 53421.12206832  8.376
 35 124.816606  65.007429    46.757    46.563 10 53456.12207449  7.015
 36 124.803271  65.018072    47.927    47.887  9 53491.12215810 23.161
 37 124.809450  65.014767    49.163    49.166  8 53526.12214115 52.548
 38 124.801710  65.023174    48.292    48.295 10 53561.12216822 47.163
 39 124.805333  65.019664    46.997    47.006  9 53596.12210753 47.230
 40 124.810290  65.008544    47.888    47.869  8 53631.12210353 52.733
 41 124.805648  65.018190    45.780    45.795  9 53666.12212501 39.896
 42 124.805726  65.017995    46.215    46.176  8 53701.12207616 13.728
 43 124.801417  65.023987    46.101    46.082 10 53736.12198545 11.803
 44 124.810597  65.009638    46.091    46.092  8 53771.12199163  8.909
 45 124.803863  65.020761    45.901    45.939  9 53806.12198135  9.201
 47 124.809016  65.011847    48.615    48.499  8 53876.12205029 35.439
 48 124.806199  65.018102    49.071    48.679  8 53911.12209782 16.851
 49 124.801431  65.023483    47.224    46.777 10 53946.12211534 21.714
 50 124.800667  65.022217    48.561    48.461  9 53981.12206106 19.875
 51 124.814984  65.008681    47.646    47.775  8 54016.12208461 20.451
 52 124.810274  65.010407    47.108    46.886  8 54051.12208432 14.348
 53 124.804930  65.019226    47.032    46.777  8 54086.12207501 12.792
 54 124.798281  65.029301    46.404    46.278 10 54121.12199904 10.274
 55 124.806728  65.016999    46.553    46.069  9 54156.12203446  7.798
 56 124.799308  65.024005    46.207    46.132  9 54191.12199782  7.825
 57 124.807156  65.014329    48.158    48.257  8 54226.12204610 22.280
 58 124.807108  65.014890    49.141    49.114  8 54261.12206584 20.529
 59 124.806658  65.016427    48.566    48.510  9 54296.12206999 20.747
 60 124.804963  65.019197    47.563    47.218  8 54331.12206127 20.875
 61 124.799754  65.023919    47.158    46.918  9 54366.12200386 23.576
 62 124.806768  65.015899    45.879    45.872  9 54401.12200393 39.404
 63 124.802182  65.022483    46.152    46.102 10 54436.12196020 13.849
 64 124.811519  65.011431    46.509    46.517  8 54471.12198884 11.001
 65 124.801842  65.023107    46.214    46.215 10 54506.12197297  9.382
 66 124.806796  65.015543    46.350    46.215  8 54541.12200303  7.414
 67 124.801126  65.023413    46.494    46.389  9 54576.12197431  6.718
 68 124.807410  65.017324    51.130    51.162  9 54611.12199432 46.744
 69 124.806301  65.017234    48.648    48.628  8 54646.12200186 19.738
 70 124.804207  65.017323    47.808    47.656  9 54681.12200290 17.639
 71 124.801934  65.024982    48.542    48.507  9 54716.12195110 14.796
 72 124.809304  65.014607    46.357    46.127  8 54751.12197461 24.785
 73 124.803234  65.021595    46.110    46.136 10 54786.12194126 17.748
 74 124.808266  65.011496    46.454    46.466  8 54821.12196856 12.480
 75 124.803603  65.020154    46.068    46.106  9 54856.12193764 10.792
 76 124.804656  65.018551    46.284    45.891  9 54891.12197121  9.388
 77 124.798477  65.024902    46.156    46.149  9 54926.12193557  8.140
 78 124.808514  65.015433    46.375    46.441  8 54961.12196984 29.421
 79 124.805600  65.019046    49.770    49.795  9 54996.12199081 19.940
 80 124.805974  65.018325    48.223    48.224  8 55031.12198068 50.912
 81 124.805054  65.019788    47.220    46.940  9 55066.12197020 18.721
 82 124.799203  65.027206    47.393    47.380 10 55101.12191081 51.334
 83 124.808759  65.014926    45.804    45.813  8 55136.12191686 37.027
 84 124.802125  65.021867    46.248    46.193  9 55171.12187836 17.613
 85 124.809121  65.014310    45.912    45.879  8 55206.12191041 14.993
 86 124.801700  65.024825    45.622    45.615  9 55241.12188369 13.850
 87 124.803491  65.018125    45.540    45.498  9 55276.12190385 12.464
 88 124.800908  65.022546    45.392    45.160  9 55311.12186825 30.058
 89 124.805382  65.016082    50.977    50.988  9 55346.12187336 48.567
 90 124.803753  65.019715    47.860    47.764  9 55381.12186540 18.078
 91 124.810334  65.013696    47.292    47.291  8 55416.12189300 37.156
 92 124.802533  65.019464    47.428    47.429  9 55451.12187644 50.794
 93 124.799763  65.025567    45.594    45.593  9 55486.12179945 39.902
