# NaN NaN NaN ;Mean Elev.(m), Avg Gradient(m/km), RMS Gradient(m/km) - SRTM1     
#   84.492  -1.910  20.727 ;Mean Elev.(m), Avg Gradient(m/km), RMS Gradient(m/km) - ASTER GDEM
#   84.661  -3.148  25.192 ;Mean Elev.(m), Avg Gradient(m/km), RMS Gradient(m/km) - GMTED2010 
  7 128.091887  61.258172   216.902   217.243  3 52445.10486220  0.849
  8 128.097146  61.261496   218.173   218.173  2 52480.10485390  1.384
 10 128.106411  61.257514   215.476   215.315  5 52550.10484884  5.416
 11 128.106197  61.257509   214.771   214.910  5 52585.10482822  8.156
 12 128.086865  61.255544   214.098   214.121  5 52620.10480932  4.884
 14 128.089489  61.258627   215.823   215.823  2 52690.10479145  1.504
 15 128.102653  61.257152    96.070    96.017  6 52725.10483502 11.029
 17 128.117133  61.259474   215.115   215.343  6 52795.10480858  5.977
 18 128.124169  61.266491   218.114   217.859  3 52830.10487396  1.559
 19 128.117813  61.263004   217.097   217.533  4 52865.10491898  2.283
 20 128.093829  61.256634   213.445   213.957  4 52900.10494978  2.877
 21 128.085420  61.255924   214.734   214.726  5 52935.10489295  4.872
 22 128.105337  61.256939   214.529   214.665  6 52970.10491070  6.274
 23 128.091843  61.256271   214.876   214.776  5 53005.10492809  3.457
 24 128.113164  61.260770   216.236   216.592  4 53040.10487641  2.274
 25 128.097202  61.262007   214.228   214.228  2 53075.10490855  1.355
 27 128.101781  61.257031   214.988   214.983  5 53145.10492079  7.982
 28 128.103592  61.256926   215.082   215.298  5 53180.10493310  3.811
 30 128.093433  61.261494   218.204   218.204  2 53250.10492571  3.487
 31 128.105407  61.257733   215.495   215.590  5 53285.10492264  6.355
 32 128.112577  61.260414   215.963   217.477  3 53320.10490604  1.370
 37 128.094182  61.255228   210.043   208.895  5 53495.10497069 11.964
 38 128.105209  61.258360   216.365   216.281  5 53530.10494500  4.350
 39 128.091043  61.259537   216.526   216.526  2 53565.10497512  3.855
 40 128.095449  61.257064   215.524   215.969  4 53600.10491786  3.155
 41 128.105759  61.256837    99.341    99.305  6 53635.10491425 18.347
 42 128.097820  61.258839   216.740   216.852  4 53670.10493561  2.180
 46 128.091151  61.257272   216.248   216.538  3 53810.10478587  1.661
 48 128.109122  61.257337   216.322   219.155  6 53880.10485653  7.737
 49 128.093075  61.256217   215.555   215.363  5 53915.10491418  1.988
 50 128.088436  61.257056   216.229   216.229  2 53950.10492358  0.910
 51 128.089969  61.255370   211.908   212.847  5 53985.10486129  7.001
 52 128.110559  61.258204   215.452   215.574  6 54020.10489720  7.608
 53 128.113842  61.260594   216.755   216.725  4 54055.10488800  2.324
 54 128.094939  61.257284   215.706   215.794  5 54090.10487719  2.633
 55 128.115798  61.260350   216.266   216.257  3 54125.10480305  1.285
 58 128.102651  61.257097   208.202   207.066  5 54230.10485629 13.780
 59 128.103131  61.257391   215.864   215.653  6 54265.10487397  7.095
 61 128.097569  61.258641   216.802   216.769  3 54335.10486754  2.005
 63 128.096657  61.256032   214.492   214.610  5 54405.10481235  8.285
 64 128.116838  61.259313   215.486   215.518  7 54440.10476859  2.819
 65 128.105621  61.258332   216.000   216.010  5 54475.10479864  2.411
 66 128.118187  61.265212   218.724   218.724  2 54510.10478160  1.145
 67 128.102314  61.261113   218.154   218.154  2 54545.10481255  0.372
 69 128.104968  61.261725   102.232   102.232  2 54615.10480178 36.111
 70 128.101845  61.258041   216.285   216.501  5 54650.10481435  3.652
 71 128.095017  61.256748   100.855   101.490  5 54685.10480912 20.225
 72 128.114207  61.258215   215.493   215.502  6 54720.10475786  3.348
 73 128.100469  61.256222   215.059   215.252  5 54755.10478335  3.361
 74 128.110564  61.256871   213.535   214.622  6 54790.10475201  6.241
 75 128.105313  61.257217   215.018   214.946  6 54825.10477888  5.236
 76 128.114845  61.260130   215.370   215.714  6 54860.10474438  3.021
 77 128.096288  61.257344   215.235   215.929  3 54895.10478061  1.160
 79 128.100842  61.257159   104.250   104.292  5 54965.10478038 26.496
 80 128.097257  61.256466   217.693   217.554  5 55000.10480104  2.684
 82 128.093174  61.255896   214.841   215.099  5 55070.10477665  4.120
 83 128.109822  61.257484    98.874    98.946  5 55105.10471765 44.560
 84 128.100137  61.257977   215.632   215.544  5 55140.10472437  8.236
 85 128.115025  61.258444   214.736   214.839  7 55175.10468422  6.844
 86 128.103399  61.258272   215.337   215.561  5 55210.10471940  3.669
 87 128.110492  61.260462   216.401   216.734  4 55245.10469073  1.397
 88 128.099459  61.261708   218.122   218.122  2 55280.10471261  1.192
 89 128.101381  61.256882   216.261   216.442  6 55315.10467870  6.324
 90 128.096399  61.255836   216.008   216.059  5 55350.10468505  3.291
 91 128.108195  61.257157   102.370   102.079  6 55385.10467788 44.537
 92 128.104318  61.259186    99.945    99.557  4 55420.10470269 37.906
