# NaN NaN NaN ;Mean Elev.(m), Avg Gradient(m/km), RMS Gradient(m/km) - SRTM1     
#  175.677   7.408  44.455 ;Mean Elev.(m), Avg Gradient(m/km), RMS Gradient(m/km) - ASTER GDEM
#  153.083   8.596  46.275 ;Mean Elev.(m), Avg Gradient(m/km), RMS Gradient(m/km) - GMTED2010 
  8 114.287509  60.328264   164.231   164.165  3 52478.55701253 27.586
 10 114.284877  60.321489   160.601   161.019  3 52548.55699812 44.796
 11 114.293160  60.332042   157.811   157.811  2 52583.55699612 39.279
 12 114.294423  60.333864   169.064   168.938  3 52618.55697188  4.915
 15 114.291098  60.329243   165.076   164.735  3 52723.55699314  2.497
 18 114.289609  60.326423   160.081   159.895  3 52828.55703446 33.713
 19 114.291752  60.330712   168.375   168.375  2 52863.55708004  8.117
 20 114.292083  60.331913   239.937   236.427  3 52898.55710967  8.612
 21 114.295115  60.335873   160.946   161.055  3 52933.55705525 43.758
 22 114.287689  60.326348   161.353   161.474  3 52968.55706388 35.693
 23 114.288565  60.326430   163.924   164.434  3 53003.55708556 19.946
 27 114.289056  60.324835   168.439   168.547  3 53143.55707275 28.282
 28 114.293393  60.330086   168.453   168.372  3 53178.55709263 42.017
 29 114.289109  60.330948   170.444   170.444  2 53213.55711387 16.110
 30 114.296207  60.334632   166.344   166.701  3 53248.55708365  7.580
 32 114.292449  60.330176   160.742   161.418  3 53318.55707119 30.536
 36 114.289364  60.325988   167.682   167.685  3 53458.55704044  0.712
 37 114.286083  60.323028   166.051   167.540  3 53493.55712537 22.491
 40 114.296438  60.337949   162.114   162.108  3 53598.55707591 27.610
 42 114.287598  60.326690   160.016   160.147  3 53668.55709186 41.510
 43 114.297110  60.336467   161.221   160.695  3 53703.55703518 13.504
 44 114.302369  60.345763   169.894   169.894  2 53738.55694610  1.190
 49 114.285848  60.326270   167.358   165.322  3 53913.55706813 27.936
 50 114.289029  60.325030   159.115   159.080  3 53948.55708058 43.155
 51 114.294909  60.335336   168.706   167.528  3 53983.55702263  9.197
 52 114.287715  60.325833   160.388   160.325  3 54018.55705237 24.842
 54 114.294648  60.336031   164.556   165.789  3 54088.55703786  6.635
 58 114.289555  60.330488   165.252   165.577  3 54228.55701330 46.490
 59 114.291390  60.328847   168.455   168.525  3 54263.55703151 21.115
 60 114.291935  60.330350   160.765   160.765  2 54298.55703609 24.593
 61 114.295927  60.333421   159.210   159.177  3 54333.55702654 18.347
 63 114.293323  60.332312   159.638   159.404  3 54403.55696982 38.756
 65 114.290551  60.329957   159.498   159.297  3 54473.55695544 10.957
 68 114.290212  60.327953   159.760   159.660  3 54578.55693911  5.733
 71 114.293445  60.334238   164.505   164.577  3 54683.55696809 35.212
 73 114.290250  60.328789   166.097   166.097  2 54753.55694008 20.459
 74 114.284784  60.324953   164.556   165.222  3 54788.55690532 21.161
 80 114.290964  60.329128   167.345   167.370  3 54998.55695760 40.273
 81 114.290657  60.326518   165.224   164.596  3 55033.55694577 38.307
 82 114.294883  60.335725   165.105   165.188  3 55068.55693590 29.285
 84 114.290967  60.330912   158.049   157.935  3 55138.55688198 36.445
 85 114.285529  60.324102   163.930   163.887  3 55173.55684167  7.014
 86 114.290001  60.329051   165.608   164.942  3 55208.55687648  2.798
 87 114.287284  60.323369   167.783   167.561  3 55243.55684618  2.589
 89 114.290904  60.327865   160.240   160.088  3 55313.55683334 18.340
 90 114.294324  60.332316   168.236   165.633  3 55348.55684145 24.449
 91 114.286802  60.325695   165.594   165.583  3 55383.55683141 47.121
 92 114.291328  60.328021   160.965   160.995  3 55418.55685966 43.314
 93 114.296966  60.334682   161.716   161.650  3 55453.55684048 19.909
 94 114.298641  60.342069   158.946   159.185  3 55488.55676241 45.118
