# NaN NaN NaN ;Mean Elev.(m), Avg Gradient(m/km), RMS Gradient(m/km) - SRTM1     
#  135.000  -4.973  19.095 ;Mean Elev.(m), Avg Gradient(m/km), RMS Gradient(m/km) - ASTER GDEM
#  130.963  -3.814  16.164 ;Mean Elev.(m), Avg Gradient(m/km), RMS Gradient(m/km) - GMTED2010 
  8 118.362213  59.696546   136.035   136.043  4 52498.12910001 40.741
 10 118.378061  59.704047   134.437   134.434  4 52568.12911147 47.489
 11 118.354637  59.694287   134.673   134.694  4 52603.12910950 26.681
 12 118.375464  59.701863   134.340   134.313  4 52638.12908114 19.692
 13 118.361126  59.696489   133.687   133.716  4 52673.12908256 17.278
 14 118.375644  59.701698   133.357   133.398  4 52708.12908878 15.696
 15 118.355646  59.694627   149.847   149.841  3 52743.12912117  6.681
 17 118.376820  59.702921   137.381   137.382  4 52813.12913908 46.541
 18 118.378079  59.703570   134.392   134.394  4 52848.12919276 30.604
 19 118.363617  59.698672   136.551   136.547  4 52883.12923022 48.635
 20 118.360304  59.696537   134.990   134.934  3 52918.12918745 28.302
 21 118.388877  59.707328   134.108   134.083  4 52953.12914692 29.720
 22 118.381880  59.705307   135.200   135.194  4 52988.12915823 19.731
 23 118.367653  59.698496   134.230   134.260  5 53023.12914756 13.396
 24 118.382346  59.704114   133.669   133.645  4 53058.12914019 14.140
 25 118.347207  59.692864   133.299   133.299  2 53093.12918117 13.647
 26 118.382905  59.705051   136.025   134.096  4 53128.12914896  6.581
 28 118.370350  59.700686   139.133   137.068  4 53198.12921590 19.025
 29 118.372872  59.700748   136.675   136.679  4 53233.12919052 44.186
 30 118.348099  59.692509   136.339   136.340  3 53268.12916074 54.601
 31 118.365395  59.698552   135.566   135.565  4 53303.12921634 49.981
 32 118.362329  59.697415   135.875   135.887  4 53338.12918622 19.155
 35 118.352432  59.694384   139.293   134.055  3 53443.12914487 10.789
 36 118.365739  59.697275   152.012   151.523  3 53478.12921778  4.097
 37 118.367632  59.699237   139.460   139.447  4 53513.12922742 51.872
 38 118.356395  59.695347   138.727   138.732  3 53548.12924663 52.330
 39 118.361492  59.695791   135.859   135.877  4 53583.12921360 29.310
 40 118.347950  59.692920   135.128   135.106  3 53618.12917048 46.006
 41 118.372893  59.700872   134.623   134.601  4 53653.12918933 41.948
 43 118.355802  59.695234   134.292   134.265  3 53723.12911605 28.027
 44 118.388105  59.706055   133.487   133.481  4 53758.12904973 24.399
 45 118.366971  59.698126   133.174   133.144  5 53793.12907424 23.213
 46 118.387459  59.705627   133.072   133.087  4 53828.12904156 19.753
 47 118.371383  59.701485   184.484   186.259  4 53863.12912698 10.529
 48 118.371953  59.701389   143.332   143.313  4 53898.12915007 33.075
 49 118.352829  59.693646   136.345   136.336  3 53933.12919865 50.405
 50 118.354653  59.694997   137.468   137.540  3 53968.12917127 27.553
 51 118.388174  59.706172   138.370   138.482  3 54003.12913659 38.935
 52 118.376922  59.702555   134.211   134.215  4 54038.12917359 46.582
 53 118.366354  59.698032   135.697   135.663  5 54073.12916931 21.370
 54 118.348988  59.692852   135.498   135.552  3 54108.12911855 18.015
 55 118.374856  59.702009   134.606   134.619  4 54143.12910402 14.988
 56 118.355495  59.694664   133.849   133.874  3 54178.12910138 14.580
 57 118.371997  59.701331   134.585   134.120  4 54213.12911168 31.602
 58 118.371183  59.702284   142.521   142.544  3 54248.12913993 44.488
 60 118.366219  59.698066   135.592   135.576  4 54318.12914777 50.486
 61 118.357669  59.695405   135.050   135.089  3 54353.12911340 20.614
 62 118.371268  59.700847   135.232   135.204  4 54388.12908700 16.137
 63 118.360483  59.696921   134.471   134.463  4 54423.12906299 25.824
 64 118.380331  59.704338   135.599   135.601  4 54458.12906046 24.643
 65 118.361821  59.696421   134.887   134.897  4 54493.12906644 14.584
 66 118.376883  59.703271   133.987   133.978  4 54528.12907355 16.946
 67 118.355995  59.694710   142.487   142.125  4 54563.12907437  2.734
 68 118.368011  59.699204   137.179   137.371  5 54598.12906999 31.817
 69 118.365678  59.698027   141.976   141.985  5 54633.12908352 51.706
 70 118.364668  59.699000   137.329   137.314  4 54668.12908866 51.220
 71 118.359106  59.695825   136.553   136.548  4 54703.12905485 51.528
 72 118.375720  59.701915   136.546   136.545  4 54738.12904921 46.189
 73 118.362239  59.696546   134.965   134.983  4 54773.12903593 48.812
 74 118.377053  59.702988   135.828   135.839  4 54808.12904256 21.056
 75 118.364075  59.698014   135.755   135.876  4 54843.12903271 13.601
 76 118.369100  59.699137   135.189   135.188  4 54878.12904617 12.520
 77 118.354412  59.694276   135.130   135.374  4 54913.12903823  9.767
 78 118.370295  59.700747   137.944   138.186  4 54948.12903798 23.993
 79 118.366101  59.698872   142.628   142.645  4 54983.12906397 28.876
 80 118.366793  59.698292   138.365   138.354  4 55018.12906223 32.666
 81 118.365681  59.698481   136.995   136.933  5 55053.12905764 28.990
 82 118.355094  59.695331   138.317   138.353  3 55088.12902084 36.336
 83 118.374128  59.701015   139.342   138.243  4 55123.12899314 14.969
 84 118.358850  59.695971   135.186   135.195  4 55158.12898148 20.930
 85 118.376833  59.702258   135.746   135.745  4 55193.12898246 20.761
 86 118.357628  59.695346   134.758   134.377  3 55228.12898323  9.568
 87 118.370333  59.700373   134.720   134.868  5 55263.12897856  9.142
 88 118.357485  59.694912   160.371   162.170  3 55298.12896683  6.467
 89 118.362948  59.697107   143.540   143.543  4 55333.12895786 44.419
 90 118.363932  59.697233   137.152   137.166  4 55368.12894980 51.946
 91 118.375266  59.701544   135.611   135.614  4 55403.12896402 42.534
 92 118.363674  59.696637   137.838   137.854  4 55438.12896769 46.535
 93 118.355889  59.695487   135.561   135.611  3 55473.12891668 51.594
