# NaN NaN NaN ;Mean Elev.(m), Avg Gradient(m/km), RMS Gradient(m/km) - SRTM1     
#    7.125   0.525   3.099 ;Mean Elev.(m), Avg Gradient(m/km), RMS Gradient(m/km) - ASTER GDEM
#    1.562   0.070   0.557 ;Mean Elev.(m), Avg Gradient(m/km), RMS Gradient(m/km) - GMTED2010 
  7 127.699868  72.437519     4.747     5.767  5 52456.48370144 21.023
 10 127.686473  72.438948     1.163     1.203  4 52561.48370333 35.126
 12 127.683093  72.438694     2.449     2.139  3 52631.48365522 22.068
 15 127.715866  72.435256     6.355     6.482  5 52736.48368630 15.955
 16 127.725921  72.435367     1.438     1.390  4 52771.48366071 41.356
 17 127.679698  72.436865     5.586     5.561  3 52806.48371133 34.356
 18 127.685224  72.437873     2.486     2.468  3 52841.48377089 23.710
 19 127.690317  72.437887     1.422     1.423  4 52876.48380950 32.889
 20 127.727632  72.434711     1.639     1.569  4 52911.48377018 31.871
 23 127.712902  72.436538     7.335     7.395  4 53016.48376002 13.184
 24 127.682803  72.438783     4.152     4.695  3 53051.48373883 12.485
 25 127.709035  72.435504     7.039     7.100  5 53086.48377409 10.254
 26 127.684451  72.438278     6.248     5.943  4 53121.48374543  6.118
 28 127.709527  72.435622     8.340     8.864  5 53191.48379105 15.430
 29 127.712247  72.436323     1.737     1.741  4 53226.48379501 31.258
 30 127.718600  72.436242     1.499     1.395  4 53261.48376861 38.256
 31 127.680743  72.437389     2.955     2.938  3 53296.48380334 38.048
 32 127.704095  72.435879     2.321     2.258  5 53331.48377471 23.276
 34 127.690902  72.437734     2.466     2.444  5 53401.48374913 18.551
 35 127.721831  72.434524     2.151     2.204  4 53436.48373717 19.976
 36 127.682781  72.438618     2.577     2.577  3 53471.48378929 13.667
 37 127.699522  72.436685     2.970     2.872  5 53506.48382194 11.562
 38 127.697118  72.438436    10.265    10.176  5 53541.48382702 21.589
 39 127.711581  72.436671     3.623     3.805  5 53576.48381585 23.248
 40 127.724282  72.434780     2.083     2.042  4 53611.48376692 31.813
 41 127.685244  72.437293     2.050     2.027  3 53646.48377266 25.841
 42 127.699727  72.437943     6.379     6.206  5 53681.48378853 17.099
 43 127.726081  72.433977     5.636     6.865  4 53716.48371475 17.014
 44 127.684937  72.437847     3.532     2.470  3 53751.48363493 17.134
 45 127.712462  72.436331     6.818     6.913  4 53786.48366411 14.765
 46 127.740067  72.433578     7.477     7.433  3 53821.48361897 13.744
 47 127.686334  72.437684     5.677     5.224  3 53856.48370990 10.619
 48 127.700920  72.437322     7.407     8.379  5 53891.48372155 33.794
 49 127.685114  72.438154     3.346     3.037  4 53926.48378411 22.358
 50 127.705061  72.437401     1.463     1.431  5 53961.48376913 38.857
 51 127.672891  72.435789     2.637     2.637  2 53996.48371099 29.482
 52 127.688401  72.438269     4.764     4.836  4 54031.48376408 27.901
 53 127.711915  72.435618     6.991     7.053  5 54066.48375673 18.479
 54 127.721405  72.435600     7.363     7.385  4 54101.48371841 19.369
 55 127.684623  72.438675     6.750     6.675  4 54136.48368528 12.380
 56 127.717628  72.434944     7.563     7.674  4 54171.48369483  8.733
 57 127.683965  72.437544     5.255     5.116  3 54206.48369019  8.640
 58 127.701443  72.436911     3.316     2.862  5 54241.48372266 17.420
 59 127.701079  72.436998     9.670     9.901  4 54276.48373744 14.429
 61 127.723019  72.435636     1.900     1.915  4 54346.48371120 30.161
 62 127.688214  72.438173     1.779     1.747  4 54381.48367571 29.538
 63 127.712778  72.435866     6.297     6.311  4 54416.48366042 16.491
 64 127.684381  72.436799     4.493     4.910  3 54451.48364436 12.282
 65 127.703813  72.437035     6.811     6.833  5 54486.48365734 10.022
 66 127.690644  72.438350     6.932     6.871  4 54521.48365775  9.409
 67 127.717211  72.435439     8.040     7.960  5 54556.48366733  8.307
 68 127.693342  72.438538     7.517     7.405  5 54591.48365384  8.801
 69 127.706603  72.436241    10.143    10.031  5 54626.48366890 13.445
 70 127.694148  72.438520     2.034     2.043  5 54661.48367754 32.022
 71 127.716645  72.435929     2.001     2.034  5 54696.48365312 24.434
 72 127.686618  72.438402     9.673     9.496  3 54731.48363369 22.355
 73 127.703138  72.436748     2.364     2.400  5 54766.48363238 32.468
 74 127.683431  72.438001     4.104     4.824  3 54801.48362752 19.624
 75 127.704293  72.436382     4.172     4.414  5 54836.48362449 19.014
 76 127.686111  72.437822     2.378     2.334  3 54871.48362561 18.329
 77 127.721410  72.434499     4.081     4.015  4 54906.48363166 13.870
 78 127.686941  72.438333     4.116     3.795  3 54941.48361831 12.056
 79 127.697854  72.437445     2.969     2.985  5 54976.48364625 41.044
 80 127.705004  72.437063    10.256     9.961  5 55011.48365525 22.695
 81 127.699548  72.437025     1.938     1.931  5 55046.48364707 32.182
 82 127.720911  72.436242     2.057     2.040  4 55081.48361928 27.841
 83 127.690702  72.437506     1.907     1.914  4 55116.48357928 39.201
 84 127.703962  72.436970     5.490     5.383  5 55151.48357726 13.501
 85 127.684867  72.437976     2.591     2.512  4 55186.48356559 11.765
 86 127.706780  72.436544     2.298     2.344  5 55221.48357550 14.206
 87 127.693625  72.437349     4.522     4.948  5 55256.48356120  9.652
 88 127.719600  72.435898     7.401     7.425  4 55291.48356370  8.663
 89 127.699226  72.436471     8.232     7.889  5 55326.48354586  4.287
 90 127.708495  72.436815     9.646     9.492  5 55361.48354215 19.169
 91 127.687675  72.438312     2.402     2.366  5 55396.48354969 25.252
 92 127.702126  72.437122     1.792     1.856  5 55431.48355761 31.231
 93 127.727959  72.435305     1.593     1.586  4 55466.48351679 32.969
