# NaN NaN NaN ;Mean Elev.(m), Avg Gradient(m/km), RMS Gradient(m/km) - SRTM1     
#   84.502  -8.326  19.736 ;Mean Elev.(m), Avg Gradient(m/km), RMS Gradient(m/km) - ASTER GDEM
#   84.515  -8.814  24.657 ;Mean Elev.(m), Avg Gradient(m/km), RMS Gradient(m/km) - GMTED2010 
 11   201.799 52585.10483209  1.68 128.092087  61.238564  7.508
 11   198.677 52585.10483274  0.22 128.089737  61.235414  7.508
 11   195.753 52585.10483338  1.50 128.087387  61.232254  7.508
 12   198.736 52620.10481319  2.74 128.072755  61.236609  8.385
 12   198.230 52620.10481383  0.81 128.070405  61.233449  8.385
 15    96.093 52725.10483856 10.54 128.089714  61.239785  3.210
 15    96.151 52725.10483921 10.27 128.087364  61.236635  3.210
 15    96.069 52725.10483985  9.59 128.085014  61.233475  3.210
 15    96.056 52725.10484050  9.17 128.082664  61.230315  3.210
 15    95.852 52725.10484114  8.72 128.080314  61.227165  3.210
 15    95.693 52725.10484179  8.42 128.077964  61.224005  3.210
 22   202.852 52970.10491425  1.45 128.092398  61.239576  5.136
 22   199.614 52970.10491489  1.66 128.090048  61.236426  5.136
 22   197.619 52970.10491554  0.72 128.087698  61.233266  5.136
 27   204.769 53145.10492466  1.08 128.087662  61.238083  2.854
 27   199.799 53145.10492531  1.90 128.085312  61.234933  2.854
 27   202.795 53145.10492595  0.02 128.082962  61.231773  2.854
 37   203.957 53495.10497456  4.64 128.080062  61.236283  4.069
 37   204.407 53495.10497520  3.98 128.077712  61.233133  4.069
 37   227.410 53495.10497585  2.64 128.075362  61.229973  4.069
 52   204.241 54020.10490075  1.51 128.097614  61.240839  5.727
 52   204.824 54020.10490204  0.56 128.092914  61.234529  5.727
 53   200.885 54055.10489284  0.20 128.096199  61.236917  3.860
 53   217.222 54055.10489541  0.42 128.086801  61.224286  4.329
 54   200.096 54090.10488170  0.18 128.078480  61.235189  3.583
 54   202.768 54090.10488234  0.65 128.076130  61.232029  3.583
 58   204.966 54230.10486016  5.05 128.088541  61.238160  2.991
 58   202.786 54230.10486080  3.78 128.086191  61.235000  2.991
 58   226.828 54230.10486145  2.85 128.083831  61.231840  2.991
 58   238.112 54230.10486209  1.35 128.081481  61.228690  2.991
 58   241.069 54230.10486273  0.84 128.079131  61.225530  2.991
 59   209.857 54265.10487752  1.05 128.090187  61.240025  2.435
 59   204.890 54265.10487816  1.22 128.087837  61.236875  2.435
 63   201.501 54405.10481622  1.36 128.082550  61.237088  3.553
 63   201.683 54405.10481686  1.86 128.080200  61.233938  3.553
 63   216.026 54405.10481880  0.03 128.073150  61.224458  3.553
 63   219.153 54405.10481944  0.35 128.070800  61.221308  3.553
 65   200.180 54475.10480315  0.42 128.089151  61.236237  3.671
 65   201.248 54475.10480379  0.08 128.086801  61.233077  3.671
 71   100.395 54685.10481299 18.74 128.080907  61.237807  2.764
 71   101.704 54685.10481363 13.88 128.078557  61.234647  2.764
 74   205.541 54790.10475555  0.06 128.097614  61.239510  4.851
 74   200.235 54790.10475620  0.53 128.095264  61.236350  4.851
 75   202.715 54825.10478243  0.28 128.092369  61.239849  3.251
 75   199.922 54825.10478372  0.05 128.087669  61.233539  3.251
 79   104.082 54965.10478425 26.35 128.086730  61.238223 12.649
 79   104.927 54965.10478489 24.82 128.084380  61.235063 12.649
 79   103.820 54965.10478554 27.23 128.082030  61.231903 12.649
 79   104.679 54965.10478618 24.70 128.079680  61.228743 12.649
 79   104.869 54965.10478682 24.88 128.077330  61.225593 12.649
 79   105.744 54965.10478747 26.75 128.074980  61.222433 12.649
 83   194.651 55105.10472087 25.84 128.098055  61.241698 30.029
 83   193.883 55105.10472152 25.64 128.095705  61.238548 30.029
 83   193.479 55105.10472216 20.64 128.093345  61.235388 30.029
 83   192.738 55105.10472281 16.35 128.090995  61.232228 30.029
 83   191.998 55105.10472345  9.68 128.088645  61.229078 30.029
 84   202.364 55140.10472888  1.32 128.083672  61.235876  3.333
 84   197.111 55140.10472953  0.51 128.081322  61.232726  3.333
 84   199.476 55140.10473017  0.23 128.078972  61.229566  3.333
 85   204.266 55175.10468744  4.00 128.103251  61.242657  3.671
 85   199.607 55175.10468873  2.63 128.098551  61.236347  3.671
 85   196.579 55175.10468938  1.53 128.096201  61.233187  3.671
 85   193.112 55175.10469002  0.55 128.093851  61.230037  3.671
 89   206.132 55315.10468225  2.81 128.088446  61.239523  2.622
 89   204.025 55315.10468289  1.42 128.086086  61.236363  2.622
 89   201.669 55315.10468354  0.26 128.083746  61.233203  2.622
 91   103.906 55385.10468143 44.16 128.095253  61.239798 20.650
 91   103.752 55385.10468207 42.71 128.092903  61.236638 20.650
 91   102.219 55385.10468272 42.59 128.090543  61.233478 20.650
 91   103.460 55385.10468336 43.48 128.088193  61.230328 20.650
 91   102.620 55385.10468401 42.19 128.085843  61.227168 20.650
 91   102.800 55385.10468465 44.21 128.083493  61.224008 20.650
 92    97.942 55420.10470688 37.03 128.089027  61.238671  8.319
 92    97.795 55420.10470753 34.22 128.086677  61.235511  8.319
 92    97.940 55420.10470817 32.76 128.084327  61.232351  8.319
 92    97.909 55420.10470881 32.81 128.081977  61.229191  8.319
 92    97.932 55420.10470946 37.04 128.079627  61.226041  8.319
 92    97.996 55420.10471010 41.73 128.077277  61.222881  8.319
