# NaN NaN NaN ;Mean Elev.(m), Avg Gradient(m/km), RMS Gradient(m/km) - SRTM1     
#   11.008   0.000   2.735 ;Mean Elev.(m), Avg Gradient(m/km), RMS Gradient(m/km) - ASTER GDEM
#   21.604  -0.000   1.572 ;Mean Elev.(m), Avg Gradient(m/km), RMS Gradient(m/km) - GMTED2010 
  8    25.839 52499.51651571 27.47 123.126146  67.314645 21.037
  8    26.028 52499.51651636 28.99 123.122616  67.317705 21.037
  8    26.202 52499.51651700 32.81 123.119096  67.320765 21.037
  8    25.952 52499.51651765 33.49 123.115566  67.323835 21.037
  8    25.469 52499.51651829 34.60 123.112036  67.326895 21.037
  8    24.804 52499.51651894 37.83 123.108506  67.329955 21.037
  8    24.617 52499.51651958 35.48 123.104976  67.333015 21.037
  8    24.523 52499.51652022 39.05 123.101446  67.336075 21.037
  8    24.531 52499.51652087 37.41 123.097906  67.339135 21.037
  8    24.247 52499.51652151 31.19 123.094376  67.342195 21.037
  8    23.983 52499.51652216 23.67 123.090846  67.345255 21.037
  8    24.335 52499.51652280 20.17 123.087306  67.348315 21.037
  8    26.088 52499.51652345 18.81 123.083776  67.351375 21.037
  8    25.012 52499.51652409 21.03 123.080236  67.354435 21.037
  8    24.827 52499.51652474 22.04 123.076696  67.357495 21.037
  8    34.147 52499.51652538 20.57 123.073156  67.360555 21.037
 10    23.658 52569.51653363 40.96 123.109457  67.317185 28.913
 10    23.456 52569.51653427 40.28 123.105927  67.320245 28.913
 10    23.568 52569.51653492 39.06 123.102407  67.323305 28.913
 10    23.563 52569.51653556 39.51 123.098867  67.326365 28.913
 10    23.537 52569.51653621 38.06 123.095337  67.329425 28.913
 10    23.598 52569.51653685 40.91 123.091807  67.332485 28.913
 10    23.660 52569.51653750 47.21 123.088277  67.335545 28.913
 10    23.520 52569.51653814 43.48 123.084737  67.338605 28.913
 10    23.681 52569.51653879 44.46 123.081207  67.341665 28.913
 10    23.521 52569.51653943 47.00 123.077667  67.344725 28.913
 11    24.356 52604.51651505 19.01 123.123361  67.315499  5.940
 11    24.181 52604.51651569 19.91 123.119831  67.318569  5.940
 11    23.458 52604.51651634 21.10 123.116301  67.321629  5.940
 11    23.519 52604.51651698 19.82 123.112771  67.324689  5.940
 11    26.506 52604.51651763 18.77 123.109251  67.327749  5.940
 11    24.594 52604.51651827 19.62 123.105721  67.330809  5.940
 11    24.183 52604.51651891 20.58 123.102181  67.333869  5.940
 11    23.813 52604.51651956 20.29 123.098651  67.336929  5.940
 11    25.223 52604.51652020 19.91 123.095121  67.339989  5.940
 11    23.668 52604.51652085 21.76 123.091591  67.343049  5.940
 11    23.683 52604.51652149 22.43 123.088051  67.346109  5.940
 11    23.476 52604.51652214 21.67 123.084521  67.349169  5.940
 11    23.435 52604.51652278 21.90 123.080981  67.352229  5.940
 11    23.460 52604.51652343 21.47 123.077451  67.355299  5.940
 11    23.328 52604.51652407 20.87 123.073911  67.358349  5.940
 12    29.861 52639.51649843 15.03 123.096892  67.319828  3.158
 12    33.064 52639.51649907 14.14 123.093362  67.322888  3.158
 12    32.498 52639.51649972 14.42 123.089832  67.325948  3.158
 12    33.084 52639.51650036 13.60 123.086292  67.329008  3.158
 12    33.569 52639.51650101 14.19 123.082764  67.332066  2.989
 13    27.080 52674.51649202 12.28 123.124645  67.314119  2.822
 13    26.735 52674.51649266 12.59 123.121115  67.317179  2.822
 13    30.611 52674.51649330 12.55 123.117595  67.320239  2.822
 13    27.851 52674.51649395 12.35 123.114065  67.323299  2.822
 13    27.535 52674.51649459 12.03 123.110535  67.326359  2.822
 13    30.340 52674.51649524 11.86 123.107005  67.329419  2.822
 13    30.650 52674.51649588 11.89 123.103475  67.332479  2.822
 13    27.060 52674.51649653 12.51 123.099945  67.335549  2.822
 13    31.256 52674.51649717 12.39 123.096405  67.338609  2.822
 13    25.976 52674.51649782 13.10 123.092875  67.341669  2.822
 13    31.047 52674.51649846 13.29 123.089345  67.344729  2.822
 13    24.478 52674.51649911 14.14 123.085805  67.347789  2.822
 13    24.364 52674.51649975 13.90 123.082269  67.350848  3.264
 13    24.469 52674.51650040 14.63 123.078739  67.353908  3.264
 13    24.055 52674.51650104 15.07 123.075199  67.356968  3.264
 14    29.450 52709.51650930 10.68 123.103749  67.317838  2.746
 14    29.560 52709.51650994 11.08 123.100219  67.320898  2.746
 14    32.358 52709.51651059 10.54 123.096689  67.323958  2.746
 14    32.240 52709.51651123 11.05 123.093157  67.327022  2.787
 14    31.780 52709.51651188 10.25 123.089627  67.330082  2.787
 14    31.719 52709.51651252 10.46 123.086097  67.333142  2.787
 14    31.816 52709.51651317 10.70 123.082557  67.336202  2.787
 14    32.048 52709.51651381 11.42 123.079027  67.339262  2.787
 16    22.694 52779.51647445 31.20 123.094380  67.319045 34.258
 16    33.945 52779.51647574 21.39 123.087320  67.325175 34.258
 16    34.719 52779.51647638 21.03 123.083790  67.328235 34.258
 17    32.883 52814.51655805 24.91 123.094673  67.318346  7.729
 17    32.957 52814.51655869 25.77 123.091143  67.321406  7.729
 17    33.395 52814.51655934 23.97 123.087613  67.324466  7.729
 18    32.523 52849.51661104 22.51 123.098811  67.320667 20.444
 18    32.851 52849.51661169 20.80 123.095281  67.323727 20.444
 18    32.446 52849.51661233 20.76 123.091751  67.326787 20.444
 18    32.953 52849.51661298 19.85 123.088211  67.329847 20.444
 18    33.680 52849.51661362 19.14 123.084681  67.332907 18.512
 18    33.213 52849.51661427 19.70 123.081151  67.335967 18.512
 19    25.675 52884.51664549 23.18 123.111284  67.317244 12.248
 19    25.818 52884.51664613 22.72 123.107764  67.320304 12.248
 19    25.841 52884.51664678 23.33 123.104234  67.323364 12.248
 19    26.085 52884.51664742 22.14 123.100704  67.326424 12.248
 19    25.941 52884.51664807 19.52 123.097174  67.329484 12.248
 19    25.902 52884.51664871 18.98 123.093634  67.332544 12.248
 19    31.922 52884.51664935 18.03 123.090104  67.335607 23.383
 19    32.156 52884.51665000 20.99 123.086574  67.338667 23.383
 19    32.161 52884.51665064 18.42 123.083034  67.341727 23.383
 19    31.427 52884.51665129 18.08 123.079504  67.344787 23.383
 19    28.524 52884.51665193 18.96 123.075964  67.347847 23.383
 20    25.896 52919.51660080 16.10 123.127498  67.314515 12.331
 20    25.825 52919.51660144 16.42 123.123968  67.317575 12.331
 20    27.165 52919.51660209 17.05 123.120438  67.320645 12.331
 20    25.577 52919.51660273 24.38 123.116918  67.323705 12.331
 20    26.137 52919.51660338 23.98 123.113388  67.326765 12.331
 20    25.714 52919.51660402 21.47 123.109858  67.329825 12.331
 20    26.289 52919.51660467 18.18 123.106328  67.332885 12.331
 20    25.522 52919.51660531 19.51 123.102798  67.335945 12.331
 20    30.943 52919.51660596 17.97 123.099265  67.339011  8.332
 20    31.288 52919.51660660 16.82 123.095725  67.342071  8.332
 20    31.099 52919.51660724 14.65 123.092195  67.345131  8.332
 20    31.528 52919.51660789 14.32 123.088665  67.348191  8.332
 20    32.264 52919.51660853 13.98 123.085125  67.351251  8.332
 20    33.109 52919.51660918 13.97 123.081585  67.354311  8.332
 20    33.434 52919.51660982 15.14 123.078055  67.357371  8.332
 20    33.718 52919.51661047 19.10 123.074515  67.360431  8.332
 21    23.217 52954.51656596 21.73 123.101259  67.320664  4.790
 21    23.320 52954.51656661 22.17 123.097719  67.323724  4.790
 21    23.431 52954.51656725 21.52 123.094189  67.326784  4.790
 21    23.319 52954.51656790 22.96 123.090659  67.329844  4.790
 21    23.395 52954.51656854 23.92 123.087121  67.332901  5.628
 21    23.418 52954.51656919 24.52 123.083591  67.335961  5.628
 21    23.244 52954.51656983 24.83 123.080051  67.339021  5.628
 22    27.165 52989.51657420 14.03 123.121938  67.315818  3.054
 22    30.170 52989.51657485 14.53 123.118408  67.318878  3.054
 22    30.626 52989.51657549 14.34 123.114878  67.321938  3.054
 22    31.092 52989.51657613 14.17 123.111348  67.324998  3.054
 22    30.681 52989.51657678 13.77 123.107812  67.328061  3.557
 22    27.213 52989.51657742 14.15 123.104282  67.331121  3.557
 22    26.984 52989.51657807 14.91 123.100752  67.334181  3.557
 22    26.492 52989.51657871 14.68 123.097222  67.337241  3.557
 22    25.847 52989.51657936 15.21 123.093682  67.340301  3.557
 22    25.258 52989.51658000 15.70 123.090152  67.343361  3.557
 22    24.935 52989.51658065 16.02 123.086612  67.346421  3.557
 22    24.063 52989.51658129 16.43 123.083072  67.349481  3.557
 22    24.489 52989.51658194 15.73 123.079542  67.352541  3.557
 22    25.177 52989.51658258 15.16 123.076002  67.355601  3.557
 22    26.747 52989.51658323 14.79 123.072462  67.358661  3.557
 23    28.460 53024.51655508 10.93 123.131926  67.315438  2.820
 23    28.707 53024.51655573 11.09 123.128396  67.318498  2.820
 23    29.296 53024.51655637 11.37 123.124866  67.321558  2.820
 23    28.023 53024.51655702 11.86 123.121336  67.324618  2.820
 23    29.530 53024.51655766 11.69 123.117806  67.327678  2.820
 23    26.115 53024.51655831 11.28 123.114276  67.330738  2.820
 23    26.009 53024.51655895 11.69 123.110746  67.333798  2.820
 23    26.444 53024.51655960 11.82 123.107216  67.336858  2.820
 23    26.411 53024.51656024 11.61 123.103686  67.339918  2.820
 23    24.724 53024.51656089 12.05 123.100156  67.342988  2.820
 23    30.287 53024.51656153 12.07 123.096616  67.346048  2.820
 23    29.825 53024.51656217 12.46 123.093086  67.349108  2.820
 23    23.931 53024.51656282 13.65 123.089546  67.352168  2.820
 23    23.969 53024.51656346 13.36 123.086006  67.355228  2.820
 23    23.515 53024.51656411 13.57 123.082473  67.358285  3.056
 23    23.657 53024.51656475 13.44 123.078933  67.361345  3.056
 23    24.836 53024.51656540 13.57 123.075393  67.364405  3.056
 24    31.009 53059.51655248 10.15 123.123407  67.313285  2.415
 24    28.620 53059.51655313 10.70 123.119887  67.316345  2.415
 24    31.527 53059.51655377 10.06 123.116357  67.319405  2.415
 24    31.438 53059.51655442 10.11 123.112827  67.322465  2.415
 24    31.604 53059.51655506 10.45 123.109297  67.325525  2.415
 24    31.755 53059.51655571  9.59 123.105767  67.328585  2.415
 24    31.752 53059.51655635  9.75 123.102227  67.331655  2.415
 24    31.353 53059.51655700  9.91 123.098697  67.334715  2.415
 24    31.235 53059.51655764 10.15 123.095167  67.337775  2.415
 24    30.117 53059.51655829 11.17 123.091627  67.340835  2.415
 24    31.230 53059.51655893 10.77 123.088097  67.343895  2.415
 24    31.331 53059.51655957 10.83 123.084560  67.346951  2.872
 24    27.013 53059.51656022 11.03 123.081020  67.350011  2.872
 24    26.651 53059.51656086 11.10 123.077480  67.353071  2.872
 24    33.250 53059.51656151 11.21 123.073940  67.356131  2.872
 25    31.231 53094.51659057  9.41 123.122576  67.314550  2.326
 25    31.253 53094.51659122  9.45 123.119056  67.317610  2.326
 25    31.571 53094.51659186  9.03 123.115526  67.320670  2.326
 25    31.391 53094.51659251  9.12 123.111996  67.323730  2.326
 25    31.514 53094.51659315  9.35 123.108466  67.326790  2.326
 25    31.925 53094.51659380  9.72 123.104946  67.329860  2.326
 25    32.648 53094.51659444  9.00 123.101416  67.332920  2.326
 25    31.370 53094.51659509  9.43 123.097876  67.335980  2.326
 25    30.509 53094.51659573  9.73 123.094346  67.339040  2.326
 25    30.339 53094.51659638  9.41 123.090816  67.342100  2.326
 25    31.603 53094.51659702 10.15 123.087286  67.345160  2.326
 25    26.679 53094.51659766 10.22 123.083750  67.348223  2.834
 25    30.277 53094.51659831 10.51 123.080210  67.351283  2.834
 25    32.943 53094.51659895 10.32 123.076680  67.354343  2.834
 25    27.833 53094.51659960 10.27 123.073140  67.357403  2.834
 26    32.665 53129.51656327  6.71 123.111192  67.316806  2.363
 26    32.995 53129.51656391  6.45 123.107662  67.319866  2.363
 26    32.541 53129.51656456  7.05 123.104132  67.322926  2.363
 26    33.046 53129.51656520  6.72 123.100602  67.325986  2.363
 26    32.973 53129.51656585  6.89 123.097062  67.329046  2.363
 26    33.605 53129.51656649  6.95 123.093532  67.332116  2.363
 26    33.738 53129.51656713  7.14 123.090002  67.335176  2.363
 26    33.264 53129.51656778  7.39 123.086462  67.338236  2.363
 26    32.714 53129.51656842  7.72 123.082932  67.341296  2.363
 26    31.776 53129.51656907  7.23 123.079394  67.344352  2.408
 26    32.324 53129.51656971  7.05 123.075854  67.347412  2.408
 28    29.513 53199.51663315 20.28 123.113178  67.316655  6.859
 28    29.595 53199.51663379 19.96 123.109648  67.319715  6.859
 28    32.090 53199.51663444 19.00 123.106118  67.322775  6.859
 28    29.604 53199.51663508 18.83 123.102588  67.325835  6.859
 28    32.074 53199.51663572 18.43 123.099058  67.328895  6.859
 28    32.181 53199.51663637 18.31 123.095530  67.331959 16.790
 28    32.005 53199.51663701 17.82 123.091990  67.335019 16.790
 28    32.297 53199.51663766 17.81 123.088460  67.338079 16.790
 28    32.574 53199.51663830 17.35 123.084920  67.341139 16.790
 28    31.786 53199.51663895 17.38 123.081390  67.344199 16.790
 28    31.692 53199.51663959 17.50 123.077850  67.347259 16.790
 28    29.868 53199.51664024 17.87 123.074320  67.350319 16.790
 29    28.295 53234.51660201 43.31 123.133376  67.313739 18.864
 29    28.319 53234.51660265 50.73 123.129846  67.316799 18.864
 29    28.364 53234.51660329 44.25 123.126316  67.319859 18.864
 29    28.339 53234.51660394 33.31 123.122796  67.322919 18.864
 29    28.346 53234.51660458 33.31 123.119266  67.325979 18.864
 29    28.202 53234.51660523 31.79 123.115736  67.329049 18.864
 29    27.888 53234.51660587 34.48 123.112206  67.332109 18.864
 29    27.669 53234.51660652 38.48 123.108666  67.335169 18.864
 29    27.736 53234.51660716 38.44 123.105136  67.338229 18.864
 29    27.965 53234.51660781 37.62 123.101606  67.341289 18.864
 29    28.010 53234.51660845 36.86 123.098075  67.344351 29.483
 29    28.052 53234.51660910 39.30 123.094535  67.347411 29.483
 29    27.885 53234.51660974 39.98 123.090995  67.350471 29.483
 29    28.012 53234.51661039 40.47 123.087465  67.353531 29.483
 29    28.016 53234.51661103 40.68 123.083925  67.356591 29.483
 29    28.029 53234.51661168 41.66 123.080385  67.359651 29.483
 29    28.072 53234.51661232 39.85 123.076845  67.362711 29.483
 29    28.104 53234.51661296 39.24 123.073305  67.365771 29.483
 30    32.841 53269.51656952 26.10 123.092183  67.319146 23.821
 30    32.877 53269.51657017 29.40 123.088653  67.322206 23.821
 30    33.143 53269.51657081 26.81 123.085123  67.325266 23.821
 31    24.615 53304.51663112 49.11 123.093543  67.320662 19.812
 31    24.411 53304.51663177 38.32 123.090003  67.323722 19.812
 31    24.512 53304.51663241 38.19 123.086473  67.326782 19.812
 32    28.034 53339.51659822 13.73 123.120979  67.315925  3.391
 32    25.424 53339.51659887 14.31 123.117459  67.318995  3.391
 32    26.397 53339.51659951 14.08 123.113929  67.322055  3.391
 32    26.430 53339.51660016 13.95 123.110399  67.325115  3.391
 32    30.621 53339.51660080 13.89 123.106869  67.328175  3.391
 32    30.906 53339.51660145 13.63 123.103339  67.331235  3.391
 32    26.862 53339.51660209 13.74 123.099809  67.334295  3.391
 32    26.370 53339.51660273 13.97 123.096279  67.337355  3.391
 32    25.889 53339.51660338 14.35 123.092739  67.340415  3.391
 32    30.880 53339.51660402 14.69 123.089209  67.343475  3.391
 32    31.322 53339.51660467 15.03 123.085669  67.346535  3.391
 32    25.040 53339.51660531 14.82 123.082139  67.349595  3.391
 32    24.967 53339.51660596 15.41 123.078599  67.352655  3.391
 32    32.946 53339.51660660 14.96 123.075069  67.355715  3.391
 33    25.835 53374.51653290 11.51 123.115719  67.332795  3.117
 33    25.726 53374.51653354 11.26 123.112189  67.335855  3.117
 33    26.161 53374.51653419 11.82 123.108659  67.338915  3.117
 33    25.175 53374.51653483 12.29 123.105129  67.341975  3.117
 33    29.273 53374.51653548 12.07 123.101589  67.345035  3.117
 33    26.484 53374.51653612 12.57 123.098059  67.348095  3.117
 33    25.913 53374.51653677 12.61 123.094519  67.351155  3.117
 33    25.137 53374.51653741 13.13 123.090989  67.354215  3.117
 33    25.251 53374.51653806 12.90 123.087449  67.357275  3.117
 33    25.124 53374.51653870 13.35 123.083919  67.360335  3.117
 33    24.945 53374.51653935 13.27 123.080379  67.363395  3.117
 33    24.746 53374.51653999 14.15 123.076839  67.366455  3.117
 34    30.749 53409.51657255 11.32 123.113225  67.316769  2.924
 34    31.905 53409.51657319 10.55 123.109695  67.319839  2.924
 34    31.880 53409.51657384 10.59 123.106175  67.322899  2.924
 34    30.101 53409.51657448 10.72 123.102635  67.325959  2.924
 34    31.318 53409.51657512 10.59 123.099105  67.329019  2.924
 34    31.392 53409.51657577 10.76 123.095575  67.332079  2.924
 34    31.578 53409.51657641 11.06 123.092045  67.335139  2.924
 34    27.107 53409.51657706 12.00 123.088505  67.338199  2.924
 34    30.187 53409.51657770 11.49 123.084975  67.341259  2.924
 34    31.641 53409.51657835 11.26 123.081435  67.344319  2.924
 34    31.344 53409.51657899 11.68 123.077905  67.347379  2.924
 34    26.478 53409.51657964 12.46 123.074365  67.350439  2.924
 35    29.548 53444.51655879  9.47 123.114344  67.333233  2.619
 35    26.729 53444.51655943  9.87 123.110814  67.336293  2.619
 35    28.521 53444.51656008 10.04 123.107284  67.339353  2.619
 35    29.022 53444.51656072  9.86 123.103744  67.342413  2.619
 35    26.092 53444.51656137 10.72 123.100214  67.345473  2.619
 35    25.360 53444.51656201 11.34 123.096684  67.348533  2.619
 35    25.334 53444.51656266 10.96 123.093144  67.351593  2.619
 35    25.418 53444.51656330 10.71 123.089614  67.354653  2.619
 35    25.399 53444.51656395 10.87 123.086074  67.357713  2.619
 35    25.372 53444.51656459 11.21 123.082544  67.360773  2.619
 35    24.394 53444.51656524 11.75 123.079004  67.363833  2.619
 35    30.862 53444.51656588 11.50 123.075464  67.366903  2.619
 36    32.977 53479.51663553  8.79 123.099229  67.318089  3.094
 36    33.339 53479.51663618  8.88 123.095699  67.321149  3.094
 36    32.596 53479.51663682  9.19 123.092169  67.324209  3.094
 36    30.001 53479.51663747  9.60 123.088639  67.327269  3.094
 36    31.379 53479.51663811  9.27 123.085099  67.330329  3.094
 36    32.168 53479.51663876  9.13 123.081569  67.333389  3.094
 37    35.728 53514.51664195 28.23 123.117165  67.314990 19.234
 37    35.560 53514.51664260 26.29 123.113635  67.318050 19.234
 37    35.634 53514.51664324 26.00 123.110105  67.321120 19.234
 37    35.635 53514.51664389 25.08 123.106575  67.324180 19.234
 37    35.598 53514.51664453 25.75 123.103045  67.327240 19.234
 37    35.679 53514.51664518 25.28 123.099515  67.330300 19.234
 37    35.535 53514.51664582 25.87 123.095985  67.333360 19.234
 37    35.560 53514.51664647 28.42 123.092445  67.336420 19.234
 37    35.547 53514.51664711 28.31 123.088915  67.339480 19.234
 37    35.603 53514.51664775 29.96 123.085385  67.342540 19.234
 37    35.641 53514.51664840 30.97 123.081845  67.345600 19.234
 37    35.589 53514.51664904 30.40 123.078305  67.348660 19.234
 37    35.673 53514.51664969 34.85 123.074775  67.351720 19.234
 38    30.029 53549.51666103 41.20 123.115012  67.315918 10.228
 38    29.972 53549.51666168 40.41 123.111482  67.318988 10.228
 38    29.896 53549.51666232 39.20 123.107952  67.322048 10.228
 38    29.903 53549.51666297 39.55 123.104432  67.325108 10.228
 38    29.793 53549.51666361 38.25 123.100902  67.328168 10.228
 38    29.788 53549.51666425 37.09 123.097372  67.331228 10.228
 38    29.799 53549.51666490 35.20 123.093832  67.334288 10.228
 38    29.735 53549.51666554 34.70 123.090302  67.337348 10.228
 38    29.782 53549.51666619 34.10 123.086772  67.340408 10.228
 38    29.862 53549.51666683 33.10 123.083232  67.343468 10.228
 38    29.899 53549.51666748 32.75 123.079702  67.346528 10.228
 38    29.943 53549.51666812 32.63 123.076162  67.349588 10.228
 39    29.788 53584.51662298 17.62 123.125019  67.314752  5.282
 39    29.877 53584.51662363 16.65 123.121499  67.317812  5.282
 39    29.900 53584.51662427 16.66 123.117969  67.320872  5.282
 39    30.156 53584.51662492 16.42 123.114439  67.323942  5.282
 39    30.285 53584.51662556 16.77 123.110909  67.327002  5.282
 39    30.133 53584.51662621 15.85 123.107379  67.330062  5.282
 39    30.230 53584.51662685 15.57 123.103849  67.333122  5.282
 39    31.324 53584.51662750 15.25 123.100319  67.336182  5.282
 39    31.537 53584.51662814 15.27 123.096789  67.339242  5.282
 39    31.551 53584.51662879 15.03 123.093249  67.342302  5.282
 39    31.178 53584.51662943 14.74 123.089719  67.345362  5.282
 39    30.092 53584.51663007 15.17 123.086179  67.348422  5.282
 39    30.119 53584.51663072 15.91 123.082649  67.351482  5.282
 39    35.633 53584.51663136 15.42 123.079109  67.354542  5.282
 39    33.985 53584.51663201 16.87 123.075569  67.357602  5.282
 40    28.444 53619.51657917 22.88 123.135801  67.312921 17.694
 40    28.886 53619.51657981 25.63 123.132271  67.315981 17.694
 40    29.095 53619.51658046 27.17 123.128751  67.319041 17.694
 40    29.012 53619.51658110 31.48 123.125221  67.322101 17.694
 40    29.033 53619.51658175 29.18 123.121691  67.325161 17.694
 40    29.049 53619.51658239 23.97 123.118161  67.328231 17.694
 40    29.207 53619.51658303 17.88 123.114641  67.331291 17.694
 40    29.003 53619.51658368 15.42 123.111111  67.334351 17.694
 40    28.508 53619.51658432 16.32 123.107581  67.337411 17.694
 40    31.037 53619.51658497 14.77 123.104051  67.340471 17.694
 40    30.738 53619.51658561 14.26 123.100511  67.343531 17.694
 40    30.487 53619.51658626 15.23 123.096981  67.346591 17.694
 40    28.501 53619.51658690 16.35 123.093451  67.349651 17.694
 40    28.133 53619.51658755 18.42 123.089911  67.352711 17.694
 40    28.309 53619.51658819 21.79 123.086381  67.355771 17.694
 40    28.505 53619.51658884 26.51 123.082841  67.358841 17.694
 40    28.844 53619.51658948 30.09 123.079301  67.361901 17.694
 40    28.960 53619.51659013 33.44 123.075771  67.364961 17.694
 41    24.993 53654.51660698 41.68 123.105286  67.318245 34.639
 41    25.014 53654.51660762 40.17 123.101756  67.321305 34.639
 41    25.058 53654.51660827 42.37 123.098226  67.324365 34.639
 41    24.992 53654.51660891 45.05 123.094696  67.327425 34.639
 41    25.128 53654.51660956 45.91 123.091166  67.330485 34.639
 41    25.024 53654.51661020 43.54 123.087626  67.333545 34.639
 41    24.991 53654.51661085 47.68 123.084096  67.336605 34.639
 41    25.120 53654.51661149 46.90 123.080556  67.339665 34.639
 41    25.108 53654.51661214 42.22 123.077026  67.342725 34.639
 42    24.573 53689.51660149 17.21 123.115495  67.316403  4.520
 42    24.122 53689.51660213 17.09 123.111965  67.319473  4.520
 42    23.987 53689.51660278 18.01 123.108435  67.322533  4.520
 42    22.700 53689.51660342 19.87 123.104905  67.325593  4.520
 42    22.945 53689.51660407 19.41 123.101375  67.328653  4.520
 42    25.207 53689.51660471 18.10 123.097845  67.331713  4.520
 42    24.649 53689.51660536 18.59 123.094315  67.334773  4.520
 42    23.341 53689.51660600 19.24 123.090785  67.337833  4.520
 42    23.215 53689.51660664 19.50 123.087245  67.340893  4.520
 42    24.516 53689.51660729 19.60 123.083715  67.343953  4.520
 42    24.393 53689.51660793 19.55 123.080175  67.347013  4.520
 42    23.058 53689.51660858 19.64 123.076645  67.350073  4.520
 43    24.124 53724.51652923 16.46 123.114708  67.334593  3.382
 43    23.861 53724.51652988 16.15 123.111178  67.337653  3.382
 43    23.755 53724.51653052 16.65 123.107648  67.340713  3.382
 43    23.604 53724.51653116 17.05 123.104108  67.343773  3.382
 43    23.485 53724.51653181 16.44 123.100578  67.346833  3.382
 43    23.418 53724.51653245 16.59 123.097048  67.349893  3.382
 43    23.470 53724.51653310 16.19 123.093508  67.352953  3.382
 43    23.468 53724.51653374 16.38 123.089978  67.356013  3.382
 43    23.368 53724.51653439 16.09 123.086438  67.359073  3.382
 43    23.271 53724.51653503 15.60 123.082898  67.362133  3.382
 43    23.389 53724.51653568 15.82 123.079358  67.365193  3.382
 43    23.818 53724.51653632 15.45 123.075828  67.368263  3.382
 44    28.871 53759.51646908 11.88 123.107472  67.318808  2.203
 44    31.064 53759.51646973 11.93 123.103942  67.321868  2.203
 44    32.097 53759.51647037 11.94 123.100412  67.324928  2.203
 44    32.402 53759.51647102 11.88 123.096882  67.327988  2.203
 44    31.188 53759.51647166 11.73 123.093352  67.331048  2.203
 44    31.804 53759.51647231 11.83 123.089812  67.334108  2.203
 44    28.691 53759.51647295 11.58 123.086282  67.337168  2.203
 44    30.791 53759.51647360 11.68 123.082742  67.340228  2.203
 44    31.660 53759.51647424 11.77 123.079212  67.343288  2.203
 44    31.380 53759.51647488 11.51 123.075672  67.346348  2.203
 45    25.857 53794.51648690 11.06 123.127975  67.315353  2.566
 45    26.279 53794.51648755 10.87 123.124455  67.318413  2.566
 45    27.344 53794.51648819 10.53 123.120925  67.321473  2.566
 45    27.474 53794.51648883 10.79 123.117395  67.324543  2.566
 45    25.775 53794.51648948 11.45 123.113865  67.327603  2.566
 45    26.601 53794.51649012 11.30 123.110335  67.330663  2.566
 45    30.294 53794.51649077 11.19 123.106805  67.333723  2.566
 45    26.148 53794.51649141 11.40 123.103275  67.336783  2.566
 45    25.001 53794.51649206 11.04 123.099735  67.339843  2.566
 45    24.718 53794.51649270 11.38 123.096205  67.342903  2.566
 45    24.954 53794.51649335 11.42 123.092675  67.345963  2.566
 45    24.430 53794.51649399 11.07 123.089135  67.349023  2.566
 45    24.561 53794.51649464 11.76 123.085605  67.352083  2.566
 45    23.918 53794.51649528 12.26 123.082065  67.355143  2.566
 45    31.482 53794.51649593 11.79 123.078525  67.358203  2.566
 45    32.036 53794.51649657 11.44 123.074985  67.361263  2.566
 46    31.545 53829.51646435  8.74 123.099093  67.319715  1.963
 46    33.079 53829.51646500  8.52 123.095563  67.322775  1.963
 46    32.751 53829.51646564  8.55 123.092033  67.325835  1.963
 46    34.360 53829.51646629  8.60 123.088493  67.328895  1.963
 46    31.924 53829.51646693  8.75 123.084963  67.331955  1.963
 46    32.425 53829.51646758  8.83 123.081423  67.335015  1.963
 47    26.924 53864.51654386 15.74 123.099908  67.320247  6.785
 47    26.649 53864.51654451 17.01 123.096378  67.323307  6.785
 47    26.223 53864.51654515 15.89 123.092848  67.326367  6.785
 47    25.959 53864.51654580 14.07 123.089308  67.329427  6.785
 47    25.133 53864.51654644 15.01 123.085778  67.332487  6.785
 47    23.004 53864.51654709 16.89 123.082248  67.335547  6.785
 48    34.184 53899.51656839 48.13 123.112562  67.316180 34.829
 48    34.180 53899.51656904 50.10 123.109042  67.319240 34.829
 48    34.157 53899.51656968 49.70 123.105512  67.322300 34.829
 48    34.134 53899.51657032 50.14 123.101982  67.325360 34.829
 48    34.136 53899.51657097 49.45 123.098452  67.328420 34.829
 48    34.131 53899.51657161 49.93 123.094912  67.331480 34.829
 48    34.129 53899.51657226 50.43 123.091382  67.334540 34.829
 48    34.094 53899.51657290 50.93 123.087852  67.337600 34.829
 48    34.114 53899.51657355 50.41 123.084312  67.340660 34.829
 48    34.097 53899.51657419 50.68 123.080782  67.343720 34.829
 48    34.090 53899.51657484 50.30 123.077242  67.346780 34.829
 49    32.708 53934.51661294 18.38 123.101838  67.319851 10.037
 49    33.017 53934.51661359 17.94 123.098308  67.322911 10.037
 49    33.230 53934.51661423 17.37 123.094778  67.325981 10.037
 49    33.857 53934.51661488 18.22 123.091248  67.329041 10.037
 49    33.965 53934.51661552 17.08 123.087718  67.332101 10.037
 49    33.529 53934.51661616 17.55 123.084188  67.335161 10.037
 49    33.058 53934.51661681 19.07 123.080648  67.338221 10.037
 50    25.247 53969.51658151 25.40 123.119010  67.314471 13.257
 50    25.588 53969.51658216 24.03 123.115480  67.317531 13.257
 50    25.217 53969.51658280 26.14 123.111948  67.320595 18.382
 50    25.224 53969.51658345 25.73 123.108428  67.323655 18.382
 50    25.224 53969.51658409 24.85 123.104898  67.326715 18.382
 50    25.046 53969.51658474 26.76 123.101368  67.329785 18.382
 50    25.162 53969.51658538 30.65 123.097838  67.332845 18.382
 50    25.103 53969.51658603 37.83 123.094298  67.335905 18.382
 50    25.102 53969.51658667 28.77 123.090768  67.338965 18.382
 50    24.954 53969.51658732 23.94 123.087238  67.342025 18.382
 50    25.270 53969.51658796 19.74 123.083698  67.345085 18.382
 50    26.561 53969.51658861 17.86 123.080168  67.348145 18.382
 50    27.108 53969.51658925 18.53 123.076628  67.351205 18.382
 50    35.957 53969.51658990 22.72 123.073098  67.354265 18.382
 51    30.146 54004.51655725 50.80 123.096094  67.320128 23.036
 51    30.161 54004.51655789 50.17 123.092564  67.323188 23.036
 51    30.157 54004.51655854 49.51 123.089034  67.326248 23.036
 51    30.146 54004.51655918 48.99 123.085494  67.329308 23.036
 51    30.144 54004.51655983 48.24 123.081964  67.332368 23.036
 52    24.192 54039.51658822 32.31 123.112226  67.316100 10.028
 52    24.325 54039.51658887 33.55 123.108694  67.319168 14.472
 52    24.111 54039.51658951 29.90 123.105164  67.322228 14.472
 52    24.156 54039.51659016 32.31 123.101634  67.325288 14.472
 52    24.172 54039.51659080 36.80 123.098104  67.328348 14.472
 52    24.129 54039.51659145 35.98 123.094564  67.331408 14.472
 52    24.115 54039.51659209 29.07 123.091034  67.334468 14.472
 52    24.241 54039.51659274 27.95 123.087504  67.337528 14.472
 52    24.195 54039.51659338 31.10 123.083964  67.340588 14.472
 52    24.147 54039.51659403 31.35 123.080434  67.343648 14.472
 52    24.196 54039.51659467 29.75 123.076894  67.346708 14.472
 53    24.903 54074.51658209 24.09 123.122692  67.314570  5.523
 53    24.773 54074.51658273 23.07 123.119172  67.317630  5.523
 53    24.569 54074.51658338 22.08 123.115645  67.320690  5.485
 53    24.495 54074.51658402 21.18 123.112115  67.323750  5.485
 53    24.294 54074.51658467 20.72 123.108585  67.326820  5.485
 53    24.425 54074.51658531 21.37 123.105055  67.329880  5.485
 53    24.550 54074.51658596 20.78 123.101525  67.332940  5.485
 53    24.699 54074.51658660 21.94 123.097995  67.336000  5.485
 53    24.788 54074.51658725 21.77 123.094455  67.339060  5.485
 53    24.717 54074.51658789 23.22 123.090925  67.342120  5.485
 53    24.793 54074.51658853 23.22 123.087385  67.345180  5.485
 53    24.784 54074.51658918 23.20 123.083855  67.348240  5.485
 53    24.628 54074.51658982 22.44 123.080315  67.351300  5.485
 53    24.580 54074.51659047 21.70 123.076785  67.354360  5.485
 53    33.177 54074.51659111 21.76 123.073245  67.357420  5.485
 54    24.517 54109.51653060 17.36 123.115380  67.332568  5.028
 54    24.732 54109.51653125 17.42 123.111850  67.335628  5.028
 54    24.554 54109.51653189 17.86 123.108320  67.338698  5.028
 54    24.619 54109.51653254 17.52 123.104790  67.341758  5.028
 54    24.590 54109.51653318 19.20 123.101260  67.344818  5.028
 54    24.621 54109.51653383 18.81 123.097720  67.347878  5.028
 54    24.513 54109.51653447 19.18 123.094190  67.350938  5.028
 54    24.469 54109.51653512 18.68 123.090650  67.353998  5.028
 54    24.359 54109.51653576 19.37 123.087120  67.357058  5.028
 54    24.459 54109.51653640 19.22 123.083580  67.360118  5.028
 54    24.325 54109.51653705 19.32 123.080040  67.363178  5.028
 54    24.310 54109.51653769 19.21 123.076510  67.366238  5.028
 55    32.468 54144.51652178 11.26 123.102678  67.320367  2.296
 55    32.603 54144.51652243 10.98 123.099148  67.323427  2.296
 55    31.960 54144.51652307 11.19 123.095618  67.326487  2.296
 55    31.836 54144.51652372 11.27 123.092078  67.329547  2.296
 55    31.885 54144.51652436 11.42 123.088548  67.332607  2.296
 55    32.959 54144.51652501 11.16 123.085018  67.335667  2.296
 55    32.037 54144.51652565 11.01 123.081478  67.338727  2.296
 55    30.426 54144.51652630 11.86 123.077948  67.341787  2.296
 56    28.268 54179.51651162 10.95 123.131419  67.313966  2.861
 56    27.544 54179.51651226 11.21 123.127899  67.317036  2.861
 56    26.576 54179.51651290 11.84 123.124369  67.320096  2.861
 56    26.748 54179.51651355 11.97 123.120839  67.323156  2.861
 56    25.466 54179.51651419 12.64 123.117309  67.326216  2.861
 56    26.483 54179.51651484 12.09 123.113789  67.329276  2.861
 56    26.566 54179.51651548 11.89 123.110259  67.332336  2.861
 56    26.140 54179.51651613 11.72 123.106729  67.335396  2.861
 56    26.090 54179.51651677 11.53 123.103189  67.338456  2.861
 56    25.161 54179.51651742 11.88 123.099659  67.341516  2.861
 56    25.285 54179.51651806 11.89 123.096129  67.344576  2.861
 56    25.280 54179.51651871 11.92 123.092599  67.347636  2.861
 56    25.806 54179.51651935 12.26 123.089059  67.350706  2.861
 56    24.157 54179.51652000 12.56 123.085519  67.353756  2.861
 56    32.695 54179.51652064 12.86 123.081989  67.356826  2.861
 56    32.891 54179.51652129 13.15 123.078449  67.359886  2.861
 56    32.900 54179.51652193 13.68 123.074908  67.362942  2.632
 57    32.749 54214.51652922  9.84 123.105299  67.318689  2.542
 57    32.524 54214.51652987  9.67 123.101769  67.321749  2.542
 57    32.079 54214.51653051  9.90 123.098239  67.324809  2.542
 57    32.068 54214.51653116  9.89 123.094709  67.327869  2.542
 57    31.849 54214.51653180  9.97 123.091175  67.330931  2.384
 57    31.881 54214.51653245 10.06 123.087635  67.333991  2.384
 57    31.949 54214.51653309 10.17 123.084105  67.337051  2.384
 57    30.041 54214.51653374 10.23 123.080575  67.340111  2.384
 57    31.782 54214.51653438  9.93 123.077035  67.343171  2.384
 58    34.975 54249.51655654 27.95 123.110678  67.317111  9.212
 58    35.204 54249.51655719 29.40 123.107148  67.320171  9.212
 58    35.773 54249.51655783 27.21 123.103618  67.323231  9.212
 58    35.920 54249.51655848 29.59 123.100088  67.326291  9.212
 58    36.028 54249.51655912 30.66 123.096558  67.329351  9.212
 58    36.004 54249.51655977 32.04 123.093023  67.332416 29.700
 58    35.951 54249.51656041 34.29 123.089483  67.335476 29.700
 58    36.015 54249.51656106 35.72 123.085953  67.338536 29.700
 58    36.086 54249.51656170 35.37 123.082423  67.341596 29.700
 58    36.133 54249.51656235 35.65 123.078883  67.344656 29.700
 58    36.096 54249.51656299 36.29 123.075343  67.347716 29.700
 59    31.483 54284.51656318 11.75 123.121362  67.314062  3.769
 59    31.541 54284.51656383 11.50 123.117832  67.317132  3.769
 59    31.928 54284.51656447 12.06 123.114302  67.320192  3.769
 59    32.187 54284.51656512 11.67 123.110772  67.323252  3.769
 59    32.550 54284.51656576 11.40 123.107242  67.326312  3.769
 59    32.968 54284.51656641 11.15 123.103712  67.329372  3.769
 59    32.978 54284.51656705 11.91 123.100182  67.332432  3.769
 59    33.102 54284.51656770 11.46 123.096652  67.335492  3.769
 59    32.852 54284.51656834 11.66 123.093119  67.338556 16.830
 59    32.477 54284.51656899 12.49 123.089579  67.341616 16.830
 59    32.190 54284.51656963 12.20 123.086049  67.344676 16.830
 59    32.060 54284.51657027 12.73 123.082509  67.347736 16.830
 59    35.455 54284.51657092 12.71 123.078979  67.350796 16.830
 59    36.015 54284.51657156 20.83 123.075439  67.353856 16.830
 60    29.328 54319.51656098 51.99 123.119513  67.316154 42.886
 60    29.301 54319.51656163 52.14 123.115983  67.319214 42.886
 60    29.229 54319.51656227 53.01 123.112453  67.322274 42.886
 60    29.183 54319.51656292 52.78 123.108923  67.325344 42.886
 60    29.211 54319.51656356 52.86 123.105393  67.328404 42.886
 60    29.237 54319.51656420 52.82 123.101863  67.331464 42.886
 60    29.247 54319.51656485 52.64 123.098333  67.334524 42.886
 60    29.256 54319.51656549 52.41 123.094793  67.337584 42.886
 60    29.214 54319.51656614 52.58 123.091260  67.340646 32.977
 60    29.193 54319.51656678 52.51 123.087730  67.343706 32.977
 60    29.203 54319.51656743 52.95 123.084190  67.346766 32.977
 60    29.208 54319.51656807 52.49 123.080660  67.349826 32.977
 60    29.205 54319.51656872 52.49 123.077120  67.352886 32.977
 60    29.206 54319.51656936 52.40 123.073580  67.355946 32.977
 61    26.888 54354.51652354 31.06 123.131243  67.314581 15.642
 61    26.861 54354.51652419 33.35 123.127713  67.317641 15.642
 61    26.955 54354.51652483 37.48 123.124193  67.320701 15.642
 61    26.735 54354.51652547 37.78 123.120663  67.323761 15.642
 61    26.510 54354.51652612 37.65 123.117133  67.326831 15.642
 61    26.541 54354.51652676 31.43 123.113603  67.329891 15.642
 61    26.810 54354.51652741 26.06 123.110073  67.332951 15.642
 61    26.589 54354.51652805 23.04 123.106543  67.336011 15.642
 61    26.347 54354.51652870 23.23 123.103013  67.339071 15.642
 61    26.011 54354.51652934 20.74 123.099483  67.342131 15.642
 61    25.614 54354.51652999 21.01 123.095945  67.345196 23.313
 61    25.648 54354.51653063 20.96 123.092415  67.348256 23.313
 61    26.381 54354.51653128 21.04 123.088875  67.351316 23.313
 61    27.464 54354.51653192 22.01 123.085335  67.354376 23.313
 61    28.330 54354.51653257 23.19 123.081805  67.357436 23.313
 61    28.744 54354.51653321 25.30 123.078265  67.360496 23.313
 61    29.124 54354.51653386 30.94 123.074725  67.363556 23.313
 62    25.051 54389.51650135 43.93 123.115521  67.316185 39.065
 62    24.978 54389.51650200 40.80 123.112001  67.319245 39.065
 62    24.881 54389.51650264 40.75 123.108471  67.322305 39.065
 62    24.862 54389.51650329 44.11 123.104941  67.325365 39.065
 62    24.840 54389.51650393 43.57 123.101411  67.328425 39.065
 62    24.766 54389.51650458 39.08 123.097871  67.331485 39.065
 62    24.913 54389.51650522 39.80 123.094341  67.334545 39.065
 62    25.012 54389.51650587 46.46 123.090811  67.337605 39.065
 62    25.026 54389.51650651 48.53 123.087271  67.340665 39.065
 62    25.008 54389.51650716 48.02 123.083741  67.343725 39.065
 62    25.018 54389.51650780 49.19 123.080201  67.346785 39.065
 62    24.993 54389.51650845 47.90 123.076671  67.349845 39.065
 63    27.149 54424.51647355 12.29 123.124555  67.314658  3.115
 63    30.127 54424.51647420 12.17 123.121025  67.317718  3.115
 63    26.641 54424.51647484 12.85 123.117495  67.320788  3.115
 63    26.007 54424.51647549 13.01 123.113965  67.323848  3.115
 63    27.245 54424.51647613 12.94 123.110445  67.326908  3.115
 63    26.492 54424.51647678 13.52 123.106915  67.329968  3.115
 63    26.537 54424.51647742 13.83 123.103385  67.333028  3.115
 63    26.562 54424.51647806 12.94 123.099845  67.336088  3.115
 63    25.659 54424.51647871 12.66 123.096315  67.339148  3.115
 63    24.831 54424.51647935 13.74 123.092785  67.342208  3.115
 63    24.836 54424.51648000 13.65 123.089245  67.345268  3.115
 63    24.179 54424.51648064 13.51 123.085715  67.348328  3.115
 63    24.243 54424.51648129 13.28 123.082175  67.351388  3.115
 63    24.297 54424.51648193 13.10 123.078645  67.354448  3.115
 63    24.742 54424.51648258 13.62 123.075105  67.357508  3.115
 64    32.951 54459.51647756 10.67 123.104744  67.318206  2.427
 64    32.994 54459.51647820 10.72 123.101214  67.321266  2.427
 64    33.217 54459.51647885 10.51 123.097684  67.324326  2.427
 64    32.999 54459.51647949 10.69 123.094144  67.327386  2.427
 64    33.752 54459.51648014 10.83 123.090614  67.330446  2.427
 64    32.267 54459.51648078 10.85 123.087084  67.333506  2.427
 64    33.545 54459.51648142 10.93 123.083544  67.336566  2.427
 64    33.276 54459.51648207 11.25 123.080014  67.339626  2.427
 65    30.653 54494.51647851  9.54 123.125399  67.315250  2.637
 65    30.795 54494.51647916  9.70 123.121869  67.318320  2.637
 65    30.503 54494.51647980 10.07 123.118339  67.321380  2.637
 65    30.835 54494.51648045  9.86 123.114819  67.324440  2.637
 65    31.040 54494.51648109  9.87 123.111289  67.327500  2.637
 65    30.588 54494.51648173 10.13 123.107759  67.330560  2.637
 65    30.994 54494.51648238 10.43 123.104219  67.333620  2.637
 65    31.138 54494.51648302  9.99 123.100689  67.336680  2.637
 65    31.138 54494.51648367 10.04 123.097159  67.339740  2.637
 65    31.109 54494.51648431 10.51 123.093629  67.342800  2.637
 65    31.298 54494.51648496 10.59 123.090089  67.345860  2.637
 65    30.814 54494.51648560 10.51 123.086559  67.348920  2.637
 65    30.249 54494.51648625 10.83 123.083019  67.351980  2.637
 65    32.900 54494.51648689 10.88 123.079479  67.355040  2.637
 65    33.417 54494.51648754 10.83 123.075949  67.358110  2.637
 65    32.019 54494.51648818 11.60 123.072409  67.361170  2.637
 66    32.818 54529.51648982  7.62 123.111998  67.316240  2.240
 66    33.116 54529.51649046  7.75 123.108468  67.319300  2.240
 66    33.300 54529.51649111  7.70 123.104938  67.322360  2.240
 66    33.487 54529.51649175  7.76 123.101408  67.325420  2.240
 66    32.700 54529.51649240  7.91 123.097879  67.328483  2.343
 66    33.005 54529.51649304  8.03 123.094349  67.331543  2.343
 66    33.582 54529.51649369  7.79 123.090819  67.334603  2.343
 66    33.190 54529.51649433  8.21 123.087279  67.337663  2.343
 66    32.129 54529.51649498  8.41 123.083749  67.340723  2.343
 66    32.370 54529.51649562  8.56 123.080209  67.343783  2.343
 66    32.550 54529.51649626  8.48 123.076679  67.346843  2.343
 67    31.754 54564.51648509  7.53 123.131527  67.314481  2.139
 67    30.959 54564.51648574  7.88 123.127997  67.317541  2.139
 67    31.316 54564.51648638  7.64 123.124477  67.320611  2.139
 67    32.260 54564.51648703  7.73 123.120947  67.323671  2.139
 67    31.873 54564.51648767  7.65 123.117417  67.326731  2.139
 67    31.708 54564.51648831  7.65 123.113887  67.329791  2.139
 67    31.945 54564.51648896  8.24 123.110357  67.332851  2.139
 67    30.846 54564.51648960  8.49 123.106827  67.335911  2.139
 67    31.077 54564.51649025  8.12 123.103296  67.338970  2.407
 67    31.176 54564.51649089  8.10 123.099766  67.342030  2.407
 67    31.095 54564.51649154  8.45 123.096236  67.345100  2.407
 67    31.523 54564.51649218  8.31 123.092696  67.348160  2.407
 67    31.919 54564.51649283  8.59 123.089166  67.351220  2.407
 67    29.245 54564.51649347  8.62 123.085626  67.354280  2.407
 67    32.798 54564.51649412  8.77 123.082086  67.357340  2.407
 67    33.374 54564.51649476  8.67 123.078556  67.360400  2.407
 67    32.600 54564.51649541  8.96 123.075016  67.363460  2.407
 68    24.597 54599.51648519 21.28 123.115560  67.315155 13.434
 68    24.285 54599.51648584 16.38 123.112030  67.318215 13.434
 68    32.793 54599.51648648 12.70 123.108500  67.321275 13.434
 68    32.718 54599.51648713 13.73 123.104970  67.324335 13.434
 68    33.019 54599.51648777 11.74 123.101440  67.327395 13.434
 68    32.123 54599.51648842 11.37 123.097910  67.330461 11.218
 68    32.274 54599.51648906 14.86 123.094380  67.333521 11.218
 68    32.317 54599.51648971 16.42 123.090850  67.336581 11.218
 68    32.484 54599.51649035 15.15 123.087310  67.339641 11.218
 68    32.394 54599.51649099 15.04 123.083780  67.342701 11.218
 68    32.374 54599.51649164 12.88 123.080240  67.345761 11.218
 68    33.150 54599.51649228 13.79 123.076700  67.348821 11.218
 69    31.665 54634.51649799 28.13 123.113702  67.316944  5.773
 69    31.563 54634.51649864 28.82 123.110172  67.320004  5.773
 69    31.469 54634.51649928 29.51 123.106642  67.323064  5.773
 69    31.482 54634.51649992 28.17 123.103112  67.326124  5.773
 69    31.372 54634.51650057 27.95 123.099582  67.329184  5.773
 69    31.391 54634.51650121 28.05 123.096048  67.332249 17.181
 69    31.607 54634.51650186 26.99 123.092518  67.335309 17.181
 69    32.075 54634.51650250 26.71 123.088988  67.338369 17.181
 69    32.028 54634.51650315 26.21 123.085448  67.341429 17.181
 69    32.278 54634.51650379 25.17 123.081918  67.344489 17.181
 69    32.404 54634.51650444 24.06 123.078378  67.347549 17.181
 69    32.036 54634.51650508 24.89 123.074848  67.350609 17.181
 70    27.286 54669.51650221 27.12 123.119090  67.315011 16.390
 70    27.225 54669.51650286 23.14 123.115560  67.318071 16.390
 70    27.101 54669.51650350 24.77 123.112030  67.321131 16.390
 70    27.124 54669.51650414 23.35 123.108500  67.324191 16.390
 70    27.045 54669.51650479 20.10 123.104970  67.327251 16.390
 70    27.075 54669.51650543 19.91 123.101440  67.330311 16.390
 70    26.908 54669.51650608 19.89 123.097909  67.333377 15.219
 70    26.956 54669.51650672 17.85 123.094379  67.336437 15.219
 70    32.039 54669.51650737 18.25 123.090849  67.339497 15.219
 70    27.030 54669.51650801 17.62 123.087309  67.342557 15.219
 70    27.155 54669.51650866 17.63 123.083779  67.345617 15.219
 70    27.118 54669.51650930 21.17 123.080239  67.348677 15.219
 70    27.332 54669.51650995 24.83 123.076699  67.351737 15.219
 70    27.498 54669.51651059 28.48 123.073169  67.354797 15.219
 71    29.264 54704.51646524 23.41 123.129451  67.314294 14.374
 71    28.733 54704.51646589 18.81 123.125931  67.317354 14.374
 71    29.227 54704.51646653 17.11 123.122401  67.320424 14.374
 71    29.511 54704.51646718 20.65 123.118871  67.323484 14.374
 71    29.661 54704.51646782 18.65 123.115341  67.326544 14.374
 71    29.643 54704.51646847 17.69 123.111811  67.329604 14.374
 71    29.563 54704.51646911 15.12 123.108281  67.332664 14.374
 71    31.104 54704.51646976 13.47 123.104751  67.335724 14.374
 71    31.406 54704.51647040 13.53 123.101221  67.338784 14.374
 71    31.501 54704.51647105 13.67 123.097682  67.341850 22.434
 71    31.346 54704.51647169 14.00 123.094152  67.344910 22.434
 71    31.012 54704.51647234 14.41 123.090622  67.347970 22.434
 71    28.948 54704.51647298 16.71 123.087082  67.351030 22.434
 71    29.300 54704.51647363 15.85 123.083542  67.354090 22.434
 71    29.157 54704.51647427 17.78 123.080012  67.357150 22.434
 71    29.196 54704.51647491 21.69 123.076472  67.360210 22.434
 71    29.392 54704.51647556 28.65 123.072932  67.363270 22.434
 72    28.177 54739.51646606 39.77 123.104608  67.319892 30.617
 72    28.061 54739.51646671 38.44 123.101078  67.322952 30.617
 72    27.829 54739.51646735 36.88 123.097548  67.326012 30.617
 72    27.486 54739.51646800 36.26 123.094020  67.329075 13.118
 72    27.036 54739.51646864 32.16 123.090480  67.332135 13.118
 72    26.719 54739.51646929 29.14 123.086950  67.335195 13.118
 72    32.284 54739.51646993 27.96 123.083410  67.338255 13.118
 72    32.086 54739.51647058 27.35 123.079880  67.341315 13.118
 72    31.937 54739.51647122 26.09 123.076340  67.344375 13.118
 73    22.880 54774.51644643 22.57 123.125648  67.314922 12.187
 73    23.344 54774.51644708 22.14 123.122118  67.317982 12.187
 73    22.605 54774.51644772 23.05 123.118588  67.321042 12.187
 73    22.745 54774.51644837 24.06 123.115058  67.324112 12.187
 73    23.023 54774.51644901 24.43 123.111528  67.327172 12.187
 73    22.937 54774.51644965 25.61 123.108008  67.330232 12.187
 73    22.978 54774.51645030 24.97 123.104468  67.333292 12.187
 73    22.939 54774.51645094 26.04 123.100938  67.336352 12.187
 73    23.050 54774.51645159 25.33 123.097407  67.339415  4.586
 73    22.911 54774.51645223 25.38 123.093877  67.342475  4.586
 73    22.781 54774.51645288 25.64 123.090337  67.345535  4.586
 73    22.500 54774.51645352 25.51 123.086807  67.348595  4.586
 73    22.909 54774.51645417 23.83 123.083267  67.351655  4.586
 73    22.926 54774.51645481 23.18 123.079737  67.354715  4.586
 73    23.038 54774.51645546 22.39 123.076197  67.357775  4.586
 73    22.871 54774.51645610 21.85 123.072657  67.360835  4.586
 74    26.283 54809.51645940 13.97 123.101180  67.318527  2.412
 74    29.364 54809.51646005 14.24 123.097650  67.321587  2.412
 74    29.326 54809.51646069 14.28 123.094120  67.324647  2.412
 74    29.339 54809.51646134 14.50 123.090589  67.327707  2.870
 74    26.461 54809.51646198 15.10 123.087049  67.330767  2.870
 74    26.425 54809.51646263 15.74 123.083519  67.333827  2.870
 74    26.452 54809.51646327 15.32 123.079979  67.336887  2.870
 75    26.162 54844.51644510 13.25 123.123562  67.315211  3.147
 75    24.871 54844.51644575 13.98 123.120032  67.318281  3.147
 75    25.484 54844.51644639 14.18 123.116512  67.321341  3.147
 75    24.925 54844.51644704 14.49 123.112982  67.324401  3.147
 75    24.892 54844.51644768 14.63 123.109452  67.327461  3.147
 75    25.062 54844.51644833 14.71 123.105922  67.330521  3.147
 75    24.844 54844.51644897 14.94 123.102392  67.333581  3.147
 75    24.585 54844.51644962 15.72 123.098862  67.336647  3.349
 75    24.639 54844.51645026 15.42 123.095322  67.339707  3.349
 75    24.450 54844.51645091 15.56 123.091792  67.342767  3.349
 75    24.234 54844.51645155 15.82 123.088262  67.345827  3.349
 75    24.241 54844.51645220 15.74 123.084722  67.348887  3.349
 75    24.238 54844.51645284 15.24 123.081182  67.351947  3.349
 75    24.400 54844.51645348 15.16 123.077652  67.355007  3.349
 75    24.400 54844.51645413 14.79 123.074112  67.358067  3.349
 76    28.755 54879.51646233 11.07 123.108333  67.318084  2.511
 76    27.779 54879.51646297 11.66 123.104803  67.321144  2.511
 76    28.535 54879.51646362 11.51 123.101273  67.324204  2.511
 76    28.631 54879.51646426 11.96 123.097746  67.327268  2.823
 76    26.864 54879.51646490 11.97 123.094206  67.330328  2.823
 76    27.137 54879.51646555 12.51 123.090676  67.333388  2.823
 76    25.804 54879.51646619 13.26 123.087146  67.336448  2.823
 76    26.387 54879.51646684 12.21 123.083606  67.339508  2.823
 76    26.173 54879.51646748 12.02 123.080076  67.342568  2.823
 76    25.918 54879.51646813 12.16 123.076536  67.345628  2.823
 77    27.191 54914.51644867 10.22 123.128435  67.314471  2.797
 77    28.053 54914.51644932 10.64 123.124905  67.317541  2.797
 77    26.708 54914.51644996 10.93 123.121385  67.320601  2.797
 77    26.107 54914.51645061 11.29 123.117855  67.323661  2.797
 77    25.684 54914.51645125 11.74 123.114325  67.326721  2.797
 77    25.019 54914.51645190 12.01 123.110795  67.329781  2.797
 77    25.143 54914.51645254 11.94 123.107265  67.332841  2.797
 77    24.873 54914.51645319 12.50 123.103735  67.335901  2.797
 77    24.985 54914.51645383 12.30 123.100203  67.338967  3.040
 77    24.786 54914.51645447 12.54 123.096673  67.342027  3.040
 77    24.568 54914.51645512 11.82 123.093143  67.345087  3.040
 77    24.370 54914.51645576 12.03 123.089603  67.348147  3.040
 77    24.267 54914.51645641 11.74 123.086073  67.351207  3.040
 77    24.178 54914.51645705 11.47 123.082533  67.354267  3.040
 77    24.344 54914.51645770 12.00 123.079003  67.357327  3.040
 77    24.886 54914.51645834 11.77 123.075463  67.360387  3.040
 77    25.475 54914.51645899 11.98 123.071923  67.363447  3.040
 78    24.805 54949.51645533 47.41 123.106790  67.319688 13.538
 78    24.949 54949.51645598 46.68 123.103270  67.322748 13.538
 78    24.731 54949.51645662 36.91 123.099740  67.325818 13.538
 78    24.710 54949.51645727 32.26 123.096200  67.328878 13.538
 78    25.602 54949.51645791 27.98 123.092670  67.331938 13.538
 78    24.190 54949.51645856 28.30 123.089140  67.334998 13.538
 78    24.307 54949.51645920 27.28 123.085610  67.338058 13.538
 78    26.417 54949.51645985 26.46 123.082070  67.341118 13.538
 78    27.016 54949.51646049 24.95 123.078530  67.344178 13.538
 79    33.428 54984.51647961 20.07 123.111983  67.316678  3.673
 79    33.397 54984.51648025 20.97 123.108453  67.319738  3.673
 79    33.478 54984.51648090 20.66 123.104923  67.322798  3.673
 79    33.534 54984.51648154 20.82 123.101393  67.325858  3.673
 79    33.508 54984.51648219 20.97 123.097863  67.328915 21.998
 79    33.605 54984.51648283 21.64 123.094323  67.331985 21.998
 79    33.517 54984.51648348 23.02 123.090793  67.335045 21.998
 79    33.521 54984.51648412 24.35 123.087263  67.338105 21.998
 79    33.510 54984.51648477 24.72 123.083723  67.341165 21.998
 79    33.628 54984.51648541 24.88 123.080193  67.344225 21.998
 79    33.580 54984.51648605 25.37 123.076653  67.347285 21.998
 80    29.082 55019.51647461 17.50 123.120388  67.314669  7.138
 80    29.623 55019.51647525 14.48 123.116858  67.317739  7.138
 80    32.043 55019.51647590 12.29 123.113328  67.320799  7.138
 80    32.288 55019.51647654 12.50 123.109808  67.323859  7.138
 80    32.450 55019.51647719 12.15 123.106278  67.326919  7.138
 80    32.644 55019.51647783 11.86 123.102738  67.329979  7.138
 80    33.155 55019.51647847 11.84 123.099208  67.333039  7.138
 80    32.886 55019.51647912 12.22 123.095679  67.336102 16.194
 80    32.699 55019.51647976 12.97 123.092149  67.339162 16.194
 80    32.551 55019.51648041 12.09 123.088609  67.342222 16.194
 80    32.034 55019.51648105 12.49 123.085079  67.345282 16.194
 80    32.110 55019.51648170 12.52 123.081539  67.348342 16.194
 80    35.798 55019.51648234 12.78 123.077999  67.351402 16.194
 80    36.027 55019.51648299 20.65 123.074469  67.354462 16.194
 81    28.454 55054.51647068 26.58 123.124365  67.313510 11.711
 81    26.816 55054.51647132 28.09 123.120845  67.316580 11.711
 81    26.833 55054.51647197 28.38 123.117315  67.319640 11.711
 81    26.569 55054.51647261 29.21 123.113785  67.322700 11.711
 81    26.291 55054.51647326 29.97 123.110255  67.325760 11.711
 81    25.916 55054.51647390 29.28 123.106725  67.328820 11.711
 81    25.584 55054.51647455 26.88 123.103195  67.331880 11.711
 81    25.333 55054.51647519 23.47 123.099659  67.334946  9.745
 81    25.841 55054.51647583 21.07 123.096129  67.338006  9.745
 81    31.151 55054.51647648 16.73 123.092599  67.341066  9.745
 81    30.836 55054.51647712 16.35 123.089059  67.344126  9.745
 81    26.280 55054.51647777 17.62 123.085529  67.347186  9.745
 81    26.589 55054.51647841 18.35 123.081989  67.350246  9.745
 81    35.762 55054.51647906 18.12 123.078459  67.353306  9.745
 81    32.900 55054.51647970 20.86 123.074919  67.356366  9.745
 82    26.686 55089.51643086 30.99 123.129756  67.314363 33.514
 82    26.709 55089.51643150 39.01 123.126236  67.317423 33.514
 82    26.873 55089.51643215 40.59 123.122706  67.320493 33.514
 82    26.737 55089.51643279 40.62 123.119176  67.323553 33.514
 82    26.386 55089.51643344 39.55 123.115656  67.326613 33.514
 82    26.290 55089.51643408 32.60 123.112126  67.329673 33.514
 82    26.873 55089.51643473 27.46 123.108596  67.332733 33.514
 82    26.739 55089.51643537 28.65 123.105066  67.335793 33.514
 82    26.225 55089.51643602 31.03 123.101526  67.338853 33.514
 82    26.263 55089.51643666 36.13 123.097995  67.341920 34.155
 82    26.270 55089.51643731 41.31 123.094465  67.344980 34.155
 82    26.281 55089.51643795 42.18 123.090925  67.348040 34.155
 82    26.327 55089.51643860 44.68 123.087395  67.351100 34.155
 82    26.455 55089.51643924 36.40 123.083855  67.354160 34.155
 82    26.186 55089.51643989 33.45 123.080325  67.357220 34.155
 82    26.195 55089.51644053 30.96 123.076785  67.360280 34.155
 82    28.962 55089.51644117 30.27 123.073245  67.363340 34.155
 83    26.313 55124.51640879 45.63 123.111826  67.316840 38.160
 83    26.267 55124.51640943 46.22 123.108296  67.319900 38.160
 83    26.283 55124.51641008 48.60 123.104766  67.322960 38.160
 83    26.289 55124.51641072 51.58 123.101236  67.326020 38.160
 83    26.201 55124.51641137 48.50 123.097708  67.329083 21.208
 83    26.189 55124.51641201 49.22 123.094178  67.332143 21.208
 83    26.206 55124.51641265 48.05 123.090648  67.335203 21.208
 83    26.181 55124.51641330 45.61 123.087108  67.338263 21.208
 83    26.184 55124.51641394 43.07 123.083578  67.341323 21.208
 83    26.198 55124.51641459 44.94 123.080038  67.344383 21.208
 83    26.165 55124.51641523 47.83 123.076498  67.347443 21.208
 84    30.170 55159.51639169 17.46 123.125982  67.313178  3.963
 84    30.418 55159.51639234 17.66 123.122462  67.316238  3.963
 84    30.658 55159.51639298 17.83 123.118932  67.319298  3.963
 84    30.332 55159.51639363 18.73 123.115402  67.322368  3.963
 84    30.194 55159.51639427 19.29 123.111872  67.325428  3.963
 84    27.190 55159.51639492 19.44 123.108342  67.328488  3.963
 84    26.376 55159.51639556 20.46 123.104812  67.331548  3.963
 84    26.370 55159.51639621 20.61 123.101282  67.334608  3.963
 84    25.240 55159.51639685 21.27 123.097752  67.337668  3.963
 84    24.867 55159.51639750 21.69 123.094216  67.340731  4.319
 84    24.026 55159.51639814 22.10 123.090686  67.343791  4.319
 84    23.471 55159.51639878 22.72 123.087156  67.346851  4.319
 84    23.571 55159.51639943 22.56 123.083616  67.349911  4.319
 84    23.597 55159.51640007 22.33 123.080076  67.352971  4.319
 84    23.545 55159.51640072 22.89 123.076546  67.356031  4.319
 84    23.589 55159.51640136 21.74 123.073006  67.359091  4.319
 85    32.749 55194.51639972 15.43 123.101734  67.318953  2.890
 85    32.765 55194.51640036 15.07 123.098204  67.322013  2.890
 85    32.649 55194.51640100 15.26 123.094674  67.325073  2.890
 85    32.095 55194.51640165 15.43 123.091141  67.328135  2.826
 85    31.270 55194.51640229 15.93 123.087601  67.331195  2.826
 85    28.344 55194.51640294 16.48 123.084071  67.334255  2.826
 85    31.928 55194.51640358 16.90 123.080541  67.337315  2.826
 86    27.292 55229.51639388 14.05 123.129229  67.313203  3.260
 86    27.381 55229.51639452 13.89 123.125699  67.316263  3.260
 86    27.255 55229.51639516 14.30 123.122179  67.319333  3.260
 86    26.389 55229.51639581 14.32 123.118649  67.322393  3.260
 86    25.875 55229.51639645 14.66 123.115119  67.325453  3.260
 86    25.683 55229.51639710 15.69 123.111589  67.328513  3.260
 86    25.332 55229.51639774 15.43 123.108059  67.331573  3.260
 86    24.849 55229.51639839 16.25 123.104529  67.334633  3.260
 86    24.732 55229.51639903 16.16 123.100998  67.337699  3.629
 86    24.450 55229.51639968 15.71 123.097468  67.340759  3.629
 86    23.740 55229.51640032 16.51 123.093938  67.343819  3.629
 86    23.459 55229.51640097 16.34 123.090398  67.346879  3.629
 86    23.650 55229.51640161 16.41 123.086868  67.349939  3.629
 86    23.632 55229.51640226 16.47 123.083328  67.352999  3.629
 86    23.545 55229.51640290 15.82 123.079788  67.356059  3.629
 86    23.719 55229.51640355 16.23 123.076258  67.359119  3.629
 86    23.904 55229.51640419 15.82 123.072718  67.362179  3.629
 87    31.595 55264.51639405 12.07 123.114271  67.316464  2.881
 87    29.760 55264.51639469 12.13 123.110741  67.319524  2.881
 87    28.606 55264.51639534 12.95 123.107211  67.322584  2.881
 87    28.974 55264.51639598 12.65 123.103681  67.325644  2.881
 87    28.334 55264.51639663 12.12 123.100153  67.328708  2.888
 87    27.852 55264.51639727 12.92 123.096613  67.331768  2.888
 87    31.343 55264.51639792 12.84 123.093083  67.334828  2.888
 87    31.364 55264.51639856 12.93 123.089553  67.337888  2.888
 87    26.249 55264.51639921 13.27 123.086013  67.340948  2.888
 87    25.705 55264.51639985 13.44 123.082483  67.344008  2.888
 87    31.119 55264.51640050 13.67 123.078943  67.347068  2.888
 87    25.213 55264.51640114 14.04 123.075413  67.350128  2.888
 88    27.626 55299.51637689 11.89 123.130939  67.313908  3.483
 88    27.216 55299.51637754 11.54 123.127419  67.316968  3.483
 88    27.005 55299.51637818 10.93 123.123889  67.320038  3.483
 88    26.915 55299.51637883 11.45 123.120359  67.323098  3.483
 88    26.037 55299.51637947 11.77 123.116829  67.326158  3.483
 88    26.516 55299.51638011 12.13 123.113299  67.329218  3.483
 88    24.580 55299.51638076 12.89 123.109769  67.332278  3.483
 88    24.463 55299.51638140 14.08 123.106239  67.335338  3.483
 88    24.722 55299.51638205 12.93 123.102709  67.338398  3.483
 88    24.320 55299.51638269 13.35 123.099178  67.341465  3.424
 88    23.862 55299.51638334 13.15 123.095648  67.344525  3.424
 88    22.963 55299.51638398 15.00 123.092108  67.347585  3.424
 88    23.614 55299.51638463 13.46 123.088578  67.350645  3.424
 88    23.972 55299.51638527 13.32 123.085038  67.353705  3.424
 88    23.754 55299.51638592 12.85 123.081508  67.356765  3.424
 88    24.243 55299.51638656 12.09 123.077968  67.359825  3.424
 88    24.599 55299.51638721 12.51 123.074428  67.362885  3.424
 89    24.730 55334.51637134 41.73 123.118605  67.316072 33.276
 89    24.879 55334.51637198 39.14 123.115075  67.319132 33.276
 89    24.471 55334.51637263 44.58 123.111545  67.322192 33.276
 89    24.355 55334.51637327 45.31 123.108015  67.325252 33.276
 89    24.394 55334.51637392 45.66 123.104485  67.328312 33.276
 89    24.671 55334.51637456 42.09 123.100955  67.331372 33.276
 89    25.033 55334.51637521 41.42 123.097418  67.334439 15.815
 89    24.987 55334.51637585 38.13 123.093888  67.337499 15.815
 89    24.812 55334.51637650 36.28 123.090358  67.340559 15.815
 89    24.270 55334.51637714 31.80 123.086818  67.343619 15.815
 89    23.994 55334.51637778 30.47 123.083288  67.346679 15.815
 89    24.337 55334.51637843 31.77 123.079748  67.349739 15.815
 89    24.376 55334.51637907 35.08 123.076218  67.352799 15.815
 89    25.085 55334.51637972 28.88 123.072678  67.355859 15.815
 90    29.456 55369.51636187 21.62 123.122089  67.314491  6.444
 90    29.372 55369.51636252 19.56 123.118559  67.317551  6.444
 90    29.480 55369.51636316 18.56 123.115039  67.320621  6.444
 90    29.605 55369.51636381 18.90 123.111509  67.323681  6.444
 90    29.701 55369.51636445 19.02 123.107979  67.326741  6.444
 90    29.640 55369.51636510 18.41 123.104449  67.329801  6.444
 90    29.723 55369.51636574 17.64 123.100919  67.332861  6.444
 90    29.930 55369.51636638 17.71 123.097386  67.335925 15.276
 90    30.331 55369.51636703 17.68 123.093846  67.338985 15.276
 90    30.763 55369.51636767 17.63 123.090316  67.342045 15.276
 90    30.154 55369.51636832 17.58 123.086786  67.345105 15.276
 90    29.797 55369.51636896 17.72 123.083246  67.348165 15.276
 90    29.925 55369.51636961 17.58 123.079706  67.351225 15.276
 90    36.035 55369.51637025 19.19 123.076176  67.354285 15.276
 90    34.444 55369.51637090 19.96 123.072636  67.357345 15.276
 91    28.516 55404.51638023 28.58 123.107213  67.318594 16.319
 91    27.834 55404.51638087 22.07 123.103683  67.321654 16.319
 91    32.517 55404.51638152 19.80 123.100153  67.324714 16.319
 91    32.641 55404.51638216 18.71 123.096613  67.327774 16.319
 91    32.635 55404.51638281 17.38 123.093087  67.330836 15.839
 91    33.052 55404.51638345 16.80 123.089557  67.333896 15.839
 91    31.709 55404.51638410 17.09 123.086017  67.336956 15.839
 91    30.765 55404.51638474 20.10 123.082487  67.340016 15.839
 91    27.793 55404.51638539 18.70 123.078947  67.343076 15.839
 92    26.491 55439.51638037 33.45 123.124375  67.314913 25.961
 92    25.875 55439.51638101 39.14 123.120845  67.317973 25.961
 92    25.791 55439.51638166 40.63 123.117325  67.321033 25.961
 92    25.718 55439.51638230 42.81 123.113795  67.324093 25.961
 92    25.632 55439.51638295 43.33 123.110265  67.327153 25.961
 92    25.626 55439.51638359 44.61 123.106735  67.330213 25.961
 92    25.449 55439.51638424 32.34 123.103205  67.333273 25.961
 92    25.391 55439.51638488 30.86 123.099674  67.336330 17.014
 92    25.682 55439.51638552 39.58 123.096134  67.339400 17.014
 92    25.703 55439.51638617 42.42 123.092604  67.342460 17.014
 92    25.616 55439.51638681 43.58 123.089074  67.345520 17.014
 92    25.409 55439.51638746 34.33 123.085534  67.348580 17.014
 92    25.283 55439.51638810 27.55 123.081994  67.351640 17.014
 92    25.491 55439.51638875 26.79 123.078464  67.354700 17.014
 92    27.992 55439.51638939 26.56 123.074924  67.357760 17.014
 93    25.445 55474.51632602 30.25 123.132008  67.315247 13.103
 93    25.336 55474.51632667 27.29 123.128478  67.318307 13.103
 93    26.839 55474.51632731 22.88 123.124958  67.321367 13.103
 93    25.174 55474.51632796 25.04 123.121428  67.324427 13.103
 93    25.185 55474.51632860 30.60 123.117898  67.327487 13.103
 93    25.211 55474.51632925 30.43 123.114368  67.330557 13.103
 93    25.120 55474.51632989 33.32 123.110838  67.333617 13.103
 93    25.062 55474.51633053 25.68 123.107308  67.336677 13.103
 93    25.004 55474.51633118 25.52 123.103778  67.339737 13.103
 93    25.030 55474.51633182 25.62 123.100248  67.342797 13.103
 93    25.334 55474.51633247 26.07 123.096711  67.345861 17.752
 93    25.131 55474.51633311 27.41 123.093181  67.348921 17.752
 93    32.092 55474.51633376 21.17 123.089641  67.351981 17.752
 93    32.811 55474.51633440 20.39 123.086101  67.355041 17.752
 93    33.192 55474.51633505 20.48 123.082571  67.358101 17.752
 93    33.435 55474.51633569 22.02 123.079031  67.361161 17.752
 93    33.389 55474.51633634 21.46 123.075491  67.364221 17.752
