# NaN NaN NaN ;Mean Elev.(m), Avg Gradient(m/km), RMS Gradient(m/km) - SRTM1     
#   40.731  -7.434  69.464 ;Mean Elev.(m), Avg Gradient(m/km), RMS Gradient(m/km) - ASTER GDEM
#   33.000  -7.818  72.458 ;Mean Elev.(m), Avg Gradient(m/km), RMS Gradient(m/km) - GMTED2010 
  7    60.333 52470.11424078  9.30 126.847778  64.124463 12.772
  7    60.506 52470.11424142  9.09 126.844978  64.121343 12.772
  7    62.456 52470.11424207 10.47 126.842168  64.118223 12.772
  7    63.050 52470.11424271 11.41 126.839368  64.115103 12.772
  8    59.100 52505.11422430 19.27 126.846622  64.124996 22.964
  8    59.318 52505.11422494 17.40 126.843812  64.121876 22.964
  8    62.209 52505.11422559 17.01 126.841002  64.118756 22.964
  8    62.731 52505.11422623 16.64 126.838202  64.115636 22.964
  9    57.565 52540.11420650 43.58 126.870399  64.124811 25.394
  9    57.538 52540.11420714 50.73 126.867589  64.121691 25.394
  9    57.577 52540.11420779 41.66 126.864779  64.118571 25.394
  9    57.584 52540.11420843 37.93 126.861969  64.115451 25.394
  9    57.586 52540.11420908 31.54 126.859169  64.112331 25.394
  9    57.631 52540.11420972 34.36 126.856359  64.109211 25.394
 10    55.414 52575.11425253 40.10 126.849677  64.124140 17.736
 10    55.613 52575.11425318 48.26 126.846877  64.121020 17.736
 10    55.393 52575.11425382 51.37 126.844067  64.117900 17.736
 10    55.575 52575.11425447 46.78 126.841267  64.114780 17.736
 11    55.984 52610.11421285 23.29 126.848515  64.125991  5.827
 11    60.080 52610.11421349 24.76 126.845705  64.122871  5.827
 11    60.949 52610.11421414 24.29 126.842905  64.119751  5.827
 11    61.843 52610.11421478 23.70 126.840095  64.116631  5.827
 11    62.572 52610.11421543 23.72 126.837295  64.113511  5.827
 12    55.461 52645.11420292 22.25 126.857998  64.124562  4.985
 12    55.643 52645.11420356 24.00 126.855188  64.121442  4.985
 12    59.537 52645.11420421 21.98 126.852388  64.118322  4.985
 12    55.679 52645.11420485 23.16 126.849578  64.115202  4.985
 12    55.772 52645.11420550 22.15 126.846778  64.112082  4.985
 13    58.882 52680.11417905 16.12 126.853441  64.126079  3.231
 13    59.599 52680.11417969 16.85 126.850641  64.122959  3.231
 13    60.283 52680.11418034 17.50 126.847833  64.119838  3.869
 13    62.014 52680.11418098 16.70 126.845023  64.116718  3.869
 13    62.331 52680.11418163 16.32 126.842223  64.113598  3.869
 15    62.635 52750.11425365  8.67 126.833969  64.125954  2.330
 15    62.499 52750.11425429  9.22 126.831169  64.122834  2.330
 15    62.733 52750.11425494 10.00 126.828359  64.119714  2.330
 16    60.519 52785.11419565 32.55 126.865717  64.123421 21.185
 16    57.409 52785.11419629 44.53 126.862907  64.120301 21.185
 16    57.583 52785.11419694 33.60 126.860107  64.117181 21.185
 16    57.470 52785.11419758 30.24 126.857297  64.114061 21.185
 16    57.446 52785.11419823 33.40 126.854487  64.110941 21.185
 17    59.423 52820.11427072 27.17 126.863945  64.124809 27.556
 17    59.380 52820.11427136 23.72 126.861145  64.121689 27.556
 17    59.218 52820.11427200 21.61 126.858335  64.118569 27.556
 17    59.272 52820.11427265 20.64 126.855525  64.115449 27.556
 17    59.517 52820.11427329 26.16 126.852725  64.112329 27.556
 17    59.558 52820.11427394 37.53 126.849915  64.109209 27.556
 18    58.569 52855.11431930 24.98 126.860505  64.123722 26.499
 18    57.982 52855.11431995 24.17 126.857695  64.120602 26.499
 18    57.788 52855.11432059 22.54 126.854885  64.117482 26.499
 18    57.269 52855.11432124 29.47 126.852085  64.114362 26.499
 18    59.060 52855.11432188 26.62 126.849275  64.111242 26.499
 20    59.836 52925.11430549 24.44 126.842158  64.127976 19.384
 20    60.916 52925.11430613 23.99 126.839348  64.124856 19.384
 20    62.064 52925.11430678 24.12 126.836538  64.121736 19.384
 20    62.767 52925.11430742 25.32 126.833738  64.118616 19.384
 20    63.028 52925.11430806 29.90 126.830938  64.115496 19.384
 21    56.148 52960.11427252 22.16 126.870390  64.125051  6.924
 21    56.321 52960.11427316 23.02 126.867580  64.121931  6.924
 21    56.283 52960.11427380 25.96 126.864770  64.118811  6.924
 21    56.522 52960.11427445 27.39 126.861970  64.115691  6.924
 21    56.600 52960.11427509 28.60 126.859160  64.112571  6.924
 21    56.581 52960.11427574 29.46 126.856350  64.109451  6.924
 22    55.908 52995.11430735 16.70 126.856504  64.125000  3.942
 22    56.127 52995.11430799 17.79 126.853704  64.121880  3.942
 22    59.053 52995.11430864 17.71 126.850894  64.118760  3.942
 22    59.882 52995.11430928 18.33 126.848094  64.115640  3.942
 22    61.338 52995.11430993 17.00 126.845284  64.112520  3.942
 23    59.751 53030.11427063 13.77 126.843644  64.127065  4.008
 23    59.780 53030.11427128 13.42 126.840834  64.123945  4.008
 23    61.733 53030.11427192 13.63 126.838034  64.120825  4.008
 23    62.760 53030.11427257 14.51 126.835234  64.117705  4.008
 23    62.786 53030.11427321 14.49 126.832424  64.114585  4.008
 24    59.405 53065.11427809 12.28 126.860196  64.123658  3.077
 24    59.867 53065.11427874 13.00 126.857386  64.120538  3.077
 24    60.787 53065.11427938 12.80 126.854586  64.117418  3.077
 24    60.922 53065.11428003 13.46 126.851776  64.114298  3.077
 24    62.245 53065.11428067 13.12 126.848976  64.111178  3.077
 25    60.342 53100.11428433 10.45 126.839381  64.127890  3.298
 25    61.184 53100.11428497 10.54 126.836571  64.124770  3.298
 25    62.177 53100.11428561 10.78 126.833771  64.121650  3.298
 25    62.819 53100.11428626 11.07 126.830961  64.118530  3.298
 28    59.454 53205.11434690 33.76 126.852505  64.126127 18.311
 28    58.952 53205.11434755 25.88 126.849695  64.123007 18.311
 28    59.239 53205.11434819 19.23 126.846885  64.119887 18.311
 28    59.548 53205.11434884 18.66 126.844085  64.116767 18.311
 28    61.564 53205.11434948 20.56 126.841272  64.113647 31.311
 29    58.895 53240.11431487 49.63 126.851783  64.126774 35.391
 29    59.012 53240.11431552 48.72 126.848973  64.123654 35.391
 29    58.993 53240.11431616 51.06 126.846173  64.120534 35.391
 29    58.814 53240.11431680 51.18 126.843363  64.117414 35.391
 29    58.910 53240.11431745 51.83 126.840563  64.114294 35.391
 31    56.162 53310.11432977 30.72 126.851370  64.123860 12.958
 31    56.276 53310.11433041 34.52 126.848560  64.120740 12.958
 31    56.177 53310.11433106 35.23 126.845750  64.117620 12.958
 31    56.311 53310.11433170 38.13 126.842950  64.114500 12.958
 31    56.342 53310.11433235 39.66 126.840140  64.111380 12.958
 32    60.313 53345.11429588 10.57 126.848218  64.124493  3.468
 32    61.665 53345.11429652 10.35 126.845408  64.121373  3.468
 32    62.310 53345.11429717  9.93 126.842608  64.118253  3.468
 32    63.011 53345.11429781 10.35 126.839798  64.115133  3.468
 33    57.077 53380.11424602  9.54 126.873299  64.125851  2.713
 33    58.387 53380.11424666  9.79 126.870499  64.122731  2.713
 33    59.031 53380.11424731  9.89 126.867689  64.119611  2.713
 33    60.030 53380.11424795 11.00 126.864879  64.116491  2.713
 33    61.008 53380.11424860 10.67 126.862069  64.113371  2.713
 33    61.682 53380.11424924 11.14 126.859269  64.110251  2.713
 33    62.162 53380.11424989 11.72 126.856459  64.107131  2.713
 34    59.981 53415.11427288  9.68 126.857052  64.124155  3.325
 34    60.811 53415.11427353 10.09 126.854252  64.121035  3.325
 34    61.666 53415.11427417 10.20 126.851442  64.117915  3.325
 34    62.165 53415.11427482 10.75 126.848642  64.114795  3.325
 34    62.815 53415.11427546 11.14 126.845832  64.111675  3.325
 35    58.126 53450.11426576  7.85 126.873366  64.125826  2.640
 35    58.917 53450.11426640  8.04 126.870556  64.122706  2.640
 35    59.667 53450.11426704  8.27 126.867756  64.119586  2.640
 35    60.494 53450.11426769  8.90 126.864946  64.116466  2.640
 35    61.084 53450.11426833  9.52 126.862136  64.113346  2.640
 35    61.736 53450.11426898  9.68 126.859326  64.110226  2.640
 35    62.126 53450.11426962 10.14 126.856526  64.107106  2.640
 36    60.397 53485.11435175 20.20 126.850591  64.125281  9.826
 36    60.140 53485.11435240 14.40 126.847791  64.122161  9.826
 36    59.864 53485.11435304 14.43 126.844981  64.119041  9.826
 36    59.197 53485.11435369 13.96 126.842181  64.115921  9.826
 36    62.726 53485.11435433 12.62 126.839371  64.112801  9.826
 38    60.377 53555.11437069 49.23 126.845511  64.125652 36.531
 38    60.376 53555.11437133 53.14 126.842711  64.122532 36.531
 38    60.381 53555.11437198 50.48 126.839901  64.119412 36.531
 38    60.388 53555.11437262 53.54 126.837101  64.116292 36.531
 39    59.818 53590.11431428 26.59 126.850423  64.124056 26.865
 39    60.011 53590.11431492 20.70 126.847623  64.120936 26.865
 39    59.206 53590.11431557 20.35 126.844813  64.117816 26.865
 39    59.405 53590.11431621 20.92 126.842013  64.114696 26.865
 39    60.375 53590.11431686 26.02 126.839213  64.111576 26.865
 40    59.635 53625.11429473 50.94 126.861176  64.123682 33.706
 40    59.766 53625.11429538 50.42 126.858366  64.120562 33.706
 40    59.689 53625.11429602 51.51 126.855566  64.117442 33.706
 40    59.644 53625.11429667 51.36 126.852756  64.114322 33.706
 40    59.795 53625.11429731 49.44 126.849946  64.111202 33.706
 41    56.319 53660.11432124 34.94 126.856695  64.124291 16.991
 41    56.396 53660.11432188 46.40 126.853895  64.121171 16.991
 41    56.730 53660.11432253 53.70 126.851085  64.118051 16.991
 41    56.387 53660.11432317 52.37 126.848285  64.114931 16.991
 41    56.552 53660.11432382 49.66 126.845475  64.111811 16.991
 42    57.229 53695.11429562 22.89 126.845132  64.124121  4.892
 42    57.170 53695.11429627 22.96 126.842322  64.121001  4.892
 42    57.382 53695.11429691 20.53 126.839522  64.117881  4.892
 42    57.680 53695.11429756 19.51 126.836712  64.114761  4.892
 43    59.745 53730.11421797 15.99 126.844638  64.127014  4.066
 43    60.568 53730.11421862 16.64 126.841838  64.123894  4.066
 43    61.892 53730.11421926 16.32 126.839028  64.120774  4.066
 43    62.654 53730.11421991 15.78 126.836228  64.117654  4.066
 43    62.862 53730.11422055 15.69 126.833428  64.114534  4.066
 45    59.900 53800.11418926 13.28 126.849132  64.127024  3.331
 45    60.942 53800.11418991 12.81 126.846322  64.123904  3.331
 45    61.733 53800.11419055 13.20 126.843522  64.120784  3.331
 45    62.487 53800.11419120 13.32 126.840712  64.117664  3.331
 45    63.083 53800.11419184 13.75 126.837912  64.114544  3.331
 46    57.694 53835.11419051 10.97 126.869098  64.125473  2.664
 46    58.693 53835.11419116 11.42 126.866293  64.122351  3.196
 46    60.036 53835.11419180 10.84 126.863483  64.119231  3.196
 46    60.896 53835.11419245 11.41 126.860673  64.116111  3.196
 46    61.481 53835.11419309 11.69 126.857873  64.112991  3.196
 46    62.122 53835.11419373 12.01 126.855063  64.109871  3.196
 47    58.639 53870.11425114 30.47 126.857181  64.125250 13.050
 47    58.839 53870.11425178 29.04 126.854371  64.122130 13.050
 47    58.310 53870.11425243 25.13 126.851571  64.119010 13.050
 47    56.823 53870.11425307 25.77 126.848766  64.115891  9.541
 47    59.608 53870.11425371 24.46 126.845956  64.112771  9.541
 48    62.393 53905.11428647 41.89 126.852676  64.124631 30.573
 48    62.611 53905.11428712 45.46 126.849866  64.121511 30.573
 48    62.529 53905.11428776 48.28 126.847066  64.118391 30.573
 48    62.556 53905.11428841 49.51 126.844256  64.115271 30.573
 48    62.701 53905.11428905 52.86 126.841456  64.112151 30.573
 49    57.932 53940.11431896 47.37 126.844733  64.125643 30.224
 49    57.834 53940.11431960 53.89 126.841933  64.122523 30.224
 49    57.878 53940.11432025 50.09 126.839123  64.119403 30.224
 49    57.940 53940.11432089 51.60 126.836316  64.116282 39.246
 50    59.992 53975.11427740 37.32 126.841598  64.125893 24.466
 50    60.010 53975.11427805 29.44 126.838798  64.122773 24.466
 50    59.815 53975.11427869 25.62 126.835988  64.119653 24.466
 50    59.772 53975.11427934 24.56 126.833188  64.116533 24.466
 51    61.131 54010.11427366 19.15 126.868856  64.123853 10.861
 51    61.037 54010.11427431 19.15 126.866046  64.120743 10.861
 51    60.676 54010.11427495 19.34 126.863246  64.117623 10.861
 51    60.876 54010.11427560 20.12 126.860439  64.114498 24.531
 51    61.580 54010.11427624 24.03 126.857629  64.111378 24.531
 51    61.581 54010.11427689 29.15 126.854819  64.108258 24.531
 52    55.233 54045.11429128 23.71 126.864322  64.125195  8.392
 52    55.555 54045.11429192 25.47 126.861512  64.122075  8.392
 52    55.601 54045.11429257 27.38 126.858712  64.118955  8.392
 52    55.769 54045.11429321 30.22 126.855902  64.115835  8.392
 52    55.844 54045.11429386 34.28 126.853101  64.112717  7.597
 52    55.754 54045.11429450 38.48 126.850291  64.109597  7.597
 53    56.709 54080.11428504 18.70 126.847088  64.125528  4.037
 53    56.917 54080.11428569 20.37 126.844288  64.122408  4.037
 53    57.098 54080.11428633 20.96 126.841478  64.119288  4.037
 53    57.043 54080.11428698 21.69 126.838674  64.116167  4.691
 53    58.457 54080.11428762 20.29 126.835874  64.113047  4.691
 54    60.076 54115.11422018 15.36 126.838248  64.125324  3.030
 54    58.679 54115.11422082 15.72 126.835438  64.122204  3.030
 54    62.487 54115.11422147 15.16 126.832638  64.119084  3.030
 54    62.912 54115.11422211 15.70 126.829838  64.115964  3.030
 56    60.267 54185.11421073 10.80 126.842278  64.127658  3.202
 56    62.043 54185.11421137 10.90 126.839478  64.124538  3.202
 56    62.636 54185.11421202 11.27 126.836668  64.121418  3.202
 56    62.686 54185.11421266 12.19 126.833868  64.118298  3.202
 56    63.443 54185.11421331 11.76 126.831058  64.115178  3.202
 57    59.565 54220.11424406 20.91 126.848925  64.114346 10.494
 57    59.193 54220.11424470 15.96 126.846125  64.111226 10.494
 58    64.097 54255.11426546 22.70 126.854506  64.126566 18.181
 58    62.773 54255.11426610 23.37 126.851706  64.123446 18.181
 58    62.532 54255.11426675 21.97 126.848896  64.120326 18.181
 58    62.679 54255.11426739 22.50 126.846096  64.117206 18.181
 58    63.637 54255.11426804 22.57 126.843286  64.114086 18.181
 59    61.267 54290.11426857 21.05 126.853354  64.124050 32.021
 59    60.929 54290.11426921 20.63 126.850554  64.120930 32.021
 59    60.540 54290.11426986 19.60 126.847744  64.117810 32.021
 59    60.480 54290.11427050 21.98 126.844944  64.114690 32.021
 59    60.734 54290.11427114 27.41 126.842134  64.111570 32.021
 60    59.416 54325.11426602 21.32 126.852958  64.124764 25.104
 60    60.843 54325.11426666 17.58 126.850158  64.121644 25.104
 60    60.047 54325.11426731 19.19 126.847348  64.118524 25.104
 60    62.285 54325.11426795 18.52 126.844548  64.115404 25.104
 60    59.938 54325.11426860 26.42 126.841738  64.112284 25.104
 61    59.474 54360.11422084 40.47 126.835428  64.120594 27.353
 61    58.384 54360.11422148 43.56 126.832628  64.117474 27.353
 62    56.516 54395.11420620 39.90 126.856019  64.123803 19.886
 62    56.555 54395.11420684 46.82 126.853209  64.120683 19.886
 62    56.617 54395.11420749 48.79 126.850409  64.117563 19.886
 62    56.628 54395.11420813 48.80 126.847599  64.114443 19.886
 62    56.680 54395.11420878 48.13 126.844799  64.111323 19.886
 63    56.064 54430.11416982 20.66 126.847334  64.125689  5.597
 63    56.408 54430.11417047 20.59 126.844534  64.122569  5.597
 63    56.888 54430.11417111 21.71 126.841734  64.119449  5.597
 63    58.243 54430.11417176 20.43 126.838924  64.116329  5.597
 63    60.129 54430.11417240 19.81 126.836124  64.113209  5.597
 64    56.969 54465.11418576 15.42 126.860867  64.124456  3.772
 64    58.547 54465.11418641 16.19 126.858067  64.121336  3.772
 64    57.750 54465.11418705 16.94 126.855257  64.118216  3.772
 64    60.525 54465.11418770 17.49 126.852457  64.115096  3.772
 64    61.316 54465.11418834 17.31 126.849647  64.111976  3.772
 65    60.050 54500.11418173 13.82 126.848613  64.124477  3.538
 65    60.856 54500.11418237 14.36 126.845813  64.121357  3.538
 65    62.072 54500.11418302 13.78 126.843013  64.118237  3.538
 65    62.389 54500.11418366 14.33 126.840203  64.115117  3.538
 66    59.936 54535.11420063 10.33 126.854605  64.124148  2.043
 66    61.019 54535.11420127 10.72 126.851805  64.121028  2.043
 66    61.647 54535.11420192 10.88 126.848995  64.117909  3.463
 66    62.178 54535.11420256 11.16 126.846195  64.114789  3.463
 66    62.696 54535.11420321 11.40 126.843385  64.111669  3.463
 67    60.984 54570.11418454  8.75 126.843474  64.125629  3.823
 67    62.052 54570.11418519  8.49 126.840674  64.122509  3.823
 67    62.775 54570.11418583  9.00 126.837864  64.119389  3.823
 67    62.994 54570.11418648  9.78 126.835064  64.116269  3.823
 70    60.943 54675.11420676 19.82 126.852385  64.126433 25.173
 70    60.993 54675.11420740 18.12 126.849575  64.123313 25.173
 70    60.798 54675.11420805 17.53 126.846775  64.120193 25.173
 70    60.902 54675.11420869 18.83 126.843965  64.117073 25.173
 70    61.488 54675.11420934 22.35 126.841165  64.113953 25.173
 71    58.938 54710.11416397 50.11 126.844619  64.124420 39.622
 71    58.965 54710.11416462 50.16 126.841819  64.121300 39.622
 71    58.994 54710.11416526 50.60 126.839009  64.118180 39.622
 71    59.040 54710.11416591 50.11 126.836209  64.115060 39.622
 72    59.600 54745.11417414 22.52 126.855817  64.124848 24.993
 72    60.506 54745.11417479 17.34 126.853007  64.121728 24.993
 72    60.598 54745.11417543 18.28 126.850207  64.118608 24.993
 72    61.681 54745.11417608 18.52 126.847397  64.115488 24.993
 72    61.798 54745.11417672 22.66 126.844597  64.112368 24.993
 73    55.201 54780.11414800 31.30 126.850957  64.124906 14.505
 73    55.408 54780.11414865 39.10 126.848157  64.121786 14.505
 73    55.401 54780.11414929 42.71 126.845347  64.118666 14.505
 73    55.442 54780.11414994 43.93 126.842547  64.115546 14.505
 73    55.500 54780.11415058 42.54 126.839737  64.112426 14.505
 74    57.607 54815.11416723 15.37 126.859025  64.124821  3.004
 74    57.079 54815.11416788 16.30 126.856215  64.121701  3.004
 74    59.877 54815.11416852 15.61 126.853415  64.118581  3.004
 74    60.844 54815.11416917 15.68 126.850605  64.115461  3.004
 74    61.158 54815.11416981 15.22 126.847805  64.112341  3.004
 75    56.913 54850.11414637 13.77 126.848693  64.125946  2.948
 75    57.423 54850.11414701 14.26 126.845883  64.122826  2.948
 75    57.930 54850.11414765 14.53 126.843073  64.119706  2.948
 75    60.635 54850.11414830 13.69 126.840273  64.116586  2.948
 75    62.855 54850.11414894 13.38 126.837473  64.113466  2.948
 76    59.009 54885.11417141 12.09 126.854429  64.124018  2.680
 76    60.078 54885.11417206 11.94 126.851629  64.120898  2.680
 76    61.210 54885.11417270 11.65 126.848819  64.117778  2.680
 76    62.151 54885.11417335 12.06 126.846019  64.114658  2.680
 76    62.078 54885.11417399 12.05 126.843209  64.111538  2.680
 77    60.442 54920.11414789 10.08 126.839696  64.128324  2.652
 77    61.304 54920.11414854 10.13 126.836896  64.125204  2.652
 77    62.570 54920.11414918  9.33 126.834086  64.122084  2.652
 77    63.003 54920.11414983  9.92 126.831286  64.118964  2.652
 77    63.372 54920.11415047 10.26 126.828486  64.115844  2.652
 78    56.694 54955.11416621 30.68 126.856481  64.124361 19.849
 78    55.869 54955.11416685 42.81 126.853671  64.121241 19.849
 78    55.992 54955.11416750 43.68 126.850871  64.118121 19.849
 78    55.739 54955.11416814 32.53 126.848061  64.115001 19.849
 78    57.985 54955.11416878 27.50 126.845261  64.111881 19.849
 79    62.973 54990.11418990 51.17 126.852419  64.125418 37.258
 79    62.989 54990.11419055 50.63 126.849609  64.122298 37.258
 79    63.027 54990.11419119 50.75 126.846809  64.119178 37.258
 79    62.988 54990.11419184 51.58 126.843999  64.116058 37.258
 79    62.963 54990.11419248 54.60 126.841199  64.112938 37.258
 80    58.860 55025.11418139 48.33 126.850544  64.125331 24.840
 80    58.749 55025.11418204 48.18 126.847744  64.122211 24.840
 80    58.827 55025.11418268 46.37 126.844934  64.119091 24.840
 80    58.747 55025.11418333 46.23 126.842134  64.115971 24.840
 80    58.780 55025.11418397 42.45 126.839324  64.112851 24.840
 81    61.098 55060.11417521 21.36 126.852905  64.125862 24.983
 81    60.830 55060.11417585 16.63 126.850095  64.122742 24.983
 81    60.651 55060.11417650 16.93 126.847295  64.119622 24.983
 81    60.968 55060.11417714 17.05 126.844485  64.116502 24.983
 81    61.880 55060.11417779 19.89 126.841685  64.113382 24.983
 82    59.230 55095.11412712 48.83 126.841332  64.127746 31.728
 82    59.186 55095.11412776 50.09 126.838532  64.124626 31.728
 82    59.263 55095.11412841 48.19 126.835722  64.121506 31.728
 82    59.176 55095.11412905 48.97 126.832922  64.118386 31.728
 82    59.189 55095.11412969 47.42 126.830122  64.115266 31.728
 83    57.318 55130.11411735 45.43 126.855721  64.125571 22.513
 83    56.939 55130.11411799 44.48 126.852911  64.122451 22.513
 83    56.863 55130.11411864 49.17 126.850111  64.119331 22.513
 83    57.020 55130.11411928 51.51 126.847301  64.116211 22.513
 83    56.973 55130.11411992 48.53 126.844501  64.113091 22.513
 84    56.282 55165.11408920 24.85 126.850092  64.125475  5.990
 84    56.479 55165.11408984 26.93 126.847282  64.122355  5.990
 84    56.628 55165.11409049 28.40 126.844482  64.119235  5.990
 84    56.676 55165.11409113 28.58 126.841672  64.116115  5.990
 84    56.720 55165.11409178 26.01 126.838872  64.112995  5.990
 85    56.116 55200.11410898 20.49 126.856804  64.125296  3.973
 85    56.315 55200.11410963 21.38 126.853994  64.122176  3.973
 85    56.361 55200.11411027 22.22 126.851194  64.119056  3.973
 85    56.412 55200.11411092 22.17 126.848384  64.115936  3.973
 85    56.525 55200.11411156 21.99 126.845584  64.112816  3.973
 86    55.479 55235.11409523 19.19 126.843528  64.124709  3.916
 86    55.643 55235.11409587 20.39 126.840718  64.121589  3.916
 86    55.641 55235.11409652 19.72 126.837918  64.118469  3.916
 86    55.494 55235.11409716 19.74 126.835118  64.115349  3.916
 87    55.714 55270.11410337 16.38 126.855346  64.126714  3.280
 87    56.150 55270.11410402 16.17 126.852536  64.123594  3.280
 87    56.771 55270.11410466 15.63 126.849736  64.120474  3.280
 87    57.036 55270.11410531 16.61 126.846926  64.117354  3.280
 87    57.333 55270.11410595 15.76 126.844126  64.114234  3.280
 88    60.264 55305.11407559 13.94 126.842621  64.126362  3.913
 88    55.331 55305.11407624 15.13 126.839821  64.123242  3.913
 88    55.301 55305.11407688 14.05 126.837011  64.120122  3.913
 88    55.299 55305.11407753 13.29 126.834211  64.117002  3.913
 89    64.125 55340.11407516 49.28 126.853777  64.124980 40.228
 89    64.222 55340.11407580 49.87 126.850967  64.121860 40.228
 89    64.117 55340.11407645 50.76 126.848167  64.118740 40.228
 89    64.224 55340.11407709 48.40 126.845357  64.115620 40.228
 89    64.279 55340.11407774 45.21 126.842557  64.112500 40.228
 90    61.398 55375.11406739 17.50 126.850974  64.126044 22.935
 90    61.021 55375.11406803 15.78 126.848174  64.122924 22.935
 90    61.465 55375.11406867 15.49 126.845364  64.119804 22.935
 90    62.396 55375.11406932 15.62 126.842564  64.116684 22.935
 90    63.151 55375.11406996 17.46 126.839764  64.113564 22.935
 91    60.058 55410.11408922 16.35 126.858138  64.125058 21.395
 91    59.582 55410.11408986 16.35 126.855328  64.121938 21.395
 91    61.154 55410.11409051 15.43 126.852528  64.118818 21.395
 91    61.375 55410.11409115 16.99 126.849718  64.115698 21.395
 91    61.828 55410.11409180 18.85 126.846918  64.112578 21.395
 92    60.293 55445.11408374 16.20 126.852075  64.125526 24.612
 92    59.767 55445.11408439 16.94 126.849265  64.122406 24.612
 92    61.619 55445.11408503 15.21 126.846465  64.119286 24.612
 92    62.242 55445.11408568 16.19 126.843655  64.116166 24.612
 92    62.631 55445.11408632 19.16 126.840855  64.113046 24.612
 93    59.779 55480.11401898 17.56 126.840405  64.127324 13.551
 93    56.653 55480.11401962 21.67 126.837595  64.124204 13.551
 93    56.458 55480.11402027 23.27 126.834795  64.121084 13.551
 93    62.520 55480.11402091 21.32 126.831995  64.117964 13.551
