# NaN NaN NaN ;Mean Elev.(m), Avg Gradient(m/km), RMS Gradient(m/km) - SRTM1     
#   10.010  -5.867  16.249 ;Mean Elev.(m), Avg Gradient(m/km), RMS Gradient(m/km) - ASTER GDEM
#   13.292  -8.185  16.503 ;Mean Elev.(m), Avg Gradient(m/km), RMS Gradient(m/km) - GMTED2010 
 10 125.908076  70.112417    14.662    13.763  5 52573.49917630 23.489
 11 125.921066  70.113336    11.775    11.827  7 52608.49913462 15.587
 12 125.906576  70.109991    12.104    12.644  7 52643.49912937 12.749
 13 125.924431  70.114344    13.621    13.564  8 52678.49911137 10.733
 17 125.939498  70.081212   139.230   139.230  2 52818.49918866  1.561
 18 125.904911  70.113028    14.147    14.226  4 52853.49924463 15.873
 20 125.926102  70.113531    11.266     9.858  8 52923.49923208 28.150
 21 125.921098  70.101918     9.209     9.122 12 52958.49919642 21.378
 22 125.903177  70.117301    11.132    11.132  2 52993.49922676  9.448
 23 125.917141  70.123055    18.675    18.675  2 53028.49919204  7.601
 24 125.906170  70.118193    13.143    13.143  2 53063.49919955  7.653
 25 125.918172  70.115753    14.179    13.795  5 53098.49921449  7.643
 29 125.930492  70.112799    15.325    15.134  9 53238.49923879 18.516
 31 125.919430  70.101069    11.218    11.260 12 53308.49925530 32.538
 33 125.904187  70.104946    12.726    12.445  9 53378.49916508 12.235
 34 125.923343  70.109463    13.642    13.248 10 53413.49919943  9.867
 35 125.894470  70.108717    14.869    14.486  6 53448.49918887  8.706
 36 125.901140  70.110371    16.351    15.480  5 53483.49927435  7.705
 37 125.911122  70.117206    52.841    47.051  3 53518.49927441  7.722
 38 125.932589  70.096875    15.291    15.341  7 53553.49929207 46.956
 41 125.918267  70.101318     8.971     8.983 13 53658.49924220 49.456
 42 125.911854  70.118589    10.449    10.194  3 53693.49922560 18.979
 43 125.937695  70.112209    11.411    10.657 11 53728.49914694 14.374
 44 125.909913  70.110725    12.354    12.295  7 53763.49910704 10.431
 45 125.935895  70.109701    14.639    14.382 11 53798.49911504  8.509
 47 125.918602  70.102635    13.509    13.283 12 53868.49917444 15.919
 50 125.917259  70.116031    13.697    13.633  6 53973.49920644 14.265
 51 125.890387  70.116045    20.826    20.826  2 54008.49919742  9.624
 52 125.923015  70.104040     9.884     9.881 12 54043.49921626 30.139
 53 125.929777  70.108038     9.348     9.308 11 54078.49921046 23.642
 54 125.937266  70.111519    10.808    10.999 10 54113.49914852 16.865
 58 125.905727  70.116431    44.831    44.831  2 54253.49919151  1.428
 59 125.922798  70.109783    18.212    17.329 10 54288.49919360 10.480
 60 125.909813  70.117299    38.194    35.505  4 54323.49919264 16.280
 61 125.922442  70.120931    35.605    33.910  5 54358.49914950 18.089
 62 125.914178  70.111396     9.423     9.331  4 54393.49913175 44.465
 63 125.916443  70.118200    11.435    11.070  4 54428.49909931 10.930
 64 125.904351  70.114192    12.873    12.857  5 54463.49911113  9.348
 65 125.922256  70.113330    14.473    14.552  7 54498.49910786  7.555
 68 125.926460  70.101858     8.974     8.878 10 54603.49911715 20.186
 70 125.908822  70.117292    15.886    15.910  4 54673.49913393 17.408
 71 125.911432  70.124075    18.187    18.187  2 54708.49909345 11.935
 72 125.921252  70.104774    12.751    12.924 12 54743.49909729 17.959
 73 125.929592  70.107359    10.441    10.439 11 54778.49907240 26.417
 74 125.913190  70.106459    11.298    11.427 10 54813.49909127 14.625
 75 125.931305  70.107722    11.064    10.714 11 54848.49907207 11.972
 76 125.899563  70.118297    11.582    11.582  2 54883.49909705  7.906
 77 125.920798  70.119588    12.080    12.010  4 54918.49907681  7.925
 80 125.928482  70.107663    15.055    14.583 11 55023.49910495 15.687
 81 125.907208  70.119880    13.355    13.304  3 55058.49910298 21.777
 82 125.924095  70.117469    12.997    12.801  6 55093.49905645 16.196
 83 125.923946  70.104341    10.116    10.083 12 55128.49904045 46.708
 84 125.929699  70.106895    10.281     8.818 11 55163.49901600 15.658
 85 125.919291  70.103759    11.568    10.273 12 55198.49903193 13.296
 86 125.922901  70.115428    10.847    10.786  6 55233.49902220 11.737
 87 125.908107  70.115561    10.754    10.591  4 55268.49902895  9.898
 88 125.925210  70.118383    11.166    10.740  6 55303.49900271  9.066
 90 125.909953  70.119189    18.819    19.032  3 55373.49899359 14.626
 91 125.905754  70.116090    15.975    15.633  3 55408.49901413 11.029
 92 125.912718  70.116880    39.017    38.896  4 55443.49901108  9.198
 93 125.936886  70.112630    11.811    11.742 11 55478.49894800 21.187
