# NaN NaN NaN ;Mean Elev.(m), Avg Gradient(m/km), RMS Gradient(m/km) - SRTM1     
#  100.006 -13.774  24.165 ;Mean Elev.(m), Avg Gradient(m/km), RMS Gradient(m/km) - ASTER GDEM
#  101.316 -13.736  26.887 ;Mean Elev.(m), Avg Gradient(m/km), RMS Gradient(m/km) - GMTED2010 
  8 127.992052  61.253566    98.006    98.006  2 52483.51727365 46.427
  9 128.001689  61.253266    95.334    95.334  2 52518.51723218 21.423
 11 127.995105  61.254056    95.199    95.199  2 52588.51726442 29.551
 13 127.992321  61.253182    95.173    95.173  2 52658.51723438 13.843
 15 127.993935  61.253720    95.802    95.802  2 52728.51725396  9.048
 16 127.993024  61.254768    95.142    95.142  2 52763.51726669 18.759
 17 127.986738  61.252199   100.299   100.299  2 52798.51724059 49.888
 18 127.985994  61.253794    97.839    97.839  2 52833.51731110 18.756
 20 127.995154  61.252781   155.872   155.872  2 52903.51736607 13.513
 21 128.004859  61.253763    95.744    95.744  2 52938.51730267 43.175
 22 127.984189  61.253511    95.425    95.425  2 52973.51733926 26.855
 23 127.988587  61.252149    95.407    95.407  2 53008.51734694 17.361
 25 127.990255  61.253314    94.703    94.703  2 53078.51733820 11.368
 27 127.985809  61.252644   228.021   228.296  3 53148.51735388  6.309
 28 127.995758  61.254152   227.175   227.175  2 53183.51735157  1.026
 29 127.993032  61.253077    97.908    97.908  2 53218.51737591 34.922
 30 127.997035  61.255151   100.123   100.123  2 53253.51735373 29.824
 33 128.004635  61.253847    96.134    96.134  2 53358.51729513 14.520
 37 127.982772  61.253049   227.796   227.796  2 53498.51739588  5.034
 38 127.996550  61.255067   103.255   103.255  2 53533.51737909 43.801
 39 127.989095  61.253134    99.661    99.698  3 53568.51739596 38.839
 40 128.001872  61.255258   225.853   225.853  2 53603.51734180  2.293
 49 127.983567  61.253060    99.747    99.747  2 53918.51734325 41.447
 50 127.985649  61.251483    97.394    97.394  2 53953.51734512 45.537
 52 127.984455  61.252606    96.521    96.521  2 54023.51732583 45.341
 53 127.997262  61.253808    95.737    95.737  2 54058.51731812 22.155
 58 127.990362  61.252068   226.314   226.314  2 54233.51728142  6.802
 59 127.993723  61.252803   100.401   100.401  2 54268.51730054 28.300
 60 127.991899  61.254883   227.593   227.593  2 54303.51730450  1.011
 62 127.988323  61.252785    99.954    99.954  2 54373.51723765 26.681
 63 127.993256  61.253219    95.155    95.155  2 54408.51723474 33.692
 69 127.991131  61.254254   180.333   180.333  2 54618.51722996 13.403
 70 127.991844  61.252180    98.564    98.564  2 54653.51724118 31.426
 73 127.992683  61.253919    96.819    96.819  2 54758.51720599 16.339
 75 127.990083  61.254043    96.245    96.245  2 54828.51720479 17.120
 77 127.992803  61.254941    98.253    98.253  2 54898.51720450 10.231
 79 127.991598  61.253324   227.205   226.776  3 54968.51720570  2.167
 80 127.989211  61.252817   101.030   101.024  3 55003.51722531 46.941
 81 127.993501  61.253582    98.461    98.461  2 55038.51721227 19.675
 82 127.997036  61.254085    98.981    98.981  2 55073.51719738 52.561
 83 127.984107  61.252579   158.222   158.188  3 55108.51714463 12.422
 84 127.993116  61.253487    95.830    95.818  3 55143.51714879 32.230
 86 127.992853  61.253302    99.478    99.478  2 55213.51714346 12.919
 87 127.987391  61.252181    95.521    95.521  2 55248.51711738 13.046
 88 127.995849  61.252486    95.411    95.411  2 55283.51713704 11.560
 90 127.993346  61.254923    98.811    98.811  2 55353.51711040 51.980
 91 127.984177  61.251418   100.265   100.265  2 55388.51710768 45.257
 92 127.994103  61.252722    97.066    97.066  2 55423.51712758 31.477
 93 127.998915  61.254201    98.037    98.037  2 55458.51709929 14.153
