# NaN NaN NaN ;Mean Elev.(m), Avg Gradient(m/km), RMS Gradient(m/km) - SRTM1     
#  120.443  11.924  67.129 ;Mean Elev.(m), Avg Gradient(m/km), RMS Gradient(m/km) - ASTER GDEM
#   96.072  11.387  70.009 ;Mean Elev.(m), Avg Gradient(m/km), RMS Gradient(m/km) - GMTED2010 
  8   112.592 52492.52907626 20.08 124.181332  60.582566  8.870
  8   114.131 52492.52907691 17.46 124.179062  60.585726  8.870
  8   114.328 52492.52907755 17.62 124.176792  60.588886  8.870
  8   113.386 52492.52907820 18.00 124.174532  60.592056  8.870
  8   113.622 52492.52907884 17.84 124.172262  60.595216  8.870
  8   114.995 52492.52907948 24.33 124.169992  60.598386  8.870
 10   110.054 52562.52910236 31.69 124.168718  60.580744 23.950
 10   109.914 52562.52910300 29.35 124.166448  60.583914 23.950
 10   109.550 52562.52910365 27.11 124.164178  60.587074 23.950
 10   108.929 52562.52910429 29.68 124.161918  60.590234 23.950
 10   109.378 52562.52910494 30.14 124.159648  60.593404 23.950
 12   116.989 52632.52906547  5.74 124.159247  60.587612  7.972
 12   117.129 52632.52906611 11.81 124.156977  60.590772  7.972
 13   113.872 52667.52908212  7.78 124.170609  60.580645 14.513
 13   113.802 52667.52908277  7.88 124.168349  60.583815 14.513
 13   115.340 52667.52908341  7.86 124.166079  60.586975 14.513
 13   110.335 52667.52908406  9.31 124.163809  60.590135 14.513
 13   110.982 52667.52908470  9.85 124.161549  60.593305 14.513
 14   109.922 52702.52905587  7.96 124.168823  60.582762 12.666
 14   110.610 52702.52905651  8.36 124.166553  60.585922 12.666
 14   109.804 52702.52905716  8.68 124.164283  60.589092 12.666
 14   109.938 52702.52905780  8.50 124.162024  60.592255  8.424
 14   108.930 52702.52905845  9.02 124.159754  60.595415  8.424
 15   109.071 52737.52909661  9.41 124.177051  60.582311 10.951
 15   109.541 52737.52909725  9.22 124.174781  60.585471 10.951
 15   108.701 52737.52909790 10.57 124.172521  60.588641 10.951
 15   108.376 52737.52909854 10.32 124.170251  60.591801 10.951
 15   108.201 52737.52909919  9.57 124.167991  60.594971 10.951
 15   106.979 52737.52909983 10.48 124.165721  60.598131 10.951
 16   279.369 52772.52906166  1.00 124.182293  60.585001  4.692
 16   283.079 52772.52906230  1.13 124.180033  60.588171  4.692
 16   284.449 52772.52906295  1.68 124.177763  60.591331  4.692
 16   287.762 52772.52906359  1.97 124.175503  60.594501  4.692
 16   288.753 52772.52906424  2.53 124.173233  60.597661  4.692
 17   127.513 52807.52912030 10.55 124.159442  60.581956 11.783
 17   121.929 52807.52912094  9.87 124.157172  60.585116 11.783
 17   125.176 52807.52912159 10.09 124.154902  60.588286 11.783
 17   125.687 52807.52912223 15.76 124.152642  60.591446 11.783
 18   110.480 52842.52917853 24.14 124.163637  60.581722  8.554
 18   108.885 52842.52917917 25.67 124.161367  60.584882  8.554
 18   109.024 52842.52917982 25.48 124.159107  60.588042  8.554
 18   108.912 52842.52918046 25.87 124.156837  60.591212  8.554
 19   110.792 52877.52921660 24.38 124.167235  60.580297  6.974
 19   111.357 52877.52921724 23.68 124.164975  60.583457  6.974
 19   111.136 52877.52921789 24.03 124.162705  60.586627  6.974
 19   110.751 52877.52921853 24.58 124.160435  60.589787  6.974
 19   110.397 52877.52921918 27.70 124.158175  60.592947  6.974
 20   108.450 52912.52917485 28.91 124.186085  60.582865  6.899
 20   108.608 52912.52917549 28.68 124.183815  60.586025  6.899
 20   108.698 52912.52917614 25.45 124.181555  60.589195  6.899
 20   108.148 52912.52917678 21.95 124.179285  60.592355  6.899
 20   108.152 52912.52917743 20.36 124.177025  60.595525  6.899
 20   108.305 52912.52917807 19.34 124.174755  60.598685  6.899
 21   120.274 52947.52913264  7.26 124.162536  60.582484 12.786
 21   108.845 52947.52913328 14.23 124.160266  60.585644 12.786
 21   121.755 52947.52913392 22.56 124.157996  60.588804 12.786
 21   113.492 52947.52913457 31.65 124.155736  60.591974 12.786
 23   118.089 53017.52916364  6.12 124.173197  60.587809 15.663
 23   116.148 53017.52916429 12.68 124.170927  60.590979 15.663
 23   117.698 53017.52916493 12.33 124.168667  60.594139 15.663
 23   115.104 53017.52916558 11.46 124.166397  60.597309 15.663
 28   111.322 53192.52919908 46.97 124.177412  60.580760 15.012
 28   112.676 53192.52919973 47.08 124.175142  60.583930 15.012
 28   111.423 53192.52920037 47.21 124.172882  60.587090 15.012
 28   111.728 53192.52920102 48.33 124.170612  60.590250 15.012
 28   111.602 53192.52920166 48.33 124.168342  60.593420 15.012
 28   111.614 53192.52920231 48.60 124.166082  60.596580 15.012
 29   116.803 53227.52919914  9.24 124.176440  60.584288  8.490
 29   115.839 53227.52919979 18.48 124.174170  60.587458  8.490
 29   115.319 53227.52920043 26.08 124.171910  60.590618  8.490
 29   116.910 53227.52920108 32.10 124.169640  60.593778  8.490
 29   115.855 53227.52920172 37.26 124.167370  60.596948  8.490
 30   114.682 53262.52917194 46.93 124.178320  60.582969 20.099
 30   113.291 53262.52917259 29.99 124.176050  60.586139 20.099
 30   112.618 53262.52917323 33.31 124.173790  60.589299 20.099
 30   110.359 53262.52917388 27.39 124.171520  60.592469 20.099
 30   110.445 53262.52917452 41.30 124.169260  60.595629 20.099
 30   110.941 53262.52917517 43.55 124.166990  60.598789 20.099
 31   110.967 53297.52920933 18.72 124.158447  60.579694 13.295
 31   111.312 53297.52920997 19.85 124.156177  60.582864 13.295
 31   111.339 53297.52921062 21.13 124.153907  60.586024 13.295
 31   111.810 53297.52921126 27.69 124.151647  60.589184 13.295
 38   123.468 53542.52923583  5.79 124.162383  60.591233  7.526
 38   121.624 53542.52923647 14.55 124.160113  60.594403  7.526
 41   107.472 53647.52917714 17.15 124.166337  60.580756  3.504
 41   107.680 53647.52917779 18.32 124.164077  60.583916  3.504
 41   107.868 53647.52917843 18.37 124.161807  60.587086  3.504
 41   107.970 53647.52917908 18.95 124.159537  60.590246  3.504
 41   108.047 53647.52917972 23.43 124.157267  60.593406  3.504
 42   114.094 53682.52919275 29.60 124.168462  60.582429 15.799
 42   116.864 53682.52919339 28.12 124.166202  60.585589 15.799
 42   116.079 53682.52919404 23.41 124.163932  60.588749 15.799
 42   111.858 53682.52919468 21.82 124.161672  60.591919 15.799
 42   111.033 53682.52919533 21.78 124.159402  60.595079 15.799
 47   107.733 53857.52911649 31.22 124.163216  60.581543 11.259
 47   108.424 53857.52911714 31.62 124.160946  60.584703 11.259
 47   107.763 53857.52911778 30.24 124.158676  60.587873 11.259
 47   107.867 53857.52911843 28.76 124.156416  60.591033 11.259
 49   111.250 53927.52918974 14.73 124.161242  60.580036  7.229
 49   111.180 53927.52919038 16.28 124.158982  60.583196  7.229
 49   111.604 53927.52919103 16.98 124.156712  60.586366  7.229
 49   118.571 53927.52919167 15.79 124.154442  60.589526  7.229
 52   236.767 54032.52917069  0.21 124.163828  60.588308  3.404
 52   236.675 54032.52917133  2.27 124.161558  60.591478  3.404
 54   115.707 54102.52912434  5.41 124.175039  60.590114 14.082
 54   116.733 54102.52912498  7.01 124.172779  60.593274 14.082
 54   117.345 54102.52912563  6.82 124.170509  60.596444 14.082
 54   114.971 54102.52912627  4.85 124.168239  60.599604 14.082
 57   109.231 54207.52909733  7.96 124.163505  60.581479  8.585
 57   109.386 54207.52909798 12.92 124.161235  60.584649  8.585
 57   109.884 54207.52909862 12.86 124.158975  60.587809  8.585
 57   110.045 54207.52909927 17.01 124.156705  60.590969  8.585
 60   110.816 54312.52914350 49.24 124.174415  60.580574 16.108
 60   112.094 54312.52914415 47.74 124.172145  60.583734 16.108
 60   110.707 54312.52914479 51.46 124.169885  60.586904 16.108
 60   110.730 54312.52914544 49.67 124.167615  60.590064 16.108
 60   111.196 54312.52914608 40.87 124.165355  60.593224 16.108
 60   110.658 54312.52914673 46.87 124.163085  60.596394 16.108
 62   110.934 54382.52908111 43.62 124.167163  60.581431 13.384
 62   109.286 54382.52908176 40.41 124.164903  60.584601 13.384
 62   109.250 54382.52908240 37.39 124.162633  60.587761 13.384
 62   109.367 54382.52908305 40.27 124.160363  60.590921 13.384
 62   109.395 54382.52908369 39.63 124.158093  60.594091 13.384
 63   115.483 54417.52906522 34.07 124.176168  60.582969 26.441
 63   114.582 54417.52906586 24.78 124.173908  60.586129 26.441
 63   119.507 54417.52906651 31.74 124.171638  60.589299 26.441
 63   119.168 54417.52906715 36.51 124.169378  60.592459 26.441
 63   114.505 54417.52906780 35.92 124.167108  60.595619 26.441
 68   107.858 54592.52906009 32.66 124.169744  60.581493 15.271
 68   107.895 54592.52906073 30.30 124.167474  60.584663 15.271
 68   107.908 54592.52906137 26.02 124.165204  60.587823 15.271
 68   108.087 54592.52906202 25.84 124.162944  60.590983 15.271
 68   109.307 54592.52906266 25.02 124.160674  60.594153 15.271
 69   114.784 54627.52907506 26.98 124.173659  60.580938  5.487
 69   114.619 54627.52907570 24.99 124.171399  60.584098  5.487
 69   114.239 54627.52907635 25.74 124.169129  60.587268  5.487
 69   113.924 54627.52907699 25.17 124.166859  60.590428  5.487
 69   113.821 54627.52907764 24.59 124.164599  60.593588  5.487
 69   118.037 54627.52907828 27.22 124.162329  60.596758  5.487
 70   110.892 54662.52908289 36.75 124.168439  60.581671  8.213
 70   110.455 54662.52908354 31.46 124.166179  60.584831  8.213
 70   110.466 54662.52908418 29.72 124.163909  60.587991  8.213
 70   110.089 54662.52908483 31.66 124.161639  60.591161  8.213
 70   109.946 54662.52908547 39.70 124.159379  60.594321  8.213
 71   115.985 54697.52905802 34.55 124.178461  60.584118  8.741
 71   117.671 54697.52905866 34.66 124.176201  60.587278  8.741
 71   117.490 54697.52905931 33.92 124.173931  60.590448  8.741
 71   117.870 54697.52905995 32.00 124.171671  60.593608  8.741
 71   117.396 54697.52906060 34.34 124.169401  60.596778  8.741
 73   115.163 54767.52903660 16.78 124.174103  60.580880 17.815
 73   115.013 54767.52903725 17.11 124.171843  60.584040 17.815
 73   114.714 54767.52903789 17.78 124.169573  60.587210 17.815
 73   110.002 54767.52903854 19.90 124.167313  60.590370 17.815
 73   110.075 54767.52903918 19.64 124.165043  60.593540 17.815
 73   110.367 54767.52903983 17.85 124.162773  60.596700 17.815
 74   114.455 54802.52903326 16.08 124.164639  60.580013 20.998
 74   116.256 54802.52903390 17.29 124.162369  60.583173 20.998
 74   117.812 54802.52903455 29.80 124.160099  60.586343 20.998
 74   117.614 54802.52903519 22.81 124.157839  60.589503 20.998
 74   111.087 54802.52903584 16.66 124.155569  60.592673 20.998
 75   115.538 54837.52902980 10.32 124.172520  60.581775 20.236
 75   115.820 54837.52903045  9.86 124.170250  60.584945 20.236
 75   115.852 54837.52903109  9.06 124.167990  60.588105 20.236
 75   116.081 54837.52903174 10.07 124.165720  60.591275 20.236
 75   114.672 54837.52903238 11.01 124.163450  60.594435 20.236
 76   115.259 54872.52903244 11.18 124.165590  60.581721 12.388
 76   113.176 54872.52903308 11.71 124.163320  60.584881 12.388
 76   113.294 54872.52903372  8.85 124.161060  60.588041 12.388
 76   114.185 54872.52903437  8.01 124.158790  60.591211 12.388
 77   114.396 54907.52903731  5.74 124.177437  60.583775 16.008
 77   114.180 54907.52903795  6.33 124.175167  60.586945 16.008
 77   114.226 54907.52903860  5.08 124.172907  60.590105 16.008
 77   114.022 54907.52903924  5.69 124.170637  60.593275 16.008
 77   113.961 54907.52903989  6.27 124.168367  60.596435 16.008
 78   115.840 54942.52902576  2.12 124.163909  60.582844  7.969
 78   116.405 54942.52902641  2.88 124.161649  60.586004  7.969
 78   115.990 54942.52902705  1.72 124.159379  60.589174  7.969
 78   116.369 54942.52902770  0.59 124.157109  60.592334  7.969
 80   114.443 55012.52906028 22.92 124.172628  60.582219  4.003
 80   112.967 55012.52906092 20.93 124.170358  60.585379  4.003
 80   112.992 55012.52906157 21.10 124.168098  60.588539  4.003
 80   112.952 55012.52906221 22.14 124.165828  60.591709  4.003
 80   113.134 55012.52906286 24.22 124.163558  60.594869  4.003
 81   111.089 55047.52905283 25.59 124.170770  60.582517  6.922
 81   110.154 55047.52905348 24.12 124.168510  60.585677  6.922
 81   109.516 55047.52905412 23.42 124.166240  60.588847  6.922
 81   109.693 55047.52905477 23.51 124.163970  60.592007  6.922
 81   109.639 55047.52905541 27.16 124.161710  60.595167  6.922
 82   110.625 55082.52902360 44.16 124.181877  60.581733 21.775
 82   111.668 55082.52902425 52.25 124.179607  60.584893 21.775
 82   110.280 55082.52902489 52.60 124.177347  60.588053 21.775
 82   110.224 55082.52902554 52.60 124.175077  60.591223 21.775
 82   110.463 55082.52902618 53.91 124.172817  60.594383 21.775
 82   110.319 55082.52902683 50.98 124.170547  60.597553 21.775
 84   111.489 55152.52898157 14.91 124.174265  60.580608 14.168
 84   110.977 55152.52898222 16.65 124.172005  60.583768 14.168
 84   110.741 55152.52898286 17.58 124.169735  60.586928 14.168
 84   110.722 55152.52898351 18.12 124.167465  60.590098 14.168
 84   110.576 55152.52898415 19.49 124.165205  60.593258 14.168
 84   110.355 55152.52898480 18.11 124.162935  60.596428 14.168
 85   116.905 55187.52897159 11.23 124.165533  60.579649 16.115
 85   115.909 55187.52897223 10.41 124.163263  60.582819 16.115
 85   116.102 55187.52897288 10.06 124.160993  60.585979 16.115
 85   116.996 55187.52897352 10.38 124.158733  60.589139 16.115
 85   116.344 55187.52897417 11.04 124.156463  60.592309 16.115
 86   112.618 55222.52898070 10.38 124.173370  60.582313 13.400
 86   114.256 55222.52898135 10.20 124.171100  60.585483 13.400
 86   112.111 55222.52898199 10.72 124.168840  60.588643 13.400
 86   111.670 55222.52898264 10.87 124.166570  60.591813 13.400
 86   111.033 55222.52898328 10.76 124.164300  60.594973 13.400
 87   112.768 55257.52896750  9.21 124.170227  60.580817 13.491
 87   112.679 55257.52896815  8.95 124.167957  60.583987 13.491
 87   111.776 55257.52896879  9.67 124.165687  60.587147 13.491
 87   111.173 55257.52896944 10.45 124.163427  60.590307 13.491
 87   110.429 55257.52897008 10.62 124.161157  60.593477 13.491
 88   109.513 55292.52896864 10.30 124.179137  60.582546  4.621
 88   109.403 55292.52896928 11.12 124.176877  60.585706  4.621
 88   109.300 55292.52896993 12.47 124.174607  60.588876  4.621
 88   109.251 55292.52897057 11.44 124.172347  60.592036  4.621
 88   108.967 55292.52897122 11.54 124.170077  60.595206  4.621
 88   108.170 55292.52897186 11.02 124.167817  60.598366  4.621
 90   111.395 55362.52894739 13.75 124.175712  60.582017  7.006
 90   111.361 55362.52894804 14.21 124.173442  60.585187  7.006
 90   111.372 55362.52894868 14.76 124.171182  60.588347  7.006
 90   111.384 55362.52894933 16.60 124.168912  60.591517  7.006
 90   111.169 55362.52894997 23.16 124.166642  60.594677  7.006
 91   109.397 55397.52895562 18.35 124.165308  60.581677  4.979
 91   109.271 55397.52895626 19.21 124.163038  60.584847  4.979
 91   109.098 55397.52895691 19.41 124.160768  60.588007  4.979
 91   109.458 55397.52895755 19.31 124.158508  60.591167  4.979
 92   111.259 55432.52896317 37.33 124.172786  60.583073 11.067
 92   111.062 55432.52896382 39.65 124.170516  60.586243 11.067
 92   110.712 55432.52896446 40.55 124.168256  60.589403 11.067
 92   110.699 55432.52896511 40.95 124.165986  60.592563 11.067
 92   110.819 55432.52896575 43.39 124.163716  60.595733 11.067
 93   110.078 55467.52892137 37.51 124.183834  60.583040 15.404
 93   109.061 55467.52892202 36.61 124.181564  60.586200 15.404
 93   109.134 55467.52892266 46.62 124.179304  60.589360 15.404
 93   109.537 55467.52892331 48.73 124.177034  60.592530 15.404
 93   109.130 55467.52892395 48.78 124.174774  60.595690 15.404
 93   108.953 55467.52892459 49.90 124.172504  60.598860 15.404
