# NaN NaN NaN ;Mean Elev.(m), Avg Gradient(m/km), RMS Gradient(m/km) - SRTM1     
#   -0.058  -1.887  78.419 ;Mean Elev.(m), Avg Gradient(m/km), RMS Gradient(m/km) - ASTER GDEM
#   11.589  -5.395  80.413 ;Mean Elev.(m), Avg Gradient(m/km), RMS Gradient(m/km) - GMTED2010 
  8   169.691 52488.13661596  3.89 127.346149  71.483128  3.231
  8   151.377 52488.13661661  8.09 127.341069  71.480198  3.231
  8   159.598 52488.13661725  8.59 127.335979  71.477268  3.231
  8   160.537 52488.13661790  8.53 127.330899  71.474338  3.231
  8   166.616 52488.13661854  7.65 127.325809  71.471400  9.137
  8   170.397 52488.13661919  7.50 127.320729  71.468470  9.137
  8   169.500 52488.13661983  8.20 127.315659  71.465540  9.137
  8   170.354 52488.13662048  8.76 127.310579  71.462610  9.137
  9   172.712 52523.13658821  0.40 127.344448  71.488812  3.693
  9   169.061 52523.13658885  2.58 127.339358  71.485872  3.693
  9   168.763 52523.13658950  3.03 127.334268  71.482942  3.693
  9   169.029 52523.13659014  3.80 127.329188  71.480012  3.693
  9   160.150 52523.13659078  4.88 127.324098  71.477082  3.693
  9   162.083 52523.13659143  5.18 127.319018  71.474142  3.693
  9   166.279 52523.13659207  5.54 127.313938  71.471212  3.693
  9   172.359 52523.13659272  4.73 127.308858  71.468282  3.693
 10     3.478 52558.13663922 51.91 127.355136  71.483410 20.449
 10     3.501 52558.13663986 49.61 127.350056  71.480480 20.449
 10     3.363 52558.13664051 33.06 127.344966  71.477550 20.449
 10     2.986 52558.13664115 30.78 127.339876  71.474620 20.449
 10     2.941 52558.13664180 28.34 127.334796  71.471680 20.449
 10     2.745 52558.13664244 27.19 127.329706  71.468750 20.449
 10     2.614 52558.13664309 26.69 127.324626  71.465820 20.449
 10     2.513 52558.13664373 26.34 127.319546  71.462890 20.449
 10     2.447 52558.13664438 26.88 127.314466  71.459960 20.449
 11     1.077 52593.13663724 25.85 127.351744  71.488965  7.671
 11     1.211 52593.13663789 25.84 127.346654  71.486035  7.671
 11     1.201 52593.13663853 25.48 127.341574  71.483105  7.671
 11     1.180 52593.13663918 25.38 127.336484  71.480175  7.671
 11     1.049 52593.13663982 25.95 127.331394  71.477235  7.671
 11     1.050 52593.13664046 25.64 127.326314  71.474305  7.671
 11     1.089 52593.13664111 24.10 127.321234  71.471375  7.671
 11     1.097 52593.13664175 24.33 127.316147  71.468438  4.812
 11     1.069 52593.13664240 23.42 127.311077  71.465508  4.812
 12     1.072 52628.13656173 14.98 127.361008  71.474737  3.954
 12     1.182 52628.13656237 14.50 127.355928  71.471807  3.954
 12     1.146 52628.13656302 14.62 127.350838  71.468867  3.954
 12     1.094 52628.13656366 14.40 127.345758  71.465937  3.954
 12     1.167 52628.13656430 14.75 127.340678  71.463007  3.954
 12     1.140 52628.13656495 14.13 127.335598  71.460077  3.954
 12     1.087 52628.13656559 14.68 127.330518  71.457147  3.954
 12     1.252 52628.13656624 14.14 127.325438  71.454207  3.954
 12     1.236 52628.13656688 13.33 127.320368  71.451277  3.954
 12     1.180 52628.13656753 13.88 127.315288  71.448347  3.954
 12     1.179 52628.13656817 13.70 127.310218  71.445417  3.954
 13     1.176 52663.13659936 17.34 127.357087  71.489315  5.334
 13     1.396 52663.13660000 16.87 127.351997  71.486385  5.334
 13     1.430 52663.13660065 17.31 127.346907  71.483455  5.334
 13     1.542 52663.13660129 16.61 127.341817  71.480525  5.334
 13     1.514 52663.13660193 16.58 127.336737  71.477585  5.334
 13     1.380 52663.13660258 16.84 127.331647  71.474655  5.334
 13     1.409 52663.13660322 15.79 127.326567  71.471725  5.334
 13     1.265 52663.13660387 14.97 127.321487  71.468795  5.334
 13     1.344 52663.13660451 14.02 127.316403  71.465856  3.358
 13     1.217 52663.13660516 14.11 127.311323  71.462926  3.358
 14     1.101 52698.13657782 12.74 127.359428  71.473090  3.524
 14     1.337 52698.13657847 12.05 127.354338  71.470150  3.524
 14     1.131 52698.13657911 12.02 127.349257  71.467224  3.805
 14     1.183 52698.13657976 11.80 127.344177  71.464294  3.805
 14     1.103 52698.13658040 12.30 127.339097  71.461354  3.805
 14     1.099 52698.13658105 12.20 127.334017  71.458424  3.805
 14     1.246 52698.13658169 11.63 127.328937  71.455494  3.805
 14     1.247 52698.13658234 11.02 127.323857  71.452564  3.805
 14     1.181 52698.13658298 10.99 127.318777  71.449634  3.805
 14     1.360 52698.13658363 10.73 127.313707  71.446694  3.805
 14     1.186 52698.13658427 10.66 127.308637  71.443764  3.805
 15     2.452 52733.13659657 10.02 127.354426  71.483308 10.539
 15     2.567 52733.13659721 10.09 127.349336  71.480378 10.539
 15     2.321 52733.13659786 10.01 127.344256  71.477448 10.539
 15     2.550 52733.13659850  9.80 127.339166  71.474518 10.539
 15     2.883 52733.13659915 10.06 127.334086  71.471578 10.539
 15     3.220 52733.13659979  9.89 127.329006  71.468648 10.539
 15     1.133 52733.13660044  9.25 127.323926  71.465718 10.539
 15     1.047 52733.13660108  8.96 127.318846  71.462788 10.539
 15     1.089 52733.13660173  8.92 127.313776  71.459848 10.539
 16     0.891 52768.13660210 12.52 127.350121  71.497171  6.042
 16     1.991 52768.13660275 11.73 127.345031  71.494241  6.042
 16     2.840 52768.13660339 12.04 127.339941  71.491311  6.042
 16     3.996 52768.13660404 11.51 127.334851  71.488381  6.042
 16     4.891 52768.13660468 11.05 127.329771  71.485441  6.042
 16     5.202 52768.13660532 13.35 127.324681  71.482511  6.042
 16     5.668 52768.13660597 15.94 127.319601  71.479581  6.042
 16     6.209 52768.13660661 15.11 127.314521  71.476651  6.042
 16     6.271 52768.13660726 19.56 127.309441  71.473711  6.042
 17   168.698 52803.13662297  4.31 127.361396  71.477024  2.406
 17   161.829 52803.13662361 10.49 127.356316  71.474094  2.406
 17   161.739 52803.13662425 13.92 127.351228  71.471161  4.143
 17   162.557 52803.13662490 12.77 127.346138  71.468231  4.143
 17   164.038 52803.13662554 12.07 127.341058  71.465291  4.143
 17   164.496 52803.13662619 12.48 127.335978  71.462361  4.143
 17   166.800 52803.13662683 11.13 127.330898  71.459431  4.143
 17   168.713 52803.13662748 11.75 127.325818  71.456501  4.143
 17   171.068 52803.13662812 10.42 127.320738  71.453571  4.143
 18     6.488 52838.13668631 41.54 127.360907  71.480676  8.487
 18     6.923 52838.13668695 39.98 127.355817  71.477746  8.487
 18     6.558 52838.13668760 39.87 127.350737  71.474816  8.487
 18     6.690 52838.13668824 43.03 127.345647  71.471876  8.487
 18     6.690 52838.13668889 40.63 127.340561  71.468947 14.440
 18     6.512 52838.13668953 44.12 127.335481  71.466017 14.440
 18     6.536 52838.13669018 43.04 127.330401  71.463087 14.440
 18     6.546 52838.13669082 44.94 127.325321  71.460147 14.440
 18     6.656 52838.13669147 44.27 127.320241  71.457217 14.440
 18     6.555 52838.13669211 46.91 127.315161  71.454287 14.440
 19   163.975 52873.13672668  2.58 127.352426  71.480017  2.812
 19   149.929 52873.13672732  5.56 127.347346  71.477077  2.812
 19   151.382 52873.13672796  7.20 127.342256  71.474147  2.812
 19   162.132 52873.13672861  5.46 127.337169  71.471216  5.723
 19   159.647 52873.13672925  6.09 127.332089  71.468286  5.723
 19   158.966 52873.13672990  6.85 127.327009  71.465356  5.723
 19   167.763 52873.13673054  5.61 127.321929  71.462416  5.723
 19   170.166 52873.13673119  5.25 127.316849  71.459486  5.723
 19   172.648 52873.13673183  4.23 127.311779  71.456556  5.723
 20   154.061 52908.13671045  8.87 127.345479  71.483102 14.142
 20   155.003 52908.13671110  9.57 127.340389  71.480172 14.142
 20   147.054 52908.13671174 10.80 127.335309  71.477232 14.142
 20   160.169 52908.13671239 10.31 127.330219  71.474302 14.142
 20   148.885 52908.13671303 11.72 127.325139  71.471372 14.142
 20   148.743 52908.13671368 13.01 127.320059  71.468442 14.142
 20   169.069 52908.13671432 10.83 127.314979  71.465502 14.142
 20   170.371 52908.13671497 10.98 127.309907  71.462576  4.130
 21     2.549 52943.13663715 30.94 127.362484  71.472928 12.101
 21     2.647 52943.13663779 31.06 127.357394  71.469998 12.101
 21     2.593 52943.13663844 32.01 127.352314  71.467068 12.101
 21     2.608 52943.13663908 32.91 127.347234  71.464138 12.101
 21     2.650 52943.13663973 37.92 127.342144  71.461208 12.101
 21     2.619 52943.13664037 36.59 127.337074  71.458268 12.101
 21     2.578 52943.13664102 39.33 127.331994  71.455338 12.101
 21     2.583 52943.13664166 37.39 127.326914  71.452408 12.101
 21     2.669 52943.13664231 37.75 127.321837  71.449469 16.313
 21     2.713 52943.13664295 39.46 127.316767  71.446539 16.313
 21     2.794 52943.13664359 40.75 127.311697  71.443609 16.313
 21     2.731 52943.13664424 40.01 127.306617  71.440679 16.313
 23     1.253 53013.13669389 12.45 127.353954  71.491426  4.262
 23     1.264 53013.13669454 12.43 127.348864  71.488496  4.262
 23     1.434 53013.13669518 12.60 127.343774  71.485566  4.262
 23     1.483 53013.13669583 12.31 127.338684  71.482636  4.262
 23     1.446 53013.13669647 12.63 127.333594  71.479706  4.262
 23     1.407 53013.13669711 12.67 127.328514  71.476776  4.262
 23     1.346 53013.13669776 12.82 127.323434  71.473836  4.262
 23     1.344 53013.13669840 12.56 127.318354  71.470906  4.262
 23     1.295 53013.13669905 12.29 127.313274  71.467976  4.262
 23     1.081 53013.13669969 13.05 127.308194  71.465046  4.262
 24     1.390 53048.13666480  9.80 127.360169  71.480521  3.852
 24     1.485 53048.13666545 10.46 127.355079  71.477591  3.852
 24     1.494 53048.13666609 10.86 127.349989  71.474661  3.852
 24     1.575 53048.13666674 10.68 127.344909  71.471731  3.852
 24     1.428 53048.13666738 11.14 127.339819  71.468791  3.852
 24     1.441 53048.13666803 11.43 127.334739  71.465861  3.852
 24     1.392 53048.13666867 12.54 127.329659  71.462931  3.852
 24     1.397 53048.13666932 11.89 127.324578  71.459996  3.605
 24     1.346 53048.13666996 11.43 127.319498  71.457066  3.605
 24     1.280 53048.13667061 11.95 127.314428  71.454136  3.605
 26     1.047 53118.13666977  8.58 127.360648  71.483907  3.132
 26     1.220 53118.13667041  9.35 127.355558  71.480977  3.132
 26     1.284 53118.13667106  9.18 127.350469  71.478045  4.687
 26     1.258 53118.13667170  9.65 127.345379  71.475115  4.687
 26     1.254 53118.13667234  9.98 127.340289  71.472175  4.687
 26     1.134 53118.13667299 10.93 127.335209  71.469245  4.687
 26     1.134 53118.13667363 11.70 127.330129  71.466315  4.687
 26     1.018 53118.13667428 11.97 127.325049  71.463385  4.687
 26     1.073 53118.13667492 11.68 127.319969  71.460445  4.687
 26     0.945 53118.13667557 11.41 127.314889  71.457515  4.687
 28    12.164 53188.13670824 40.83 127.359692  71.482610 21.511
 28    13.346 53188.13670889 40.97 127.354602  71.479680 21.511
 28    12.405 53188.13670953 36.14 127.349512  71.476740 21.511
 28    12.423 53188.13671017 40.15 127.344432  71.473810 21.511
 28    12.030 53188.13671082 43.09 127.339342  71.470880 21.511
 28    11.766 53188.13671146 41.57 127.334262  71.467950 21.511
 28    12.555 53188.13671211 40.37 127.329186  71.465012 14.639
 28    12.004 53188.13671275 41.18 127.324106  71.462082 14.639
 28    12.532 53188.13671340 37.15 127.319026  71.459152 14.639
 28    12.781 53188.13671404 37.66 127.313956  71.456222 14.639
 31     5.717 53293.13672322 43.42 127.357671  71.483545 16.917
 31     5.614 53293.13672386 40.54 127.352581  71.480615 16.917
 31     5.745 53293.13672451 45.03 127.347491  71.477685 16.917
 31     5.603 53293.13672515 41.68 127.342401  71.474755 16.917
 31     5.562 53293.13672580 43.50 127.337321  71.471815 16.917
 31     5.503 53293.13672644 40.23 127.332231  71.468885 16.917
 31     5.497 53293.13672709 49.54 127.327150  71.465955 18.222
 31     5.473 53293.13672773 43.30 127.322070  71.463025 18.222
 31     5.603 53293.13672838 42.45 127.316990  71.460095 18.222
 31     5.555 53293.13672902 41.29 127.311910  71.457155 18.222
 32     2.920 53328.13669669 19.84 127.354222  71.485980  5.803
 32     2.913 53328.13669734 21.21 127.349132  71.483050  5.803
 32     3.077 53328.13669798 21.24 127.344042  71.480120  5.803
 32     3.164 53328.13669863 21.94 127.338962  71.477180  5.803
 32     3.013 53328.13669927 21.61 127.333882  71.474250  5.803
 32     2.932 53328.13669992 22.77 127.328792  71.471320  5.803
 32     3.002 53328.13670056 22.35 127.323712  71.468390  5.803
 32     2.888 53328.13670120 21.27 127.318635  71.465450  5.603
 32     2.903 53328.13670185 21.28 127.313555  71.462520  5.603
 33     2.370 53363.13664956 15.77 127.353905  71.490953  5.892
 33     2.586 53363.13665020 16.88 127.348815  71.488023  5.892
 33     2.562 53363.13665085 18.02 127.343725  71.485093  5.892
 33     2.714 53363.13665149 16.87 127.338635  71.482163  5.892
 33     2.742 53363.13665213 18.82 127.333555  71.479233  5.892
 33     2.723 53363.13665278 18.64 127.328475  71.476293  5.892
 33     2.729 53363.13665342 18.16 127.323385  71.473363  5.892
 33     2.586 53363.13665407 18.16 127.318305  71.470433  5.892
 33     2.459 53363.13665471 18.15 127.313225  71.467503  5.892
 33     2.333 53363.13665536 17.90 127.308155  71.464563  5.892
 35     2.189 53433.13666295 12.65 127.352120  71.490552  5.738
 35     2.214 53433.13666360 14.72 127.347030  71.487622  5.738
 35     2.192 53433.13666424 15.05 127.341950  71.484692  5.738
 35     2.156 53433.13666488 16.71 127.336860  71.481762  5.738
 35     2.260 53433.13666553 16.47 127.331780  71.478822  5.738
 35     2.342 53433.13666617 15.24 127.326700  71.475892  5.738
 35     2.190 53433.13666682 15.82 127.321610  71.472962  5.738
 35     2.010 53433.13666746 15.88 127.316530  71.470032  5.738
 35     1.940 53433.13666811 15.44 127.311460  71.467092  5.738
 36     1.761 53468.13670288  8.16 127.359538  71.480075  3.731
 36     1.760 53468.13670352  8.16 127.354448  71.477145  3.731
 36     1.783 53468.13670417 10.89 127.349358  71.474215  3.731
 36     1.757 53468.13670481 10.55 127.344278  71.471275  3.731
 36     1.778 53468.13670546 10.25 127.339189  71.468348  3.734
 36     1.874 53468.13670610  9.61 127.334109  71.465418  3.734
 36     1.897 53468.13670675  8.17 127.329029  71.462478  3.734
 36     1.839 53468.13670739  8.06 127.323949  71.459548  3.734
 36     1.613 53468.13670804  8.43 127.318869  71.456618  3.734
 36     1.561 53468.13670868  7.90 127.313799  71.453688  3.734
 37     1.926 53503.13674996  7.03 127.355257  71.489870  5.670
 37     1.951 53503.13675060  7.30 127.350167  71.486940  5.670
 37     1.994 53503.13675124  7.09 127.345077  71.484010  5.670
 37     2.005 53503.13675189  7.96 127.339997  71.481080  5.670
 37     2.089 53503.13675253  7.74 127.334907  71.478150  5.670
 37     2.070 53503.13675318  8.20 127.329827  71.475210  5.670
 37     2.045 53503.13675382  7.40 127.324737  71.472280  5.670
 37     1.857 53503.13675447  7.59 127.319657  71.469350  5.670
 37     1.820 53503.13675511  6.51 127.314577  71.466420  5.670
 37     1.836 53503.13675576  4.40 127.309497  71.463480  5.670
 38   171.275 53538.13674506  6.78 127.356739  71.489097  1.839
 38   173.210 53538.13674570  7.53 127.351649  71.486167  1.839
 38   174.600 53538.13674635  8.14 127.346559  71.483237  1.839
 38   175.887 53538.13674699  8.94 127.341469  71.480307  1.839
 38   177.419 53538.13674764  9.94 127.336389  71.477367  1.839
 38   176.623 53538.13674828 10.55 127.331299  71.474437  1.839
 38   178.211 53538.13674893 11.32 127.326219  71.471507  1.839
 38   178.638 53538.13674957 11.84 127.321139  71.468577  1.839
 38   178.887 53538.13675022 12.74 127.316058  71.465636  2.369
 38   179.967 53538.13675086 13.19 127.310978  71.462706  2.369
 39    14.541 53573.13674904  7.46 127.329992  71.478184  4.825
 39    32.961 53573.13674969  9.81 127.324902  71.475244  4.825
 39    17.887 53573.13675033 10.42 127.319822  71.472314  4.825
 39    13.954 53573.13675098  9.25 127.314742  71.469384  4.825
 39    13.346 53573.13675162  8.28 127.309662  71.466454  4.825
 40   167.446 53608.13669761  6.18 127.327730  71.483049  3.476
 40   161.804 53608.13669826  7.20 127.322640  71.480119  3.476
 40   161.342 53608.13669890  7.48 127.317560  71.477179  3.476
 40   163.227 53608.13669955  8.17 127.312480  71.474249  3.476
 40   171.163 53608.13670019  6.63 127.307400  71.471319  3.476
 41     4.969 53643.13669908 12.97 127.357716  71.478050  6.130
 41     5.353 53643.13669973 12.60 127.352626  71.475120  6.130
 41     5.335 53643.13670037 12.83 127.347536  71.472190  6.130
 41     5.492 53643.13670102 12.08 127.342456  71.469250  6.130
 41     5.607 53643.13670166 10.93 127.337366  71.466320  6.130
 41     5.538 53643.13670231 11.12 127.332286  71.463390  6.130
 41    10.922 53643.13670295 10.61 127.327210  71.460457  6.070
 41    11.895 53643.13670360  9.38 127.322130  71.457527  6.070
 41    17.107 53643.13670424  8.82 127.317050  71.454597  6.070
 41    21.116 53643.13670488  8.94 127.311980  71.451657  6.070
 42     3.143 53678.13671606 27.00 127.351276  71.488236 10.361
 42     3.175 53678.13671670 26.64 127.346186  71.485306 10.361
 42     3.236 53678.13671735 27.03 127.341106  71.482376 10.361
 42     3.295 53678.13671799 26.94 127.336016  71.479446 10.361
 42     3.201 53678.13671864 25.60 127.330926  71.476516 10.361
 42     2.968 53678.13671928 23.88 127.325846  71.473576 10.361
 42     3.074 53678.13671993 22.58 127.320766  71.470646 10.361
 42     3.067 53678.13672057 21.76 127.315686  71.467716 10.361
 42     2.669 53678.13672122 21.08 127.310606  71.464786 10.361
 43     2.772 53713.13664416 18.46 127.351735  71.491386  6.188
 43     2.784 53713.13664481 19.49 127.346645  71.488456  6.188
 43     2.687 53713.13664545 21.04 127.341555  71.485526  6.188
 43     2.675 53713.13664610 19.48 127.336465  71.482596  6.188
 43     2.642 53713.13664674 18.68 127.331385  71.479666  6.188
 43     2.560 53713.13664738 19.77 127.326305  71.476726  6.188
 43     2.543 53713.13664803 18.37 127.321215  71.473796  6.188
 43     2.425 53713.13664867 18.81 127.316135  71.470866  6.188
 43     2.201 53713.13664932 18.23 127.311065  71.467936  6.188
 44     2.736 53748.13656069 16.13 127.358993  71.471885  8.387
 44     2.830 53748.13656133 17.74 127.353903  71.468955  8.387
 44     2.798 53748.13656198 18.30 127.348823  71.466015  8.387
 44     2.673 53748.13656262 18.40 127.343743  71.463085  8.387
 44     2.718 53748.13656327 18.78 127.338663  71.460155  8.387
 44     2.612 53748.13656391 20.31 127.333583  71.457225  8.387
 44     2.672 53748.13656456 20.89 127.328503  71.454295  8.387
 44     2.627 53748.13656520 20.62 127.323423  71.451355  8.387
 44     2.797 53748.13656585 20.15 127.318353  71.448425  8.387
 44     2.660 53748.13656649 19.20 127.313273  71.445495  8.387
 44     2.415 53748.13656714 19.33 127.308203  71.442565  8.387
 45     2.167 53783.13658939 15.07 127.353848  71.485132  7.898
 45     2.293 53783.13659004 14.26 127.348768  71.482202  7.898
 45     2.721 53783.13659068 14.58 127.343678  71.479272  7.898
 45     2.415 53783.13659133 13.71 127.338588  71.476332  7.898
 45     2.310 53783.13659197 12.79 127.333508  71.473402  7.898
 45     2.286 53783.13659262 13.06 127.328428  71.470472  7.898
 45     2.215 53783.13659326 13.25 127.323348  71.467542  7.898
 45     1.979 53783.13659391 12.77 127.318268  71.464612  7.898
 45     1.679 53783.13659455 13.99 127.313191  71.461678  4.503
 46     1.492 53818.13655084 15.62 127.352234  71.497825  4.276
 46     1.744 53818.13655148 15.48 127.347145  71.494896  6.343
 46     1.837 53818.13655213 15.89 127.342055  71.491966  6.343
 46     1.910 53818.13655277 14.98 127.336965  71.489036  6.343
 46     1.839 53818.13655342 16.73 127.331875  71.486096  6.343
 46     1.746 53818.13655406 15.73 127.326795  71.483166  6.343
 46     1.591 53818.13655470 15.82 127.321715  71.480236  6.343
 46     1.532 53818.13655535 14.32 127.316625  71.477306  6.343
 46     1.323 53818.13655599 13.64 127.311545  71.474366  6.343
 46     1.225 53818.13655664 12.07 127.306475  71.471436  6.343
 47     1.181 53853.13663394 13.02 127.320582  71.461382  4.052
 47     1.115 53853.13663459 14.28 127.315512  71.458452  4.052
 47     1.355 53853.13663523 13.15 127.310432  71.455522  4.052
 48    15.308 53888.13663633  7.82 127.359947  71.482610  7.257
 48    19.230 53888.13663698 16.85 127.354857  71.479680  7.257
 48    15.885 53888.13663762 25.88 127.349777  71.476740  7.257
 48    17.289 53888.13663827 23.37 127.344687  71.473810  7.257
 48    18.834 53888.13663891 22.16 127.339607  71.470880  7.257
 48    18.680 53888.13663956 21.91 127.334524  71.467944 19.673
 48    18.470 53888.13664020 21.23 127.329444  71.465014 19.673
 48    18.835 53888.13664085 21.52 127.324364  71.462084 19.673
 48    18.139 53888.13664149 22.19 127.319294  71.459144 19.673
 48    20.387 53888.13664214 24.48 127.314214  71.456214 19.673
 50   173.466 53958.13669791  1.13 127.346419  71.489615  4.423
 50   167.965 53958.13669856  3.51 127.341329  71.486685  4.423
 50   158.328 53958.13669920  4.85 127.336239  71.483755  4.423
 50   170.077 53958.13669984  4.54 127.331159  71.480825  4.423
 50   159.304 53958.13670049  7.03 127.326069  71.477895  4.423
 50   166.739 53958.13670113  6.37 127.320989  71.474955  4.423
 50   172.859 53958.13670178  5.64 127.315909  71.472025  4.423
 50   161.601 53958.13670242  7.34 127.310829  71.469095  4.423
 50   172.981 53958.13670307  6.16 127.305749  71.466165  4.423
 51     7.385 53993.13662808 11.90 127.358523  71.469291  4.894
 51     7.478 53993.13662872 12.18 127.353433  71.466351  4.894
 51     7.359 53993.13662937 11.58 127.348353  71.463421  4.894
 51     7.122 53993.13663001 13.32 127.343273  71.460491  4.894
 51     7.247 53993.13663066 12.52 127.338193  71.457561  4.894
 51     7.325 53993.13663130 12.57 127.333113  71.454631  4.894
 51     7.405 53993.13663195 11.21 127.328033  71.451691  4.894
 51     7.459 53993.13663259 11.36 127.322953  71.448761  4.894
 51     7.377 53993.13663324 11.45 127.317883  71.445831  4.894
 51     7.403 53993.13663388 10.56 127.312813  71.442901  4.894
 51     7.466 53993.13663452 10.41 127.307733  71.439961  4.894
 51     7.359 53993.13663517  9.89 127.302663  71.437031  4.894
 52     5.522 54028.13668808 39.39 127.357817  71.477492 24.391
 52     5.441 54028.13668873 39.16 127.352737  71.474562 24.391
 52     5.331 54028.13668937 38.85 127.347647  71.471632 24.391
 52     5.322 54028.13669002 36.81 127.342567  71.468702 24.391
 52     5.284 54028.13669066 37.43 127.337477  71.465772 24.391
 52     5.250 54028.13669130 41.31 127.332397  71.462842 24.391
 52     5.326 54028.13669195 37.35 127.327317  71.459902 24.391
 52     5.299 54028.13669259 36.02 127.322247  71.456972 24.391
 52     5.268 54028.13669324 39.22 127.317167  71.454042 24.391
 52     5.357 54028.13669388 39.03 127.312087  71.451112 24.391
 53     2.307 54063.13668024 14.05 127.357635  71.487056  6.675
 53     2.207 54063.13668089 14.25 127.352545  71.484126  6.675
 53     2.291 54063.13668153 14.61 127.347455  71.481196  6.675
 53     2.162 54063.13668218 15.33 127.342375  71.478256  6.675
 53     2.302 54063.13668282 15.28 127.337285  71.475326  6.675
 53     2.381 54063.13668346 15.28 127.332205  71.472396  6.675
 53     2.447 54063.13668411 15.01 127.327125  71.469466  6.675
 53     2.480 54063.13668475 14.42 127.322045  71.466536  6.675
 53     2.401 54063.13668540 14.13 127.316965  71.463596  6.675
 53     2.216 54063.13668604 13.49 127.311885  71.460666  6.675
 54     2.910 54098.13664810 14.14 127.350937  71.493297  7.861
 54     3.202 54098.13664874 15.77 127.345847  71.490357  7.861
 54     3.929 54098.13664939 14.09 127.340757  71.487427  7.861
 54     4.612 54098.13665003 13.61 127.335667  71.484497  7.861
 54     3.178 54098.13665068 14.40 127.330587  71.481567  7.861
 54     3.106 54098.13665132 13.93 127.325497  71.478637  7.861
 54     5.726 54098.13665197 14.01 127.320417  71.475697  7.861
 54     5.929 54098.13665261 12.88 127.315337  71.472767  7.861
 54     3.312 54098.13665326 11.88 127.310257  71.469837  7.861
 54     2.975 54098.13665390 11.52 127.305177  71.466907  7.861
 55     2.618 54133.13660481  9.35 127.358742  71.477637  5.662
 55     2.725 54133.13660545  9.19 127.353652  71.474707  5.662
 55     2.760 54133.13660610 10.10 127.348572  71.471767  5.662
 55     2.937 54133.13660674  9.92 127.343482  71.468837  5.662
 55     2.993 54133.13660739 10.89 127.338402  71.465907  5.662
 55     3.039 54133.13660803 10.83 127.333322  71.462977  5.662
 55     3.053 54133.13660868  9.46 127.328242  71.460047  5.662
 55     2.784 54133.13660932  8.33 127.323162  71.457107  5.662
 55     2.877 54133.13660997  6.48 127.318082  71.454177  5.662
 55     2.547 54133.13661061  7.10 127.313012  71.451247  5.662
 56     2.597 54168.13662265  8.74 127.348200  71.489439  6.827
 56     2.556 54168.13662330  8.76 127.343120  71.486499  6.827
 56     2.452 54168.13662394  9.41 127.338030  71.483569  6.827
 56     2.602 54168.13662459  9.57 127.332940  71.480639  6.827
 56     2.461 54168.13662523  9.15 127.327860  71.477709  6.827
 56     2.605 54168.13662587  6.93 127.322780  71.474779  6.827
 56     2.569 54168.13662652  7.52 127.317700  71.471839  6.827
 56     2.364 54168.13662716  7.76 127.312620  71.468909  6.827
 56     2.334 54168.13662781  6.25 127.307540  71.465979  6.827
 57     3.173 54203.13660841  6.32 127.357717  71.479094  5.983
 57     1.900 54203.13660905  5.83 127.352627  71.476164  5.983
 57     2.133 54203.13660970  5.94 127.347547  71.473234  5.983
 57     2.148 54203.13661034  6.17 127.342457  71.470304  5.983
 57     2.143 54203.13661099  6.60 127.337377  71.467364  5.983
 57     2.253 54203.13661163  6.27 127.332297  71.464434  5.983
 57     2.328 54203.13661228  6.45 127.327217  71.461504  5.983
 57     2.166 54203.13661292  4.74 127.322140  71.458568  2.849
 57     2.064 54203.13661356  4.28 127.317060  71.455638  2.849
 57     1.823 54203.13661421  4.38 127.311980  71.452708  2.849
 59    11.343 54273.13666041 49.32 127.357095  71.487782 27.021
 59    11.508 54273.13666106 53.32 127.352005  71.484852 27.021
 59    11.480 54273.13666170 51.50 127.346925  71.481922 27.021
 59    11.342 54273.13666235 52.25 127.341835  71.478992 27.021
 59    11.336 54273.13666299 51.94 127.336755  71.476062 27.021
 59    11.262 54273.13666364 51.64 127.331665  71.473122 27.021
 59    11.274 54273.13666428 55.60 127.326585  71.470192 27.021
 59    11.486 54273.13666492 50.19 127.321505  71.467262 27.021
 59    11.405 54273.13666557 50.72 127.316425  71.464332 27.021
 59    11.424 54273.13666621 52.87 127.311345  71.461392 27.021
 60     6.616 54308.13666268 31.27 127.358691  71.486324  6.327
 60     6.619 54308.13666332 31.69 127.353611  71.483394  6.327
 60     6.484 54308.13666397 31.97 127.348521  71.480464  6.327
 60     6.336 54308.13666461 33.15 127.343431  71.477534  6.327
 60     6.290 54308.13666525 32.53 127.338351  71.474604  6.327
 60     6.347 54308.13666590 32.64 127.333261  71.471664  6.327
 60     6.341 54308.13666654 32.45 127.328181  71.468734  6.327
 60     6.333 54308.13666719 32.02 127.323101  71.465804  6.327
 60     6.384 54308.13666783 31.50 127.318021  71.462874  6.327
 60     6.458 54308.13666848 31.03 127.312941  71.459934  6.327
 61   172.313 54343.13664065  4.25 127.351823  71.491875  4.422
 61   170.964 54343.13664130  5.44 127.346733  71.488945  4.422
 61   174.313 54343.13664194  4.94 127.341653  71.486005  4.422
 61   171.480 54343.13664258  6.09 127.336563  71.483075  4.422
 61   171.943 54343.13664323  6.80 127.331473  71.480145  4.422
 61   168.033 54343.13664387  8.18 127.326393  71.477215  4.422
 61   169.949 54343.13664452  7.89 127.321313  71.474275  4.422
 61   170.863 54343.13664516  8.82 127.316233  71.471345  4.422
 61   172.162 54343.13664581  9.04 127.311153  71.468415  4.422
 61   173.389 54343.13664645  9.46 127.306073  71.465485  4.422
 62     4.517 54378.13659906  9.43 127.356128  71.481037  4.815
 62     5.134 54378.13659970  9.68 127.351048  71.478097  4.815
 62     5.181 54378.13660035 10.13 127.345958  71.475167  4.815
 62     4.591 54378.13660099 11.54 127.340868  71.472237  4.815
 62     9.377 54378.13660164 11.21 127.335788  71.469307  4.815
 62     4.549 54378.13660228 11.52 127.330708  71.466377  4.815
 62     4.542 54378.13660293 11.72 127.325628  71.463437  4.815
 62     4.567 54378.13660357 12.17 127.320548  71.460507  4.815
 62     4.606 54378.13660422 10.20 127.315468  71.457577  4.815
 63     3.325 54413.13658905 14.43 127.352843  71.487238  7.892
 63     3.282 54413.13658970 16.32 127.347753  71.484298  7.892
 63     3.426 54413.13659034 16.71 127.342673  71.481368  7.892
 63     3.518 54413.13659099 18.20 127.337583  71.478438  7.892
 63     3.557 54413.13659163 18.69 127.332503  71.475508  7.892
 63     3.399 54413.13659227 17.39 127.327413  71.472578  7.892
 63     3.295 54413.13659292 17.01 127.322333  71.469638  7.892
 63     3.325 54413.13659356 16.67 127.317253  71.466708  7.892
 63     3.457 54413.13659421 15.72 127.312183  71.463778  7.892
 65     3.070 54483.13658277  3.12 127.354896  71.484162  3.832
 65     2.828 54483.13658341  3.36 127.349806  71.481232  3.832
 65     2.858 54483.13658406  3.79 127.344716  71.478302  3.832
 65     3.008 54483.13658470  3.54 127.339636  71.475362  3.832
 65     3.174 54483.13658535  3.97 127.334546  71.472432  3.832
 65     3.037 54483.13658599  3.98 127.329466  71.469502  3.832
 65     2.605 54483.13658664  4.49 127.324386  71.466572  3.832
 65     2.645 54483.13658728  4.62 127.319306  71.463632  3.832
 65     2.518 54483.13658793  4.52 127.314226  71.460702  3.832
 66     2.110 54518.13657910  3.45 127.358846  71.479594  2.689
 66     2.384 54518.13657975  3.63 127.353756  71.476664  2.689
 66     2.311 54518.13658039  3.94 127.348666  71.473724  2.689
 66     2.432 54518.13658104  4.13 127.343581  71.470798  3.857
 66     2.448 54518.13658168  4.33 127.338501  71.467868  3.857
 66     2.481 54518.13658232  3.87 127.333421  71.464928  3.857
 66     2.366 54518.13658297  4.78 127.328341  71.461998  3.857
 66     2.329 54518.13658361  4.39 127.323261  71.459068  3.857
 66     2.045 54518.13658426  5.10 127.318181  71.456138  3.857
 66     2.176 54518.13658490  5.19 127.313101  71.453208  3.857
 67     3.345 54553.13659404  1.93 127.350080  71.490272  5.018
 67     3.877 54553.13659468  1.33 127.344990  71.487342  5.018
 67     4.328 54553.13659533  1.48 127.339900  71.484412  5.018
 67     2.233 54553.13659597  1.44 127.334820  71.481472  5.018
 67     3.091 54553.13659662  2.12 127.329730  71.478542  5.018
 67     3.916 54553.13659726  2.26 127.324650  71.475612  5.018
 67     3.636 54553.13659791  1.82 127.319570  71.472682  5.018
 67     2.695 54553.13659855  2.51 127.314489  71.469750  2.904
 67     2.710 54553.13659920  2.32 127.309409  71.466810  2.904
 68     1.603 54588.13657396  1.67 127.358030  71.484124  2.826
 68     1.993 54588.13657460  1.62 127.352950  71.481194  2.826
 68     2.018 54588.13657525  1.82 127.347860  71.478254  2.826
 68     1.952 54588.13657589  2.24 127.342770  71.475324  2.826
 68     1.973 54588.13657654  2.49 127.337690  71.472394  2.826
 68     2.034 54588.13657718  2.39 127.332610  71.469460  3.244
 68     2.058 54588.13657782  2.04 127.327520  71.466530  3.244
 68     2.100 54588.13657847  2.28 127.322440  71.463600  3.244
 68     1.633 54588.13657911  2.77 127.317370  71.460660  3.244
 68     1.667 54588.13657976  2.50 127.312290  71.457730  3.244
 69    13.946 54623.13659131  9.53 127.356257  71.488137  4.072
 69    13.957 54623.13659196  9.27 127.351167  71.485207  4.072
 69    13.998 54623.13659260  9.90 127.346077  71.482267  4.072
 69    14.012 54623.13659325 10.10 127.340997  71.479337  4.072
 69    13.898 54623.13659389 11.81 127.335907  71.476407  4.072
 69    13.943 54623.13659454 10.97 127.330827  71.473477  4.072
 69    13.889 54623.13659518 11.21 127.325737  71.470541  4.911
 69    13.923 54623.13659583 10.27 127.320667  71.467611  4.911
 69    13.953 54623.13659647 11.33 127.315587  71.464681  4.911
 69    14.027 54623.13659712 11.43 127.310507  71.461741  4.911
 70   165.489 54658.13660159  1.52 127.347835  71.482875  2.569
 70   165.840 54658.13660224  3.64 127.342755  71.479945  2.569
 70   165.616 54658.13660288  3.65 127.337665  71.477005  2.569
 70   167.929 54658.13660353  3.01 127.332585  71.474075  2.569
 70   168.728 54658.13660417  3.06 127.327495  71.471145  2.569
 70   170.091 54658.13660482  3.66 127.322420  71.468208  8.574
 70   169.353 54658.13660546  3.12 127.317340  71.465278  8.574
 70   170.759 54658.13660611  2.93 127.312260  71.462348  8.574
 71   145.826 54693.13658340  7.68 127.343757  71.483629  3.749
 71   158.184 54693.13658405  5.90 127.338677  71.480689  3.749
 71   158.330 54693.13658469  6.71 127.333587  71.477759  3.749
 71   169.437 54693.13658534  4.96 127.328507  71.474829  3.749
 71   159.971 54693.13658598  7.12 127.323427  71.471899  3.749
 71   165.273 54693.13658663  6.85 127.318347  71.468969  3.749
 71   155.411 54693.13658727  8.17 127.313267  71.466035 11.120
 72     8.426 54728.13655502 25.37 127.358899  71.481101  4.936
 72     8.160 54728.13655566 26.24 127.353809  71.478171  4.936
 72     8.111 54728.13655631 27.01 127.348729  71.475231  4.936
 72     8.054 54728.13655695 28.82 127.343639  71.472301  4.936
 72     8.588 54728.13655760 31.29 127.338554  71.469371 12.589
 72     8.370 54728.13655824 29.81 127.333474  71.466441 12.589
 72     8.400 54728.13655889 30.29 127.328394  71.463511 12.589
 72     8.585 54728.13655953 34.36 127.323314  71.460571 12.589
 72     8.585 54728.13656017 35.86 127.318234  71.457641 12.589
 72     8.623 54728.13656082 37.34 127.313164  71.454711 12.589
 73     4.989 54763.13656042 29.73 127.353712  71.486018 12.713
 73     5.136 54763.13656106 31.46 127.348622  71.483088 12.713
 73     5.044 54763.13656171 32.96 127.343542  71.480158 12.713
 73     4.977 54763.13656235 33.20 127.338452  71.477218 12.713
 73     4.981 54763.13656300 32.86 127.333372  71.474288 12.713
 73     4.922 54763.13656364 31.55 127.328292  71.471358 12.713
 73     5.092 54763.13656429 35.58 127.323211  71.468423 11.419
 73     5.057 54763.13656493 32.64 127.318131  71.465493 11.419
 73     4.835 54763.13656558 28.24 127.313051  71.462563 11.419
 74     2.721 54798.13654857  9.37 127.361121  71.479501  4.531
 74     2.975 54798.13654922  9.65 127.356031  71.476571  4.531
 74     2.927 54798.13654986 10.12 127.350951  71.473641  4.531
 74     2.927 54798.13655051 10.40 127.345863  71.470707  4.432
 74     2.945 54798.13655115 10.05 127.340773  71.467777  4.432
 74     2.927 54798.13655180 10.93 127.335693  71.464837  4.432
 74     2.781 54798.13655244 10.50 127.330613  71.461907  4.432
 74     2.656 54798.13655308 10.90 127.325533  71.458977  4.432
 74     2.599 54798.13655373 10.46 127.320453  71.456047  4.432
 74     2.632 54798.13655437  9.51 127.315383  71.453107  4.432
 76     2.972 54868.13654523  8.03 127.356988  71.477077  4.515
 76     2.975 54868.13654587  8.01 127.351898  71.474147  4.515
 76     3.182 54868.13654652  8.83 127.346820  71.471214  4.492
 76     3.087 54868.13654716  9.35 127.341730  71.468274  4.492
 76     2.756 54868.13654780  9.99 127.336650  71.465344  4.492
 76     2.910 54868.13654845  8.55 127.331570  71.462414  4.492
 76     2.632 54868.13654909  9.35 127.326490  71.459484  4.492
 76     2.531 54868.13654974  8.50 127.321410  71.456554  4.492
 76     2.465 54868.13655038  8.44 127.316340  71.453614  4.492
 76     2.333 54868.13655103  8.43 127.311260  71.450684  4.492
 77     2.134 54903.13655946 10.20 127.351016  71.491979  5.810
 77     2.317 54903.13656010  9.28 127.345926  71.489049  5.810
 77     2.374 54903.13656075  8.66 127.340836  71.486119  5.810
 77     2.612 54903.13656139  8.14 127.335746  71.483179  5.810
 77     5.061 54903.13656204  6.99 127.330666  71.480249  5.810
 77     5.346 54903.13656268  6.54 127.325576  71.477319  5.810
 77     5.375 54903.13656333  6.48 127.320496  71.474389  5.810
 77     4.496 54903.13656397  7.57 127.315411  71.471450  3.761
 77     4.408 54903.13656461  7.66 127.310331  71.468520  3.761
 78     2.164 54938.13653444  5.91 127.360257  71.483513  5.193
 78     3.045 54938.13653508  5.86 127.355165  71.480580  3.974
 78     3.067 54938.13653573  5.75 127.350075  71.477640  3.974
 78     3.606 54938.13653637  5.30 127.344995  71.474710  3.974
 78     3.915 54938.13653702  5.91 127.339905  71.471780  3.974
 78     3.760 54938.13653766  5.56 127.334825  71.468850  3.974
 78     1.959 54938.13653830  6.59 127.329745  71.465920  3.974
 78     2.003 54938.13653895  6.95 127.324665  71.462980  3.974
 78     1.861 54938.13653959  5.36 127.319585  71.460050  3.974
 78     1.623 54938.13654024  5.20 127.314505  71.457120  3.974
 79     6.826 54973.13656611 19.27 127.357634  71.485091 12.466
 79     4.355 54973.13657062 28.49 127.322041  71.464567 22.472
 79     4.400 54973.13657127 32.61 127.316971  71.461627 22.472
 79     4.530 54973.13657191 34.61 127.311891  71.458697 22.472
 80    10.104 55008.13658118 45.85 127.356063  71.489772 28.581
 80    10.102 55008.13658183 48.31 127.350973  71.486842 28.581
 80    10.064 55008.13658247 48.04 127.345893  71.483912 28.581
 80    10.061 55008.13658312 49.70 127.340803  71.480982 28.581
 80    10.033 55008.13658376 50.01 127.335713  71.478052 28.581
 80    10.043 55008.13658440 53.22 127.330633  71.475112 28.581
 80    10.104 55008.13658505 53.30 127.325553  71.472182 28.581
 80    10.179 55008.13658569 51.34 127.320473  71.469252 28.581
 80    10.110 55008.13658634 51.13 127.315393  71.466322 28.581
 80    10.092 55008.13658698 52.48 127.310313  71.463382 28.581
 82   171.901 55078.13654821  2.76 127.354999  71.492617  3.537
 82   169.062 55078.13654886  5.21 127.349909  71.489687  3.537
 82   169.458 55078.13654950  5.31 127.344819  71.486757  3.537
 82   157.757 55078.13655015  7.82 127.339739  71.483827  3.537
 82   159.857 55078.13655079  8.34 127.334649  71.480887  3.537
 82   168.594 55078.13655144  8.74 127.329569  71.477957  3.537
 82   167.551 55078.13655208  9.57 127.324479  71.475027  3.537
 82   149.982 55078.13655272 12.09 127.319399  71.472097  3.537
 83     4.835 55113.13650400  9.10 127.358640  71.483027  3.541
 83     4.905 55113.13650464  9.99 127.353550  71.480097  3.541
 83     4.996 55113.13650529  9.55 127.348460  71.477157  3.541
 83     4.917 55113.13650593 10.21 127.343380  71.474227  3.541
 83     4.983 55113.13650658 10.20 127.338290  71.471297  3.541
 83     4.952 55113.13650722 10.46 127.333208  71.468366  4.407
 83     4.895 55113.13650786 11.35 127.328128  71.465436  4.407
 83     5.060 55113.13650851  9.32 127.323048  71.462506  4.407
 83     5.042 55113.13650915  8.65 127.317968  71.459566  4.407
 83     5.129 55113.13650980  8.30 127.312898  71.456636  4.407
 84     2.454 55148.13650431  8.41 127.354385  71.487251  4.541
 84     2.707 55148.13650496  8.36 127.349295  71.484321  4.541
 84     2.858 55148.13650560  7.12 127.344205  71.481391  4.541
 84     3.006 55148.13650625  7.61 127.339125  71.478451  4.541
 84     3.158 55148.13650689  6.28 127.334035  71.475521  4.541
 84     3.341 55148.13650754  4.88 127.328955  71.472591  4.541
 84     4.458 55148.13650818  4.43 127.323872  71.469656  2.814
 84     4.714 55148.13650883  3.83 127.318792  71.466726  2.814
 84     4.645 55148.13650947  3.42 127.313712  71.463796  2.814
 85     2.136 55183.13648587  5.72 127.359909  71.479336  4.555
 85     2.711 55183.13648652  4.71 127.354819  71.476406  4.555
 85     3.343 55183.13648716  3.86 127.349739  71.473466  4.555
 85     3.921 55183.13648781  3.81 127.344656  71.470540  3.545
 85     4.375 55183.13648845  3.97 127.339566  71.467610  3.545
 85     4.463 55183.13648910  2.80 127.334486  71.464680  3.545
 85     4.426 55183.13648974  2.62 127.329406  71.461740  3.545
 85     4.247 55183.13649039  2.05 127.324326  71.458810  3.545
 85     4.004 55183.13649103  1.92 127.319246  71.455880  3.545
 85     3.502 55183.13649168  2.24 127.314166  71.452950  3.545
 87     4.270 55253.13648242  1.43 127.355233  71.477998  6.573
 87     5.175 55253.13648307  1.71 127.350153  71.475068  6.573
 87     4.961 55253.13648371  1.32 127.345060  71.472134  2.583
 87     5.498 55253.13648436  0.78 127.339980  71.469204  2.583
 87     4.889 55253.13648500  0.14 127.334900  71.466264  2.583
 87     4.908 55253.13648565  0.38 127.329820  71.463334  2.583
 87     5.127 55253.13648629  0.19 127.324740  71.460404  2.583
 87     4.821 55253.13648694  0.31 127.319660  71.457474  2.583
 87     4.224 55253.13648758  0.22 127.314590  71.454534  2.583
 88     1.514 55288.13649184  5.05 127.346638  71.489830  3.729
 88     3.241 55288.13649249  4.52 127.341548  71.486900  3.729
 88     3.461 55288.13649313  4.49 127.336458  71.483960  3.729
 88     3.433 55288.13649377  3.61 127.331378  71.481030  3.729
 88     4.846 55288.13649442  2.46 127.326288  71.478100  3.729
 88     4.975 55288.13649506  2.12 127.321208  71.475170  3.729
 88     5.303 55288.13649571  1.92 127.316128  71.472230  3.729
 88     5.581 55288.13649635  1.52 127.311046  71.469305  2.679
 88     5.497 55288.13649700  0.77 127.305966  71.466365  2.679
 89     3.565 55323.13646890  3.26 127.353181  71.486163  3.950
 89     4.885 55323.13646955  2.19 127.348091  71.483233  3.950
 89     5.532 55323.13647019  2.68 127.343001  71.480293  3.950
 89     6.381 55323.13647084  1.52 127.337921  71.477363  3.950
 89     6.519 55323.13647148  1.66 127.332841  71.474433  3.950
 89     7.068 55323.13647213  1.68 127.327751  71.471503  3.950
 89     6.554 55323.13647277  0.92 127.322671  71.468564  2.292
 89     6.703 55323.13647342  0.61 127.317591  71.465634  2.292
 89     6.705 55323.13647406  0.32 127.312511  71.462704  2.292
 90   176.437 55358.13646782  5.14 127.352478  71.486696  4.925
 90   176.792 55358.13646846  5.21 127.347398  71.483766  4.925
 90   177.233 55358.13646911  5.97 127.342308  71.480826  4.925
 90   177.801 55358.13646975  6.20 127.337218  71.477896  4.925
 90   179.475 55358.13647040  6.97 127.332138  71.474966  4.925
 90   177.455 55358.13647104  8.14 127.327058  71.472036  4.925
 90   178.029 55358.13647169  8.89 127.321974  71.469099  8.027
 90   181.324 55358.13647233  8.06 127.316894  71.466169  8.027
 90   181.279 55358.13647298  8.75 127.311814  71.463239  8.027
 92   157.398 55428.13648616  2.42 127.338498  71.475186  2.490
 92   166.073 55428.13648680  1.28 127.333408  71.472256  2.490
 92   173.640 55428.13648745  0.64 127.328328  71.469326  2.490
 92   171.007 55428.13648809  1.86 127.323246  71.466388  4.505
 92   172.486 55428.13648874  1.51 127.318166  71.463458  4.505
 92   175.300 55428.13648938  1.45 127.313096  71.460528  4.505
 93     4.168 55463.13644700 16.31 127.350971  71.491440 11.152
 93     4.471 55463.13644764 16.17 127.345881  71.488510 11.152
 93     4.785 55463.13644828 16.25 127.340791  71.485580 11.152
 93     5.693 55463.13644893 15.52 127.335701  71.482650 11.152
 93     6.275 55463.13644957 15.91 127.330621  71.479720 11.152
 93     6.347 55463.13645022 19.86 127.325541  71.476780 11.152
 93     5.230 55463.13645086 21.63 127.320451  71.473850 11.152
 93     4.749 55463.13645151 28.46 127.315371  71.470920 11.152
 93     4.861 55463.13645215 28.67 127.310301  71.467990 11.152
