# NaN NaN NaN ;Mean Elev.(m), Avg Gradient(m/km), RMS Gradient(m/km) - SRTM1     
#   -6.942  -4.991  35.752 ;Mean Elev.(m), Avg Gradient(m/km), RMS Gradient(m/km) - ASTER GDEM
#    9.003  -6.173  36.714 ;Mean Elev.(m), Avg Gradient(m/km), RMS Gradient(m/km) - GMTED2010 
 10 127.498085  70.933659     5.282     5.295  8 52567.49135037 29.675
 11 127.502382  70.938507     0.621     0.619  7 52602.49135293 14.150
 12 127.493524  70.929005     1.442     1.471  9 52637.49132157 10.762
 13 127.499985  70.938816     1.146     1.210  8 52672.49132518  7.175
 14 127.495105  70.932500     1.158     1.181  8 52707.49132810  7.312
 18 127.489154  70.932671    36.962    45.035  7 52847.49143440  7.354
 20 127.506851  70.940397     8.398     7.701  8 52917.49142852 10.320
 21 127.492340  70.931151     1.733     1.741  9 52952.49138899 22.472
 22 127.503707  70.937009     1.136     1.145  8 52987.49140321 13.714
 23 127.504702  70.941689     1.365     1.373  7 53022.49139247 11.998
 24 127.499755  70.935612     1.249     1.257  8 53057.49138398  8.421
 25 127.502712  70.939293     1.116     1.089  7 53092.49142241  7.020
 26 127.495484  70.932988     1.116     1.144  9 53127.49139255  7.315
 27 127.496285  70.933616    14.623    15.297  8 53162.49145660 28.827
 31 127.491167  70.928657     7.021     7.027  9 53302.49145680 32.264
 32 127.501418  70.937875     2.653     2.671  8 53337.49142801 17.993
 33 127.511345  70.943690     2.938     2.945  7 53372.49136356 12.107
 35 127.509778  70.943214     2.196     2.158  6 53442.49138682  7.242
 36 127.492905  70.931317     2.031     2.165  9 53477.49145690  5.530
 37 127.497798  70.936411     6.657     6.770  8 53512.49146923 27.154
 38 127.501191  70.936302    11.447    11.276  8 53547.49148680 13.431
 39 127.502772  70.939538    11.301    11.896  8 53582.49145639 10.470
 41 127.495533  70.934153     7.654     4.729  9 53652.49142999 13.125
 42 127.500263  70.934839     2.350     2.349  8 53687.49143228 24.428
 43 127.511593  70.943253     3.233     3.256  7 53722.49135876 13.086
 44 127.495722  70.934106     2.639     2.617  9 53757.49129160 11.650
 45 127.504436  70.939606     2.058     2.054  7 53792.49131629  8.404
 46 127.482945  70.936674     2.162     2.081  6 53827.49128291  6.525
 49 127.496470  70.933383     8.252     8.477  9 53932.49143851 14.597
 50 127.499236  70.937472     8.631     8.140  8 53967.49141304 11.329
 52 127.496765  70.935526     5.739     5.713  8 54037.49141616 21.197
 53 127.501008  70.937924     2.682     2.768  8 54072.49141081 15.085
 54 127.510261  70.943630     3.561     3.563  6 54107.49136089  7.957
 55 127.503812  70.927664    10.185    10.113  5 54142.49134402  2.447
 58 127.499019  70.934255    25.235    22.202  8 54247.49138164 29.657
 62 127.499593  70.935019     4.245     4.308  8 54387.49132880 40.860
 63 127.505330  70.938957     2.413     2.437  8 54422.49130524 11.820
 64 127.494245  70.930826     2.138     2.319  9 54457.49130206 11.930
 65 127.505343  70.938961     3.483     3.357  7 54492.49130796  5.150
 70 127.499615  70.936627    14.346    14.544  9 54667.49133035  8.263
 72 127.495220  70.931977     8.729     8.734  9 54737.49129048 27.507
 73 127.503779  70.939513     5.496     5.375  7 54772.49127805 12.919
 76 127.497555  70.933946     2.633     2.635  8 54877.49128643  4.939
 78 127.493755  70.934967   172.737   161.572  6 54947.49127943  0.537
 79 127.498885  70.936083    13.822    13.823  9 54982.49130506 38.213
 80 127.500308  70.936810    10.672     9.404  8 55017.49130415 11.267
 81 127.501723  70.938222     7.434     7.098  7 55052.49129971 16.785
 82 127.505786  70.942800     6.208     6.253  7 55087.49126354 50.042
 83 127.495340  70.934702     4.790     4.822  9 55122.49123444 28.173
 84 127.503167  70.939512     2.087     2.094  7 55157.49122353 15.241
 85 127.493595  70.931574     2.684     2.725  8 55192.49122371 13.597
 86 127.504813  70.939088     2.510     2.515  8 55227.49122461  8.551
 89 127.501909  70.935960     1.479     1.344  8 55332.49119917 33.162
 90 127.503236  70.938405    11.434    10.697  8 55367.49119165 14.440
 93 127.511022  70.941204     6.313     6.262  7 55472.49115910 10.452
