# NaN NaN NaN ;Mean Elev.(m), Avg Gradient(m/km), RMS Gradient(m/km) - SRTM1     
#    3.313  -0.982  14.043 ;Mean Elev.(m), Avg Gradient(m/km), RMS Gradient(m/km) - ASTER GDEM
#    1.411   0.055   0.751 ;Mean Elev.(m), Avg Gradient(m/km), RMS Gradient(m/km) - GMTED2010 
  8     2.783 52507.48175528 23.16 127.840623  72.733781 32.476
  8     2.719 52507.48175592 23.71 127.834832  72.736650 31.263
 11     0.151 52612.48175229 17.94 127.841797  72.733766  3.266
 11     0.194 52612.48175294 18.33 127.836007  72.736636  3.266
 13     0.675 52682.48170819 15.27 127.851213  72.733854  3.083
 13     0.465 52682.48170883 15.13 127.845423  72.736724  3.083
 13     0.367 52682.48170948 15.20 127.839633  72.739594  3.083
 15     1.470 52752.48179186 10.04 127.836885  72.733530  1.993
 15     3.037 52752.48179251  9.71 127.831085  72.736402  2.212
 20     0.884 52927.48183966 39.34 127.852736  72.733984 20.494
 20     0.921 52927.48184030 46.68 127.846946  72.736854 20.494
 20     0.895 52927.48184095 52.08 127.841156  72.739724 20.494
 23     1.416 53032.48181053 11.58 127.848509  72.735287  2.487
 23     0.293 53032.48181117 11.33 127.842719  72.738167  2.487
 23     2.480 53032.48181182 11.09 127.836929  72.741037  2.487
 25     1.400 53102.48181372  8.28 127.852488  72.734209  2.096
 25     1.238 53102.48181437  8.46 127.846708  72.737079  2.096
 25     2.267 53102.48181501  7.84 127.840908  72.739949  2.096
 28     4.770 53207.48188585 23.87 127.836606  72.732204 20.710
 28     4.148 53207.48188650 23.47 127.830816  72.735074 20.710
 29     5.188 53242.48185350 27.53 127.846404  72.733876 24.730
 29     5.348 53242.48185415 24.55 127.840614  72.736746 24.730
 29     4.844 53242.48185479 24.70 127.834824  72.739616 24.730
 32     0.646 53347.48182774 20.40 127.837474  72.735376  4.116
 32     0.596 53347.48182839 20.61 127.831674  72.738246  4.116
 34     0.748 53417.48180645 19.51 127.838996  72.734841  4.453
 34     0.533 53417.48180710 20.06 127.833196  72.737711  4.453
 37     3.171 53522.48188310 40.82 127.836637  72.733363 24.142
 37     3.794 53522.48188374 33.70 127.830847  72.736233 24.142
 39     5.453 53592.48184531 31.50 127.851685  72.736277 30.543
 39     5.477 53592.48184595 28.24 127.845895  72.739147 30.543
 39     5.264 53592.48184660 21.14 127.840095  72.742027 30.543
 42     0.743 53697.48182548 19.90 127.845416  72.733176  3.612
 42     0.430 53697.48182612 20.77 127.839626  72.736046  3.612
 42     0.523 53697.48182677 21.00 127.833836  72.738916  3.612
 43     0.449 53732.48174880 20.68 127.850696  72.738481  3.359
 43     1.058 53732.48174945 19.91 127.844906  72.741351  3.359
 45     0.292 53802.48172406 15.61 127.852253  72.734349  3.068
 45     0.597 53802.48172470 14.95 127.846463  72.737219  3.068
 45     0.753 53802.48172535 16.16 127.840673  72.740089  3.068
 50     5.235 53977.48180848 28.55 127.850471  72.732702 23.195
 50     5.354 53977.48180913 26.62 127.844681  72.735582 23.195
 50     5.132 53977.48180977 23.78 127.838891  72.738452 23.195
 52     0.011 54047.48182642 28.80 127.835633  72.733676  8.849
 52     0.025 54047.48182706 45.31 127.829833  72.736546  8.849
 54     0.096 54117.48175115 16.74 127.849014  72.739609  2.892
 54     1.035 54117.48175180 15.89 127.843224  72.742479  2.892
 56     0.880 54187.48174388 11.85 127.851949  72.735675  2.264
 56     0.042 54187.48174453 12.26 127.846167  72.738549  2.306
 56     0.555 54187.48174517 12.31 127.840367  72.741419  2.306
 58     5.021 54257.48180353 33.10 127.837787  72.731681 28.522
 58     4.936 54257.48180417 30.56 127.831994  72.734550 22.170
 60     1.156 54327.48180252 37.55 127.838122  72.735569 39.016
 60     1.094 54327.48180317 48.98 127.832332  72.738449 39.016
 61     5.452 54362.48175196 33.09 127.850881  72.737778 27.642
 61     5.438 54362.48175260 22.66 127.845100  72.740653 22.139
 63    -0.036 54432.48170128 14.19 127.849111  72.735404  2.638
 63     0.043 54432.48170193 14.80 127.843311  72.738284  2.638
 63    -0.091 54432.48170257 14.97 127.837521  72.741154  2.638
 65     1.382 54502.48171630 10.77 127.845661  72.734356  2.491
 65     1.034 54502.48171694 11.42 127.839871  72.737236  2.491
 65     1.537 54502.48171759 11.08 127.834081  72.740106  2.491
 66     1.428 54537.48173947  9.61 127.834998  72.734741  2.678
 66     0.519 54537.48174012 11.30 127.829208  72.737611  2.678
 67     1.674 54572.48171771  8.68 127.852086  72.734456  2.245
 67     1.735 54572.48171835  8.66 127.846296  72.737326  2.245
 67     1.812 54572.48171900  9.36 127.840506  72.740196  2.245
 69     5.014 54642.48174119 24.87 127.839501  72.732906 26.267
 69     4.949 54642.48174184 21.77 127.833711  72.735776 26.267
 71     5.519 54712.48169772 30.83 127.847299  72.738393 29.805
 71     3.134 54712.48169837 28.31 127.841509  72.741263 29.805
 73     0.461 54782.48168337 25.00 127.841550  72.734021  4.291
 73     0.181 54782.48168402 25.64 127.835760  72.736891  4.291
 75     0.831 54852.48168029 18.83 127.848991  72.731519  3.334
 75     0.657 54852.48168094 19.21 127.843201  72.734389  3.334
 75     0.569 54852.48168158 20.42 127.837411  72.737259  3.334
 77     0.449 54922.48168159 15.55 127.851751  72.736889  2.678
 77     0.377 54922.48168223 15.82 127.845961  72.739759  2.678
 77     0.549 54922.48168288 15.59 127.840171  72.742629  2.678
 80     5.035 55027.48171908 22.57 127.838643  72.734729 24.021
 80     4.346 55027.48171972 26.11 127.832843  72.737609 24.021
 81     4.661 55062.48171172 25.73 127.836327  72.734073 23.973
 81     4.243 55062.48171236 24.46 127.830537  72.736943 23.973
 82     5.593 55097.48165963 32.23 127.851116  72.737988 27.352
 82     5.323 55097.48166027 23.00 127.845326  72.740858 27.352
 84     0.870 55167.48162087 15.29 127.849983  72.731712  2.756
 84     1.001 55167.48162152 14.78 127.844193  72.734582  2.756
 84     0.879 55167.48162216 15.19 127.838403  72.737452  2.756
 86     1.172 55237.48162819 12.16 127.851288  72.732545  2.578
 86     1.308 55237.48162884 12.03 127.845498  72.735415  2.578
 86     1.325 55237.48162948 11.88 127.839708  72.738285  2.578
 87     1.155 55272.48164130 11.13 127.837641  72.732997  2.650
 87     1.244 55272.48164195 11.19 127.831841  72.735877  2.650
 88     1.358 55307.48161158 10.39 127.848955  72.737853  2.462
 88     1.705 55307.48161222 10.13 127.843165  72.740723  2.462
 89     1.576 55342.48161070 31.49 127.838147  72.731837 18.466
 89     3.943 55342.48161134 27.74 127.832357  72.734707 18.466
 90     5.262 55377.48160432 28.99 127.846481  72.732409 23.640
 90     5.244 55377.48160497 24.45 127.840681  72.735279 23.640
 90     5.072 55377.48160561 23.27 127.834891  72.738159 23.640
 92     4.875 55447.48161916 25.90 127.841052  72.733781 23.051
 92     4.676 55447.48161981 23.81 127.835262  72.736651 23.051
