# NaN NaN NaN ;Mean Elev.(m), Avg Gradient(m/km), RMS Gradient(m/km) - SRTM1     
#  190.586 -13.867  38.211 ;Mean Elev.(m), Avg Gradient(m/km), RMS Gradient(m/km) - ASTER GDEM
#  127.613 -13.527  35.566 ;Mean Elev.(m), Avg Gradient(m/km), RMS Gradient(m/km) - GMTED2010 
 10 121.852800  60.563827   131.389   125.986  3 52562.12095031 21.684
 12 121.852314  60.563073   116.993   116.956  3 52632.12090826 11.133
 13 121.843486  60.563900   121.330   121.398  3 52667.12092814  2.993
 14 121.862777  60.563468   118.099   117.019  3 52702.12089802  3.992
 16 121.835970  60.561610   121.595   121.595  2 52772.12090993 18.258
 17 121.853106  60.563823   122.337   122.406  3 52807.12096388 41.568
 20 121.845109  60.563614   117.488   117.654  3 52912.12102005 16.325
 21 121.864619  60.564519   116.584   116.510  3 52947.12097614 32.785
 28 121.850200  60.564302   132.071   131.091  3 53192.12104385  9.261
 29 121.845367  60.562919   120.849   120.973  3 53227.12104551 27.067
 30 121.831527  60.563087   123.355   122.178  3 53262.12101925  7.989
 31 121.842086  60.564240   122.493   122.772  3 53297.12105462  6.584
 38 121.841046  60.563452   125.616   125.746  3 53542.12107884 29.314
 39 121.837819  60.564509   123.626   124.579  3 53577.12106624 45.004
 40 121.831799  60.562983   120.536   120.165  3 53612.12101886  9.353
 41 121.855626  60.565163   116.962   117.056  3 53647.12102251 34.337
 43 121.841521  60.564828   128.604   129.682  3 53717.12096623  4.100
 50 121.832501  60.563192   123.910   124.148  3 53962.12101989 20.781
 51 121.865516  60.564210   180.155   180.073  3 53997.12096256  5.153
 52 121.854491  60.564229   123.548   123.548  2 54032.12101452 26.901
 53 121.845075  60.563606   126.038   124.984  3 54067.12100893  6.019
 54 121.835608  60.563260   121.334   121.387  3 54102.12096981  3.295
 59 121.847810  60.565818   127.393   127.537  3 54277.12098827 19.649
 60 121.847273  60.564949   123.649   123.643  3 54312.12098927 29.259
 61 121.837742  60.564651   126.550   125.522  4 54347.12096227  9.917
 62 121.852885  60.565341   121.719   121.615  3 54382.12092612 26.207
 65 121.845835  60.563000   133.556   133.556  2 54487.12090872  2.165
 70 121.845156  60.564580   120.358   120.105  3 54662.12092826  9.902
 71 121.840196  60.563873   122.594   122.392  3 54697.12090403 44.409
 73 121.845237  60.563970   121.039   121.466  3 54767.12088326 29.671
 74 121.851531  60.563678   118.163   117.798  3 54802.12087862 18.253
 75 121.844354  60.562785   117.821   117.841  3 54837.12087581 10.861
 77 121.835398  60.564245   124.955   123.244  4 54907.12088364  2.375
 80 121.843142  60.563857   125.102   124.358  3 55012.12090628 12.989
 82 121.836627  60.564151   121.988   120.099  3 55082.12087026 26.715
 83 121.852410  60.564493   122.299   122.603  3 55117.12082992 43.989
 84 121.842253  60.563820   122.505   122.184  3 55152.12082823 15.779
 85 121.851989  60.564323   120.434   120.434  2 55187.12081663  8.220
 86 121.842785  60.564304   129.421   126.798  3 55222.12082671  2.798
 87 121.850217  60.564328   130.299   133.018  3 55257.12081286  1.046
 88 121.836718  60.563806   123.201   123.238  4 55292.12081497  0.480
 91 121.851912  60.565006   131.282   128.173  3 55397.12080033  9.055
 92 121.846784  60.562896   120.849   121.020  3 55432.12080853 10.395
