# NaN NaN NaN ;Mean Elev.(m), Avg Gradient(m/km), RMS Gradient(m/km) - SRTM1     
#   97.063  -6.816  15.740 ;Mean Elev.(m), Avg Gradient(m/km), RMS Gradient(m/km) - ASTER GDEM
#   89.865  -7.641  17.242 ;Mean Elev.(m), Avg Gradient(m/km), RMS Gradient(m/km) - GMTED2010 
  8 127.267929  61.110693   102.583   101.622  9 52499.10685770 41.783
 10 127.268196  61.096954   107.919   107.798  9 52569.10687626 37.176
 11 127.258321  61.102711   100.416   100.555 13 52604.10686155 17.745
 13 127.248166  61.083843    98.666    98.666  2 52674.10684142  8.662
 14 127.263147  61.088854    98.496    98.512  4 52709.10685354  8.497
 15 127.256136  61.101873   100.337   100.215 14 52744.10688077 14.213
 17 127.278187  61.107073   112.396   113.268  9 52814.10689875 30.038
 18 127.278425  61.107272   113.051   111.781 11 52849.10695174 28.644
 19 127.261599  61.100674   106.299   101.683  8 52884.10698909 16.934
 20 127.256665  61.097096   107.342   106.996  8 52919.10694633 21.569
 21 127.273608  61.090074    98.055    98.130  4 52954.10691021 18.628
 22 127.270086  61.091799    98.797    98.722  5 52989.10691812 14.976
 24 127.268633  61.088430    98.454    98.455  3 53059.10690027  9.980
 25 127.249680  61.100788    99.925    99.929 13 53094.10693643  8.578
 26 127.280235  61.103669   102.572   102.716 13 53129.10690654  6.751
 28 127.267819  61.101428   104.857   103.876 12 53199.10697610 17.622
 29 127.268075  61.098065   101.717   102.034  6 53234.10694689 21.863
 30 127.249941  61.100236   113.009   107.319  9 53269.10691409 15.731
 31 127.262180  61.097204   110.943   109.050 10 53304.10697479 38.627
 32 127.266387  61.108344   100.478   100.264  7 53339.10694163 14.112
 33 127.247856  61.089766    99.754    99.780  5 53374.10687775 10.691
 35 127.254251  61.102757   100.230   100.393 13 53444.10690042  8.447
 36 127.266432  61.102085   100.460   100.721 13 53479.10697757  4.567
 38 127.258051  61.102203   120.822   116.586 12 53549.10700461 25.225
 39 127.260859  61.098625   106.201   103.559 10 53584.10696918 18.185
 40 127.250364  61.102833   122.217   118.099 10 53619.10692519 32.722
 41 127.269839  61.100547   100.947   101.022  7 53654.10694965 21.333
 42 127.252704  61.089834   100.036   100.045  6 53689.10694880 15.351
 43 127.249452  61.092701    99.753    99.855  8 53724.10687298 11.063
 44 127.279009  61.096170    99.595    99.398  7 53759.10681219  9.887
 45 127.258085  61.092057    99.438    99.129  6 53794.10683359  9.254
 46 127.277382  61.095208   100.972    99.350  6 53829.10680626  8.554
 47 127.266353  61.097535   196.615   193.043  3 53864.10688701  0.633
 48 127.266794  61.099415   139.475   139.214  8 53899.10691144 22.855
 49 127.258022  61.104786   110.593   110.258  9 53934.10695514 41.873
 50 127.243350  61.084142   102.031   102.031  2 53969.10693038  7.806
 51 127.273309  61.089528   139.267   133.467  3 54004.10690079  6.980
 52 127.272304  61.098706   119.234   118.757  7 54039.10693261 32.617
 55 127.261298  61.086777    98.836    98.823  3 54144.10686689  7.952
 57 127.265565  61.095754   100.068   100.104  8 54214.10687282  7.285
 58 127.278933  61.116380   177.656   179.453  4 54249.10689643  0.330
 59 127.258382  61.091470   103.956   103.713  5 54284.10690968 13.475
 60 127.265926  61.101421   112.664   110.397 10 54319.10690522 33.954
 61 127.259212  61.102994   102.056   102.020 13 54354.10686874 23.631
 62 127.267885  61.100798   113.686   113.251 10 54389.10684548 40.228
 63 127.261323  61.101656    98.478    98.400 13 54424.10681892 19.099
 66 127.273546  61.102112    99.870   100.036 13 54529.10683309 10.051
 68 127.264746  61.098154   192.536   192.536  2 54599.10682943  0.412
 69 127.261962  61.097262   124.567   123.509  9 54634.10684255 22.982
 70 127.265793  61.105195   109.237   102.536  8 54669.10684580 20.250
 71 127.254898  61.094370   101.341   101.442  6 54704.10681206 14.394
 72 127.271850  61.100905   125.902   122.573 11 54739.10680869 37.751
 73 127.262308  61.101408   102.764    99.585  6 54774.10679196 40.704
 74 127.267287  61.092007    99.365    99.206  5 54809.10680396 19.071
 75 127.253600  61.089709    99.342    99.313  5 54844.10679224 16.686
 76 127.269111  61.102954   100.274   100.299 14 54879.10680527 13.412
 77 127.249814  61.093544    99.261    99.141  9 54914.10679581 11.777
 78 127.265083  61.097949   196.469   196.469  2 54949.10679828  0.351
 79 127.258330  61.091887   128.721   124.676  5 54984.10682481 30.678
 80 127.262139  61.096108   110.903   108.577  9 55019.10682045 10.918
 81 127.263444  61.100325   104.236   103.277 12 55054.10681556 22.044
 82 127.255352  61.100209   102.488   102.790 13 55089.10677670 29.054
 83 127.264769  61.093259   100.137    99.814  7 55124.10675399 20.420
 84 127.252199  61.091399   116.154   111.349  7 55159.10673947 19.844
 85 127.263829  61.087658    97.657    97.803  3 55194.10674491 17.854
 87 127.263918  61.095306    98.558    98.560  8 55264.10673893 13.221
 88 127.259504  61.102856   100.956   100.980 13 55299.10672209 10.932
 89 127.258590  61.095601   139.521   133.097  7 55334.10671654 19.440
 90 127.257320  61.091873   110.319   104.016  6 55369.10670868 19.688
 91 127.277803  61.108700   106.038   107.734  7 55404.10672156 38.323
 92 127.264474  61.102734   103.866   103.908 14 55439.10672460 19.309
 93 127.258113  61.103122   111.991   110.575  8 55474.10667154 28.388
