# NaN NaN NaN ;Mean Elev.(m), Avg Gradient(m/km), RMS Gradient(m/km) - SRTM1     
#    0.054  -2.311  36.820 ;Mean Elev.(m), Avg Gradient(m/km), RMS Gradient(m/km) - ASTER GDEM
#   15.769  -1.188  40.749 ;Mean Elev.(m), Avg Gradient(m/km), RMS Gradient(m/km) - GMTED2010 
 31     7.585 53309.13493289 32.79 126.521494  70.544269  8.480
 31     7.778 53309.13493354 34.72 126.516854  70.541299  8.480
 31     7.350 53309.13493418 32.88 126.512204  70.538329  8.480
 32     5.508 53344.13489941 19.23 126.513364  70.544669  4.554
 32     5.401 53344.13490005 19.35 126.508724  70.541699  4.554
 32     5.484 53344.13490070 19.78 126.504081  70.538728  4.966
 41   139.073 53659.13492148  0.62 126.528029  70.543870  2.991
 41   136.785 53659.13492212  2.14 126.523389  70.540910  2.991
 52     7.212 54044.13489409 23.49 126.531597  70.542327  6.341
 52     6.944 54044.13489473 22.82 126.526947  70.539357  6.341
 79   283.312 54989.13479088  2.26 126.521799  70.545074  2.248
 79   283.377 54989.13479152  0.77 126.517149  70.542104  2.248
 79   283.221 54989.13479216  0.40 126.512509  70.539134  2.248
 83     7.046 55129.13471908 43.52 126.521626  70.543320 25.549
 83     7.074 55129.13471973 41.95 126.516976  70.540350 25.549
 83     6.988 55129.13472037 34.19 126.512336  70.537380 25.549
 84     5.016 55164.13469298 14.95 126.514115  70.544017  3.611
 84     5.032 55164.13469362 15.53 126.509465  70.541047  3.611
 84     4.627 55164.13469427 16.16 126.504825  70.538077  3.611
 89   284.760 55339.13467731  1.03 126.520944  70.544881  3.554
 89   284.587 55339.13467796  0.12 126.516304  70.541911  3.554
 90   179.839 55374.13466938  4.44 126.514495  70.543033  2.818
 90   251.481 55374.13467003  4.09 126.509845  70.540063  2.818
