# NaN NaN NaN ;Mean Elev.(m), Avg Gradient(m/km), RMS Gradient(m/km) - SRTM1     
#    3.788  -0.518   7.580 ;Mean Elev.(m), Avg Gradient(m/km), RMS Gradient(m/km) - ASTER GDEM
#    1.200  -0.088   2.081 ;Mean Elev.(m), Avg Gradient(m/km), RMS Gradient(m/km) - GMTED2010 
  7 127.345765  72.617683     7.853     7.853  2 52456.48374173 25.489
 10 127.337905  72.616206     2.066     2.056  3 52561.48374298 48.127
 12 127.337350  72.614503     3.769     4.258  3 52631.48369454 18.466
 15 127.350487  72.621195     3.933     3.933  2 52736.48372788 12.017
 16 127.357804  72.622770     1.680     1.680  2 52771.48370261 29.225
 17 127.328248  72.615553     7.506     8.210  3 52806.48375130 32.226
 18 127.333793  72.616569     7.995     8.142  3 52841.48381086 29.876
 19 127.338955  72.616593     7.998     7.998  2 52876.48384947 25.250
 20 127.359479  72.622103     7.391     7.391  2 52911.48381209 24.637
 23 127.350369  72.621038     1.664     1.664  2 53016.48380128 15.941
 24 127.337036  72.614592     2.067     2.157  3 53051.48377815 15.475
 25 127.349412  72.618568     1.939     1.939  2 53086.48381503 14.055
 26 127.335884  72.615534     1.828     1.820  3 53121.48378507  9.906
 28 127.349755  72.618669     7.780     7.780  2 53191.48383199 26.970
 29 127.349661  72.620817     8.138     8.138  2 53226.48383626 29.497
 30 127.356160  72.620757     5.052     5.052  2 53261.48380987 28.388
 31 127.329372  72.616094     3.809     3.837  3 53296.48384331 34.419
 32 127.344326  72.618923     1.916     1.916  2 53331.48381565 24.393
 34 127.339545  72.616438     2.255     2.178  3 53401.48378910 19.828
 35 127.353676  72.621916     2.676     2.676  2 53436.48377907 19.615
 36 127.337074  72.614439     2.736     2.725  3 53471.48382862 17.793
 37 127.342571  72.618294     1.818     1.781  3 53506.48386256 23.659
 38 127.342974  72.618597     8.013     8.013  2 53541.48386731 30.502
 39 127.351900  72.619733     7.960     7.960  2 53576.48385679 27.348
 40 127.356190  72.622182     7.673     7.673  2 53611.48380882 27.639
 41 127.333819  72.615984     7.819     7.848  3 53646.48381263 24.334
 42 127.345655  72.618112     1.960     1.960  2 53681.48382882 19.758
 43 127.357968  72.621372     2.307     2.307  2 53716.48375666 17.346
 44 127.333450  72.616525     4.238     4.725  3 53751.48367490 15.786
 45 127.349877  72.620823     3.360     3.360  2 53786.48370537 16.278
 46 127.397816  72.608046     3.082     3.809  6 53821.48365797 15.952
 47 127.334963  72.616389     3.423     2.448  3 53856.48374987 11.235
 48 127.343890  72.618916     6.760     7.772  3 53891.48376217 33.130
 49 127.336642  72.615434     6.532     7.976  3 53926.48382376 26.575
 50 127.348203  72.619024     6.002     7.986  3 53961.48380974 27.969
 51 127.324197  72.613017     3.137     3.099  3 53996.48375064 31.957
 52 127.339833  72.615530     3.070     3.086  3 54031.48380372 32.268
 53 127.352209  72.618667     2.575     2.575  2 54066.48379767 19.615
 54 127.358973  72.620112     3.772     3.772  2 54101.48375967 17.629
 55 127.336035  72.615933     5.635     5.733  3 54136.48372493 14.648
 56 127.355176  72.619451     2.619     2.619  2 54171.48373609 11.606
 57 127.332547  72.616239     5.238     5.492  3 54206.48373016 12.084
 58 127.344470  72.618514     1.316     1.223  3 54241.48376327 17.541
 59 127.344109  72.618603     8.031     8.031  2 54276.48377805 26.514
 61 127.357720  72.621594     6.016     7.744  3 54346.48375278 27.824
 62 127.339671  72.615432     6.582     7.009  3 54381.48371536 21.037
 63 127.350244  72.620365     1.939     1.939  2 54416.48370168 19.756
 64 127.332967  72.615492     1.275     1.279  3 54451.48368434 16.634
 65 127.346863  72.618636     1.855     1.740  3 54486.48369796 13.930
 66 127.339257  72.617048     1.703     1.703  2 54521.48369772 12.748
 67 127.351869  72.621384     2.408     2.408  2 54556.48370892 10.634
 68 127.341986  72.617251     2.483     1.885  3 54591.48369381 10.551
 69 127.346849  72.619289     7.411     7.411  2 54626.48370984 26.101
 70 127.342824  72.617238     7.693     8.020  3 54661.48371751 28.213
 71 127.354135  72.620436     5.923     7.324  3 54696.48369438 28.767
 72 127.335192  72.617099     8.007     8.193  3 54731.48367366 31.737
 73 127.346204  72.618348     2.496     2.487  3 54766.48367299 30.034
 74 127.332002  72.616690     2.219     2.642  3 54801.48366749 22.595
 75 127.344512  72.619427     2.716     2.716  2 54836.48366543 20.990
 76 127.334698  72.616514     2.788     2.783  3 54871.48366558 20.185
 77 127.353300  72.621887     2.461     2.461  2 54906.48367356 16.480
 78 127.335526  72.617035     3.174     3.020  3 54941.48365828 14.711
 79 127.343706  72.617605     3.301     3.301  2 54976.48368654 27.163
 80 127.348090  72.618670     5.144     3.686  3 55011.48369586 33.702
 81 127.342558  72.618620     7.794     8.078  3 55046.48368769 27.937
 82 127.358449  72.620757     2.507     2.507  2 55081.48366054 29.831
 83 127.339334  72.616209     7.135     7.135  2 55116.48361925 21.726
 84 127.347044  72.618572     1.756     1.706  3 55151.48361788 15.828
 85 127.336304  72.615230     1.602     1.326  3 55186.48360524 13.150
 86 127.347037  72.619588     2.146     2.146  2 55221.48361643 13.512
 87 127.342293  72.616049     1.918     1.767  3 55256.48360117 12.252
 88 127.357135  72.620411     2.825     2.825  2 55291.48360496 10.972
 89 127.342261  72.618078     1.500     1.494  3 55326.48358647 10.869
 90 127.348761  72.619870     7.863     7.863  2 55361.48358309 29.191
 91 127.336269  72.617011     7.847     8.124  3 55396.48358966 30.305
 92 127.345142  72.618724     7.766     7.862  3 55431.48359822 24.778
 93 127.379852  72.612633     7.589     7.683  4 55466.48355644 24.663
