# NaN NaN NaN ;Mean Elev.(m), Avg Gradient(m/km), RMS Gradient(m/km) - SRTM1     
#   58.229  -5.217   9.947 ;Mean Elev.(m), Avg Gradient(m/km), RMS Gradient(m/km) - ASTER GDEM
#   33.378  -7.003  16.694 ;Mean Elev.(m), Avg Gradient(m/km), RMS Gradient(m/km) - GMTED2010 
  7 128.445028  63.492061    55.190    55.316  7 52448.10839497 27.804
  8 128.439363  63.484421    69.442    68.883  3 52483.10838506 20.646
  9 128.450848  63.499226    69.046    69.141 13 52518.10833972 33.409
 10 128.457432  63.492283    67.369    67.347 17 52553.10839063 36.248
 12 128.453773  63.503398    66.611    66.677 10 52623.10832505 23.058
 13 128.463301  63.499162    67.107    67.146 11 52658.10834063 20.888
 15 128.456553  63.491903    66.130    65.840 16 52728.10836375 18.365
 16 128.439586  63.501411    68.962    69.466 13 52763.10837552 27.247
 17 128.457373  63.476658    70.925    70.804  4 52798.10834975 49.190
 18 128.468196  63.490430    70.372    69.849 12 52833.10841767 22.219
 19 128.476637  63.507794    69.783    69.813  6 52868.10845688 29.445
 20 128.441605  63.484346    69.093    68.759  6 52903.10847780 21.967
 21 128.456480  63.514446    67.386    67.504  5 52938.10840957 24.641
 22 128.464521  63.500818    66.986    66.561 10 52973.10844584 19.926
 23 128.452434  63.499114    66.703    66.815 14 53008.10845545 15.772
 24 128.461996  63.491996    66.985    66.651 16 53043.10841303 14.590
 25 128.450503  63.499350    66.757    66.644 14 53078.10844542 12.586
 26 128.458073  63.491095    67.251    66.427 16 53113.10841704 12.549
 27 128.444195  63.483536    69.091    68.547  8 53148.10846335 30.767
 28 128.447005  63.477116    72.089    72.125  8 53183.10846394 40.599
 29 128.454826  63.496855    69.582    69.695 14 53218.10848441 29.914
 30 128.444960  63.501480    68.092    67.514 14 53253.10846159 49.055
 31 128.459559  63.493865    69.321    69.439 16 53288.10846341 30.069
 32 128.459297  63.491375    66.082    66.558 16 53323.10843977 21.540
 33 128.452961  63.496653    68.710    68.512 15 53358.10840362  9.861
 34 128.463643  63.493254    68.684    67.813 16 53393.10841953  9.251
 35 128.453687  63.496691    68.622    68.351 14 53428.10841380  8.723
 36 128.467330  63.492554    68.881    68.789 15 53463.10843301  6.435
 37 128.465154  63.512508    70.618    70.753  5 53498.10850023 36.386
 38 128.447475  63.485911    70.590    70.568 12 53533.10848776 28.381
 39 128.438112  63.486354    75.887    71.128  4 53568.10850668 18.248
 40 128.449606  63.499034    69.841    70.014 14 53603.10844951 27.442
 41 128.468601  63.502526    70.853    70.862  9 53638.10844644 29.737
 42 128.463058  63.507628    66.734    66.405  7 53673.10846626 21.617
 43 128.461896  63.507195    65.933    65.664  8 53708.10839777 16.293
 44 128.444905  63.500583    66.806    66.531 13 53743.10831053 14.203
 45 128.459499  63.491234    67.149    66.173 17 53778.10833866 13.956
 46 128.446978  63.500843    66.960    66.862 14 53813.10831253 10.939
 47 128.458764  63.491922    68.243    68.632 17 53848.10836959 21.561
 49 128.450543  63.498703    70.567    70.612 14 53918.10845001 29.561
 50 128.448779  63.500046    69.265    69.133 13 53953.10845298 28.730
 52 128.480116  63.511652    68.511    68.635  4 54023.10842978 35.387
 53 128.462088  63.492029    65.813    65.834 16 54058.10842648 20.758
 54 128.448769  63.499395    67.191    66.731 14 54093.10840616 14.624
 55 128.467868  63.492102    67.398    66.941 14 54128.10834389 12.173
 56 128.453012  63.497223    67.625    67.271 15 54163.10837587 11.285
 57 128.462366  63.492431    67.659    67.059 16 54198.10834656 10.752
 58 128.456505  63.490962    68.396    68.087 17 54233.10839025 38.803
 59 128.454650  63.493060    71.496    71.711 17 54268.10840872 39.599
 60 128.454958  63.493026    69.724    69.721 17 54303.10841268 50.184
 61 128.454908  63.499235    71.819    70.471 13 54338.10839708 26.690
 62 128.459257  63.491200    68.241    68.092 17 54373.10834612 44.102
 63 128.452985  63.495101    66.337    65.799 16 54408.10834343 40.401
 64 128.478487  63.503716    63.685    63.194  7 54443.10830398 20.488
 65 128.453746  63.491181    66.816    66.133 17 54478.10833335 17.052
 66 128.467946  63.493493    67.014    66.673 15 54513.10832130 13.128
 67 128.452353  63.496725    67.724    66.724 14 54548.10834612 10.950
 68 128.456634  63.491998    68.512    67.559 17 54583.10831737  8.773
 69 128.454159  63.491333    71.316    71.391 17 54618.10833814 36.481
 70 128.445035  63.484432    69.676    69.656  6 54653.10835162 20.169
 71 128.453992  63.499596    69.582    69.687 13 54688.10833796 27.178
 72 128.473900  63.500660    71.774    71.789  9 54723.10829527 17.528
 73 128.458571  63.501380    66.936    66.993  4 54758.10831336 44.025
 74 128.466296  63.492930    63.277    63.286 16 54793.10829049 29.371
 75 128.455313  63.491758    64.834    65.090 16 54828.10831328 21.686
 76 128.472045  63.501515    65.486    65.127 10 54863.10828280 16.929
 77 128.458741  63.504246    65.777    65.535 10 54898.10831106 16.504
 78 128.459148  63.491474    66.200    65.790 17 54933.10827977 13.484
 79 128.462662  63.501993    72.901    73.169  4 54968.10831210 44.961
 80 128.454219  63.495785    71.659    71.555 14 55003.10833349 19.550
 81 128.446411  63.482968    69.495    69.662 12 55038.10832270 23.980
 82 128.452163  63.498941    68.808    68.670 14 55073.10830523 29.386
 83 128.463278  63.492948    68.803    68.790 16 55108.10825281 37.497
 84 128.461751  63.507006    65.941    65.629  8 55143.10825503 21.059
 85 128.466982  63.490838    66.042    66.100 15 55178.10822528 23.220
 86 128.464096  63.505899    66.647    65.965  9 55213.10824970 18.974
 87 128.468138  63.499752    66.413    66.517 10 55248.10822459 17.356
 88 128.451197  63.496223    66.472    65.903 14 55283.10824554 16.218
 89 128.453397  63.494351    68.880    69.633 15 55318.10821546 24.857
 90 128.454078  63.497076    70.710    70.612 15 55353.10821793 27.946
 91 128.461084  63.491885    70.384    70.209 17 55388.10821585 20.354
 92 128.453579  63.492300    68.925    68.865 17 55423.10823640 39.296
 93 128.440569  63.485548    67.877    67.861  4 55458.10821036 21.010
