# NaN NaN NaN ;Mean Elev.(m), Avg Gradient(m/km), RMS Gradient(m/km) - SRTM1     
#    5.902   0.734  12.306 ;Mean Elev.(m), Avg Gradient(m/km), RMS Gradient(m/km) - ASTER GDEM
#   17.492   0.620  16.100 ;Mean Elev.(m), Avg Gradient(m/km), RMS Gradient(m/km) - GMTED2010 
  7    96.523 52458.50887106  5.14 124.032633  68.899456  3.112
  7    92.735 52458.50887171  5.05 124.028613  68.902476  3.112
  7    94.850 52458.50887235  5.00 124.024603  68.905506  3.112
  7    91.684 52458.50887300  4.99 124.020583  68.908526  3.112
  7    91.230 52458.50887364  5.35 124.016573  68.911546  3.112
  7    90.877 52458.50887429  4.94 124.012553  68.914566  3.112
  7    94.136 52458.50887493  3.99 124.008533  68.917586  3.112
  7    90.513 52458.50887558  3.47 124.004513  68.920606  3.112
  7    89.994 52458.50887622  2.62 124.000493  68.923626  3.112
  7    92.330 52458.50887686  1.68 123.996473  68.926646  3.112
  7    89.612 52458.50887751  1.40 123.992443  68.929666  3.112
  8    16.114 52493.50885147 46.10 124.041511  68.899571 10.679
  8    16.338 52493.50885211 35.36 124.037501  68.902601 10.679
  8    15.958 52493.50885276 23.44 124.033487  68.905614 18.008
  8    15.735 52493.50885340 23.30 124.029467  68.908634 18.008
  8    15.513 52493.50885405 22.21 124.025457  68.911664 18.008
  8    15.324 52493.50885469 23.16 124.021437  68.914684 18.008
  8    15.035 52493.50885534 24.27 124.017417  68.917704 18.008
  8    15.426 52493.50885598 24.22 124.013397  68.920724 18.008
  8    15.833 52493.50885663 23.96 124.009377  68.923744 18.008
  8    19.721 52493.50885727 22.33 124.005357  68.926764 18.008
  8    16.872 52493.50885792 26.61 124.001337  68.929784 18.008
  8    16.466 52493.50885856 34.46 123.997307  68.932804 18.008
  8    16.684 52493.50885921 37.53 123.993287  68.935824 18.008
  8    17.839 52493.50885985 38.41 123.989257  68.938844 18.008
  8    19.991 52493.50886050 37.13 123.985237  68.941864 18.008
 10    84.492 52563.50886596 16.81 124.039513  68.889903  5.295
 10    84.598 52563.50886661 16.43 124.035503  68.892923  5.295
 10    89.662 52563.50886725 15.31 124.031493  68.895943  5.295
 10    90.562 52563.50886790 14.94 124.027473  68.898963  5.295
 10    89.891 52563.50886854 15.29 124.023463  68.901983  5.295
 10    86.268 52563.50886919 15.40 124.019443  68.905003  5.295
 10    85.878 52563.50886983 15.63 124.015433  68.908023  5.295
 10    85.212 52563.50887048 15.93 124.011413  68.911043  5.295
 10    86.606 52563.50887112 14.84 124.007393  68.914063  5.295
 10    85.546 52563.50887177 14.01 124.003373  68.917083  5.295
 10    85.613 52563.50887241 13.03 123.999353  68.920113  5.295
 10    85.415 52563.50887306 11.80 123.995333  68.923123  5.295
 10    87.120 52563.50887370 10.66 123.991303  68.926153  5.295
 10    85.018 52563.50887435 10.15 123.987279  68.929166  6.538
 10    84.497 52563.50887499  9.23 123.983259  68.932186  6.538
 12    86.115 52633.50883622 11.83 124.037878  68.884910  2.988
 12    87.474 52633.50883687 11.18 124.033868  68.887930  2.988
 12    88.447 52633.50883751 10.78 124.029858  68.890950  2.988
 12    88.642 52633.50883816 11.56 124.025838  68.893970  2.988
 12    89.406 52633.50883880 10.34 124.021828  68.896990  2.988
 12    89.947 52633.50883945 10.04 124.017808  68.900010  2.988
 12    89.179 52633.50884009 10.01 124.013799  68.903036  2.944
 12    89.190 52633.50884073 10.27 124.009779  68.906056  2.944
 12    88.568 52633.50884138  9.61 124.005759  68.909076  2.944
 12    88.264 52633.50884202  8.85 124.001739  68.912096  2.944
 12    87.278 52633.50884267  8.33 123.997729  68.915116  2.944
 12    86.364 52633.50884331  8.86 123.993709  68.918136  2.944
 12    95.825 52633.50884396  8.33 123.989679  68.921156  2.944
 12    95.978 52633.50884460  6.97 123.985659  68.924176  2.944
 12    95.712 52633.50884525  6.81 123.981639  68.927196  2.944
 13    90.090 52668.50885239 10.07 124.038482  68.893122  2.866
 13    90.619 52668.50885304 10.61 124.034462  68.896152  2.866
 13    90.822 52668.50885368  9.26 124.030452  68.899172  2.866
 13    90.892 52668.50885433  9.70 124.026442  68.902192  2.866
 13    90.945 52668.50885497  9.32 124.022422  68.905212  2.866
 13    89.507 52668.50885562  8.70 124.018412  68.908232  2.866
 13    89.635 52668.50885626  8.77 124.014392  68.911252  2.866
 13    89.401 52668.50885691  7.85 124.010372  68.914272  2.866
 13    88.651 52668.50885755  7.84 124.006361  68.917296  3.044
 13    88.314 52668.50885820  8.22 124.002341  68.920316  3.044
 13    88.904 52668.50885884  6.77 123.998321  68.923336  3.044
 13    88.502 52668.50885949  6.37 123.994301  68.926356  3.044
 13    87.833 52668.50886013  5.63 123.990271  68.929376  3.044
 13    87.035 52668.50886077  4.97 123.986251  68.932396  3.044
 13    97.538 52668.50886142  4.46 123.982221  68.935416  3.044
 14    88.902 52703.50883108  8.75 124.039027  68.888267  2.784
 14    89.589 52703.50883172  8.88 124.035007  68.891297  2.784
 14    90.019 52703.50883237  8.91 124.030997  68.894317  2.784
 14    90.395 52703.50883301  8.09 124.026987  68.897337  2.784
 14    90.657 52703.50883366  7.64 124.022967  68.900357  2.784
 14    89.087 52703.50883430  7.68 124.018957  68.903377  2.784
 14    88.909 52703.50883495  6.95 124.014937  68.906397  2.784
 14    88.363 52703.50883559  7.87 124.010917  68.909417  2.784
 14    89.196 52703.50883624  6.50 124.006897  68.912440  3.053
 14    88.449 52703.50883688  6.75 124.002877  68.915460  3.053
 14    88.159 52703.50883753  6.12 123.998857  68.918480  3.053
 14    86.397 52703.50883817  5.90 123.994837  68.921500  3.053
 14    87.131 52703.50883881  5.06 123.990817  68.924520  3.053
 14    86.705 52703.50883946  4.06 123.986787  68.927540  3.053
 14    86.015 52703.50884010  3.95 123.982767  68.930560  3.053
 16    12.438 52773.50882801 16.39 124.044289  68.905000  8.330
 16    12.894 52773.50882866 16.41 124.040279  68.908020  8.330
 16    13.416 52773.50882930 16.04 124.036259  68.911040  8.330
 16    17.226 52773.50882995 16.46 124.032249  68.914060  8.330
 16    13.513 52773.50883059 17.86 124.028229  68.917080  8.330
 16    13.854 52773.50883124 19.72 124.024209  68.920100  8.330
 16    15.090 52773.50883188 20.67 124.020199  68.923120  8.330
 16    15.980 52773.50883253 20.92 124.016179  68.926150  8.330
 16    13.754 52773.50883317 27.93 124.012159  68.929170  8.330
 16    16.006 52773.50883382 26.04 124.008129  68.932190  8.330
 16    20.384 52773.50883446 24.50 124.004109  68.935210  8.330
 16    20.978 52773.50883511 22.61 124.000089  68.938230  8.330
 16    20.543 52773.50883575 27.76 123.996059  68.941250 17.949
 16    21.592 52773.50883640 30.03 123.992039  68.944270 17.949
 16    22.047 52773.50883704 28.98 123.988009  68.947290 17.949
 17    90.324 52808.50889179  4.82 124.035488  68.883754  7.687
 17    88.694 52808.50889243  5.89 124.031468  68.886774  7.687
 17    89.848 52808.50889308  5.07 124.027458  68.889794  7.687
 17    89.840 52808.50889372  6.14 124.023448  68.892814  7.687
 17    90.202 52808.50889437  6.94 124.019438  68.895834  7.687
 17    90.063 52808.50889501  6.27 124.015418  68.898854  7.687
 17    90.748 52808.50889566  5.91 124.011406  68.901881  3.988
 17    90.344 52808.50889630  5.38 124.007386  68.904901  3.988
 17    89.971 52808.50889695  5.73 124.003376  68.907921  3.988
 17    88.885 52808.50889759  6.60 123.999356  68.910941  3.988
 17    88.812 52808.50889824  4.76 123.995336  68.913961  3.988
 17    87.307 52808.50889888  4.89 123.991316  68.916981  3.988
 17    86.722 52808.50889952  4.13 123.987286  68.920001  3.988
 17    86.365 52808.50890017  2.90 123.983266  68.923021  3.988
 17    85.867 52808.50890081  1.33 123.979246  68.926041  3.988
 18    20.173 52843.50894937 47.56 124.037696  68.884888 20.755
 18    20.167 52843.50895002 54.57 124.033686  68.887908 20.755
 18    20.121 52843.50895066 51.21 124.029676  68.890928 20.755
 18    20.141 52843.50895130 49.84 124.025666  68.893948 20.755
 18    20.085 52843.50895195 52.11 124.021646  68.896968 20.755
 18    20.093 52843.50895259 51.94 124.017636  68.899988 20.755
 18    20.038 52843.50895324 52.48 124.013616  68.903008 20.755
 18    20.059 52843.50895388 52.37 124.009600  68.906034 37.226
 18    20.043 52843.50895453 54.14 124.005580  68.909054 37.226
 18    19.973 52843.50895517 52.08 124.001560  68.912074 37.226
 18    20.033 52843.50895582 51.05 123.997540  68.915094 37.226
 18    20.010 52843.50895646 51.25 123.993520  68.918114 37.226
 18    19.982 52843.50895711 52.51 123.989500  68.921134 37.226
 18    19.938 52843.50895775 52.02 123.985480  68.924154 37.226
 18    19.895 52843.50895840 49.63 123.981450  68.927174 37.226
 20    92.937 52913.50894866 11.86 124.044665  68.903408  5.004
 20    89.311 52913.50894930 11.76 124.040655  68.906438  5.004
 20    16.629 52913.50894995 13.53 124.036635  68.909458  5.004
 20    56.874 52913.50895059 11.93 124.032625  68.912478  5.004
 20    18.393 52913.50895124 12.90 124.028605  68.915498  5.004
 20    93.267 52913.50895188  5.37 124.024595  68.918518  5.004
 20    92.264 52913.50895253  4.45 124.020575  68.921538  5.004
 20    92.831 52913.50895317  3.31 124.016555  68.924558  5.004
 20    88.605 52913.50895382  5.99 124.012530  68.927583  6.060
 20    78.238 52913.50895446 10.48 124.008510  68.930603  6.060
 20    88.370 52913.50895511  4.97 124.004490  68.933623  6.060
 20    87.785 52913.50895575  3.02 124.000470  68.936643  6.060
 20    91.765 52913.50895640  1.59 123.996440  68.939663  6.060
 20    86.450 52913.50895704  2.10 123.992420  68.942683  6.060
 20    85.426 52913.50895768  2.02 123.988390  68.945703  6.060
 21    87.386 52948.50890353 12.49 124.036455  68.883637  4.143
 21    87.184 52948.50890417 11.30 124.032445  68.886657  4.143
 21    87.737 52948.50890482 11.80 124.028425  68.889677  4.143
 21    88.513 52948.50890546 11.51 124.024417  68.892705  2.929
 21    88.466 52948.50890610 11.09 124.020397  68.895725  2.929
 21    89.402 52948.50890675 10.63 124.016387  68.898745  2.929
 21    86.501 52948.50890739 10.46 124.012367  68.901765  2.929
 21    88.877 52948.50890804 10.71 124.008347  68.904785  2.929
 21    88.157 52948.50890868 10.42 124.004337  68.907805  2.929
 21    85.020 52948.50890933 10.26 124.000317  68.910825  2.929
 21    86.985 52948.50890997  9.26 123.996297  68.913845  2.929
 21    86.569 52948.50891062  7.74 123.992267  68.916865  2.929
 21    85.742 52948.50891126  8.21 123.988247  68.919885  2.929
 21    85.155 52948.50891191  7.37 123.984227  68.922905  2.929
 21    84.918 52948.50891255  6.89 123.980197  68.925925  2.929
 23    91.816 53018.50893079  8.51 124.040828  68.899888  2.727
 23    91.694 53018.50893144  8.50 124.036818  68.902908  2.727
 23    91.394 53018.50893208  8.16 124.032808  68.905928  2.727
 23    91.495 53018.50893273  7.13 124.028788  68.908958  2.727
 23    91.478 53018.50893337  6.46 124.024778  68.911978  2.727
 23    91.153 53018.50893402  6.32 124.020758  68.914998  2.727
 23   100.820 53018.50893466  5.97 124.016748  68.918018  2.727
 23    90.620 53018.50893531  6.15 124.012728  68.921038  2.727
 23    89.921 53018.50893595  5.89 124.008708  68.924058  2.727
 23    89.551 53018.50893660  4.91 124.004688  68.927078  2.727
 23   101.169 53018.50893724  4.30 124.000666  68.930101  3.114
 23    91.229 53018.50893789  3.86 123.996636  68.933121  3.114
 23    99.669 53018.50893853  4.29 123.992616  68.936141  3.114
 23    99.319 53018.50893918  2.86 123.988596  68.939161  3.114
 23    98.464 53018.50893982  3.25 123.984566  68.942181  3.114
 24    88.784 53053.50891170  6.90 124.036176  68.889450  2.646
 24    89.568 53053.50891235  7.63 124.032156  68.892470  2.646
 24    89.841 53053.50891299  6.92 124.028146  68.895490  2.646
 24    90.360 53053.50891364  6.85 124.024136  68.898510  2.646
 24    89.316 53053.50891428  6.27 124.020116  68.901530  2.646
 24    89.156 53053.50891492  4.84 124.016096  68.904560  2.646
 24    88.977 53053.50891557  4.99 124.012086  68.907580  2.646
 24    88.320 53053.50891621  5.18 124.008066  68.910600  2.646
 24    88.437 53053.50891686  4.44 124.004046  68.913620  2.646
 24    87.952 53053.50891750  3.97 124.000026  68.916640  2.646
 24    87.203 53053.50891815  4.32 123.995998  68.919658  2.890
 24    86.752 53053.50891879  4.09 123.991978  68.922678  2.890
 24    86.875 53053.50891944  2.98 123.987958  68.925698  2.890
 24    95.787 53053.50892008  2.85 123.983928  68.928718  2.890
 24    85.109 53053.50892073  2.09 123.979908  68.931738  2.890
 25    91.226 53088.50894962  6.47 124.041457  68.895067  2.578
 25    91.619 53088.50895027  6.79 124.037447  68.898097  2.578
 25    91.687 53088.50895091  5.93 124.033437  68.901117  2.578
 25    92.058 53088.50895155  5.28 124.029427  68.904137  2.578
 25    91.459 53088.50895220  5.21 124.025407  68.907157  2.578
 25    91.215 53088.50895284  5.02 124.021397  68.910177  2.578
 25    90.689 53088.50895349  4.61 124.017377  68.913197  2.578
 25    90.580 53088.50895413  4.05 124.013367  68.916217  2.578
 25    89.296 53088.50895478  5.22 124.009349  68.919246  2.737
 25    88.797 53088.50895542  4.18 124.005329  68.922266  2.737
 25    89.999 53088.50895607  3.27 124.001309  68.925286  2.737
 25    99.459 53088.50895671  3.15 123.997289  68.928306  2.737
 25    98.919 53088.50895736  2.71 123.993269  68.931326  2.737
 25    97.907 53088.50895800  1.76 123.989249  68.934346  2.737
 25    97.667 53088.50895865  1.96 123.985219  68.937366  2.737
 25    85.321 53088.50895929  2.32 123.981199  68.940386  2.737
 26    89.255 53123.50891853  1.60 124.037689  68.886895  2.684
 26    90.163 53123.50891918  1.20 124.033679  68.889915  2.684
 26    90.541 53123.50891982  0.65 124.029669  68.892935  2.684
 26    90.972 53123.50892047  0.33 124.025659  68.895955  2.684
 27    27.302 53158.50897642 31.39 124.037475  68.885883 33.109
 27    27.360 53158.50897707 33.66 124.033465  68.888903 33.109
 27    27.299 53158.50897771 37.26 124.029455  68.891923 33.109
 27    27.159 53158.50897835 37.10 124.025445  68.894953 33.109
 27    27.153 53158.50897900 39.03 124.021435  68.897973 33.109
 27    27.181 53158.50897964 40.77 124.017415  68.900993 33.109
 27    27.012 53158.50898029 43.24 124.013405  68.904013 33.109
 27    27.035 53158.50898093 46.69 124.009385  68.907033 33.109
 27    27.061 53158.50898158 50.78 124.005375  68.910053 33.109
 27    27.037 53158.50898222 49.25 124.001355  68.913073 33.109
 27    27.057 53158.50898287 48.92 123.997335  68.916093 33.109
 27    27.097 53158.50898351 45.47 123.993315  68.919113 33.109
 27    27.006 53158.50898416 44.06 123.989295  68.922133 33.109
 27    26.776 53158.50898480 39.48 123.985265  68.925153 33.109
 27    26.798 53158.50898545 39.18 123.981245  68.928183 33.109
 28    24.411 53193.50897241 55.59 124.040416  68.896444 19.774
 28    24.310 53193.50897305 51.55 124.036406  68.899464 19.774
 28    24.145 53193.50897370 52.17 124.032386  68.902484 19.774
 28    24.177 53193.50897434 52.49 124.028376  68.905504 19.774
 28    24.036 53193.50897499 53.37 124.024356  68.908524 19.774
 28    24.049 53193.50897563 53.79 124.020344  68.911554 44.478
 28    24.084 53193.50897628 50.99 124.016324  68.914574 44.478
 28    24.094 53193.50897692 53.99 124.012304  68.917594 44.478
 28    24.101 53193.50897757 54.09 124.008284  68.920614 44.478
 28    24.049 53193.50897821 54.01 124.004264  68.923634 44.478
 28    24.024 53193.50897886 52.41 124.000244  68.926654 44.478
 28    23.977 53193.50897950 50.67 123.996224  68.929674 44.478
 28    23.971 53193.50898015 51.82 123.992194  68.932694 44.478
 28    23.939 53193.50898079 50.48 123.988174  68.935714 44.478
 28    23.954 53193.50898143 51.28 123.984144  68.938734 44.478
 29    91.845 53228.50896782  9.64 124.041807  68.897935  3.388
 29    91.887 53228.50896847  9.18 124.037797  68.900955  3.388
 29    92.295 53228.50896911  6.99 124.033777  68.903975  3.388
 29    91.829 53228.50896976  6.67 124.029767  68.906995  3.388
 29    91.681 53228.50897040  7.33 124.025747  68.910025  3.388
 29    91.481 53228.50897105  7.20 124.021737  68.913045  3.388
 29    92.217 53228.50897169  4.51 124.017717  68.916065  3.388
 29   101.447 53228.50897234  3.70 124.013697  68.919085  3.388
 29    91.261 53228.50897298  4.27 124.009677  68.922105  3.388
 29    92.768 53228.50897363  2.27 124.005657  68.925125  3.388
 29    90.211 53228.50897427  2.28 124.001637  68.928145  3.388
 29   101.671 53228.50897492  1.69 123.997607  68.931165  3.388
 29   101.391 53228.50897556  0.83 123.993587  68.934185  3.388
 29    91.189 53228.50897620  0.48 123.989567  68.937205  3.388
 30    15.492 53263.50894103 14.88 124.041820  68.902854  6.041
 30    15.655 53263.50894167 13.56 124.037810  68.905874  6.041
 30    16.007 53263.50894232 13.55 124.033800  68.908904  6.041
 30    17.000 53263.50894296 13.85 124.029780  68.911924  6.041
 30    17.790 53263.50894361 15.08 124.025770  68.914944  6.041
 30    15.682 53263.50894425 20.45 124.021750  68.917964  6.041
 30    18.226 53263.50894490 18.79 124.017740  68.920984  6.041
 30    15.525 53263.50894554 22.42 124.013720  68.924004  6.041
 30    20.410 53263.50894619 19.73 124.009700  68.927024  6.041
 30    21.162 53263.50894683 19.49 124.005682  68.930051 22.047
 30    21.064 53263.50894748 20.68 124.001652  68.933071 22.047
 30    17.365 53263.50894812 29.78 123.997632  68.936091 22.047
 30    18.206 53263.50894877 32.90 123.993612  68.939111 22.047
 30    20.699 53263.50894941 33.39 123.989582  68.942131 22.047
 30    21.184 53263.50895005 30.56 123.985562  68.945151 22.047
 31    84.073 53298.50897900 14.36 124.034897  68.883301  3.569
 31    82.929 53298.50897965 14.33 124.030897  68.886321  3.569
 31    82.204 53298.50898029 14.58 124.026887  68.889341  3.569
 31    88.514 53298.50898093 13.96 124.022867  68.892371  3.569
 31    88.449 53298.50898158 13.22 124.018857  68.895391  3.569
 31    89.140 53298.50898222 12.68 124.014847  68.898411  3.569
 31    89.072 53298.50898287 12.39 124.010827  68.901431  3.569
 31    88.404 53298.50898351 12.17 124.006817  68.904451  3.569
 31    88.509 53298.50898416 12.40 124.002797  68.907471  3.569
 31    88.063 53298.50898480 12.68 123.998777  68.910491  3.569
 31    86.672 53298.50898545 11.92 123.994757  68.913511  3.569
 31    86.217 53298.50898609 10.32 123.990737  68.916531  3.569
 31    85.096 53298.50898674  9.15 123.986727  68.919551  3.569
 31    84.189 53298.50898738  8.47 123.982697  68.922571  3.569
 31    82.660 53298.50898803  9.48 123.978677  68.925591  3.569
 33    92.636 53368.50889633  9.74 124.042906  68.905477  2.816
 33    92.314 53368.50889698  9.31 124.038896  68.908507  2.816
 33    92.425 53368.50889762  8.84 124.034876  68.911527  2.816
 33    92.921 53368.50889826  7.96 124.030866  68.914547  2.816
 33   102.647 53368.50889891  6.76 124.026846  68.917567  2.816
 33    93.829 53368.50889955  6.69 124.022826  68.920587  2.816
 33   103.604 53368.50890020  6.43 124.018816  68.923607  2.816
 33    94.582 53368.50890084  5.96 124.014796  68.926627  2.816
 33    94.416 53368.50890149  6.08 124.010776  68.929647  2.816
 33    92.864 53368.50890213  5.57 124.006756  68.932677  2.816
 33   102.404 53368.50890278  5.25 124.002726  68.935697  2.816
 33   102.078 53368.50890342  5.04 123.998706  68.938717  2.816
 33    91.531 53368.50890407  4.77 123.994686  68.941737  2.816
 33    85.521 53368.50890471  5.41 123.990656  68.944757  2.816
 33    89.431 53368.50890536  4.73 123.986625  68.947772  3.700
 34    88.838 53403.50892400  8.52 124.037843  68.889810  3.022
 34    88.491 53403.50892465  8.23 124.033833  68.892830  3.022
 34    89.611 53403.50892529  8.55 124.029823  68.895860  3.022
 34    89.199 53403.50892594  7.85 124.025813  68.898880  3.022
 34    87.977 53403.50892658  8.84 124.021793  68.901900  3.022
 34    89.187 53403.50892723  7.37 124.017783  68.904920  3.022
 34    88.909 53403.50892787  6.56 124.013763  68.907940  3.022
 34    88.361 53403.50892852  5.92 124.009743  68.910960  3.022
 34    88.530 53403.50892916  6.30 124.005723  68.913980  3.022
 34    88.111 53403.50892981  6.44 124.001703  68.917000  3.022
 34    87.751 53403.50893045  6.16 123.997683  68.920020  3.022
 34    87.926 53403.50893110  5.13 123.993663  68.923040  3.022
 34    86.994 53403.50893174  4.38 123.989643  68.926060  3.022
 34    86.450 53403.50893238  4.52 123.985613  68.929080  3.022
 34    96.205 53403.50893303  3.64 123.981593  68.932100  3.022
 35    92.134 53438.50891449  7.95 124.041641  68.902331  2.778
 35    91.867 53438.50891514  6.80 124.037631  68.905361  2.778
 35    91.806 53438.50891578  6.95 124.033611  68.908381  2.778
 35    92.120 53438.50891643  6.15 124.029601  68.911401  2.778
 35    92.052 53438.50891707  5.85 124.025581  68.914421  2.778
 35    91.917 53438.50891772  5.36 124.021561  68.917441  2.778
 35   101.233 53438.50891836  5.62 124.017551  68.920461  2.778
 35   101.778 53438.50891901  4.15 124.013531  68.923481  2.778
 35    93.299 53438.50891965  4.32 124.009511  68.926501  2.778
 35   101.768 53438.50892030  3.87 124.005491  68.929531  2.778
 35    93.328 53438.50892094  3.58 124.001471  68.932551  2.778
 35    92.524 53438.50892158  3.06 123.997441  68.935571  2.778
 35    86.612 53438.50892223  4.06 123.993421  68.938591  2.778
 35    99.152 53438.50892287  2.52 123.989391  68.941611  2.778
 35    84.133 53438.50892352  3.73 123.985370  68.944626  3.451
 36    87.713 53473.50896941  6.33 124.035988  68.886877  2.970
 36    88.931 53473.50897005  5.44 124.031978  68.889907  2.970
 36    89.432 53473.50897070  6.31 124.027968  68.892927  2.970
 36    89.660 53473.50897134  5.51 124.023958  68.895947  2.970
 36    89.868 53473.50897199  4.92 124.019938  68.898967  2.970
 36    90.215 53473.50897263  4.46 124.015928  68.901987  2.970
 36    89.968 53473.50897328  3.80 124.011908  68.905007  2.970
 36    87.987 53473.50897392  3.83 124.007898  68.908027  2.970
 36    88.792 53473.50897456  3.59 124.003878  68.911047  2.970
 36    87.906 53473.50897521  3.27 123.999858  68.914067  2.970
 36    86.238 53473.50897585  3.64 123.995838  68.917087  2.970
 36    86.265 53473.50897650  3.42 123.991818  68.920107  2.970
 36    86.608 53473.50897714  2.80 123.987798  68.923127  2.970
 36    85.751 53473.50897779  2.56 123.983768  68.926157  2.970
 36    85.274 53473.50897843  1.66 123.979748  68.929167  2.970
 37    18.861 53508.50899360 41.25 124.041703  68.890271 31.652
 37    18.663 53508.50899425 38.23 124.037693  68.893291 31.652
 37    18.628 53508.50899489 27.76 124.033683  68.896311 31.652
 37    18.602 53508.50899553 25.91 124.029663  68.899341 31.652
 37    18.655 53508.50899618 26.98 124.025653  68.902361 31.652
 37    18.584 53508.50899682 30.65 124.021633  68.905381 31.652
 37    18.701 53508.50899747 32.14 124.017623  68.908401 31.652
 37    18.878 53508.50899811 40.89 124.013603  68.911421 31.652
 37    18.799 53508.50899876 50.19 124.009583  68.914441 31.652
 37    18.712 53508.50899940 52.54 124.005563  68.917461 31.652
 37    18.648 53508.50900005 42.73 124.001543  68.920481 31.652
 37    18.599 53508.50900069 37.27 123.997523  68.923501 31.652
 37    18.526 53508.50900134 34.01 123.993503  68.926521 31.652
 37    18.693 53508.50900198 39.06 123.989483  68.929541 31.652
 37    21.359 53508.50900263 31.25 123.985453  68.932571 31.652
 37    21.676 53508.50900327 29.81 123.981433  68.935591 31.652
 38    93.528 53543.50900550  6.83 124.038712  68.892925  5.136
 38    93.423 53543.50900615  6.46 124.034702  68.895955  5.136
 38    91.832 53543.50900679  7.45 124.030692  68.898975  5.136
 38    92.908 53543.50900744  5.65 124.026672  68.901995  5.136
 38    91.785 53543.50900808  6.06 124.022662  68.905015  5.136
 38    91.428 53543.50900873  5.50 124.018642  68.908035  5.136
 38    90.468 53543.50900937  6.26 124.014632  68.911055  5.136
 38    90.306 53543.50901002  5.68 124.010612  68.914075  5.136
 38    89.505 53543.50901066  6.34 124.006592  68.917095  5.136
 38    89.794 53543.50901131  4.34 124.002572  68.920115  5.136
 38    89.668 53543.50901195  3.42 123.998552  68.923145  5.136
 38    89.318 53543.50901260  2.46 123.994532  68.926165  5.136
 38    88.358 53543.50901324  2.18 123.990512  68.929185  5.136
 38    87.569 53543.50901388  1.12 123.986482  68.932205  5.136
 38    86.742 53543.50901453  0.60 123.982462  68.935225  5.136
 39    92.449 53578.50898878  7.36 124.041059  68.898245  3.375
 39    92.631 53578.50898942  6.13 124.037049  68.901275  3.375
 39    93.292 53578.50899007  4.79 124.033029  68.904295  3.375
 39    93.991 53578.50899071  3.58 124.029019  68.907315  3.375
 39    92.038 53578.50899136  3.07 124.024999  68.910335  3.375
 39    91.657 53578.50899200  3.93 124.020989  68.913355  3.375
 39    91.425 53578.50899265  3.19 124.016969  68.916375  3.375
 39    90.667 53578.50899329  3.06 124.012949  68.919395  3.375
 39    91.945 53578.50899394  2.59 124.008929  68.922415  3.375
 39    91.700 53578.50899458  1.65 124.004909  68.925435  3.375
 39    93.083 53578.50899523  1.02 124.000889  68.928455  3.375
 39    99.284 53578.50899780  0.21 123.984799  68.940545  3.375
 40    96.129 53613.50894273 11.02 124.041231  68.902151  6.682
 40    93.656 53613.50894338  9.17 124.037211  68.905171  6.682
 40    91.885 53613.50894402  9.55 124.033201  68.908191  6.682
 40    90.856 53613.50894466 10.02 124.029191  68.911211  6.682
 40    89.101 53613.50894531 10.81 124.025171  68.914231  6.682
 40    88.773 53613.50894595 10.96 124.021161  68.917251  6.682
 40    23.182 53613.50894660 12.09 124.017141  68.920271  6.682
 40    23.017 53613.50894724 13.63 124.013121  68.923291  6.682
 40    23.222 53613.50894789 14.62 124.009101  68.926311  6.682
 40    23.046 53613.50894853 14.82 124.005081  68.929341  6.682
 40    23.057 53613.50894918 17.18 124.001061  68.932361  6.682
 40    22.892 53613.50894982 18.58 123.997041  68.935381  6.682
 40    23.204 53613.50895047 20.80 123.993011  68.938401  6.682
 40    23.704 53613.50895111 22.00 123.988991  68.941421  6.682
 40    23.815 53613.50895176 21.92 123.984960  68.944439 18.174
 41    17.579 53648.50894618 12.36 124.037820  68.888608  4.004
 41    17.067 53648.50894811 16.00 124.025780  68.897678  4.004
 41    56.681 53648.50895004 10.00 124.013740  68.906738  4.004
 41    53.272 53648.50895069 11.44 124.009720  68.909758  4.004
 41    89.058 53648.50895262  7.03 123.997660  68.918818  4.004
 41    88.190 53648.50895327  5.65 123.993640  68.921838  4.004
 41    87.586 53648.50895391  6.02 123.989620  68.924858  4.004
 41    87.934 53648.50895456  5.21 123.985590  68.927878  4.004
 41    87.550 53648.50895520  3.87 123.981570  68.930898  4.004
 42    89.816 53683.50896150 12.95 124.039121  68.892446  3.035
 42    90.341 53683.50896214 12.21 124.035111  68.895466  3.035
 42    90.152 53683.50896279 11.90 124.031091  68.898486  3.035
 42    86.688 53683.50896343 12.89 124.027081  68.901516  3.035
 42    87.614 53683.50896408 11.89 124.023071  68.904536  3.035
 42    88.065 53683.50896472 11.51 124.019051  68.907556  3.035
 42    89.544 53683.50896537 10.43 124.015041  68.910576  3.035
 42    89.617 53683.50896601  9.55 124.011021  68.913596  3.035
 42    89.080 53683.50896666  7.96 124.007001  68.916616  3.035
 42    88.784 53683.50896730  8.77 124.002981  68.919636  3.035
 42    88.729 53683.50896795  8.55 123.998961  68.922656  3.035
 42    89.044 53683.50896859  7.32 123.994941  68.925676  3.035
 42    88.779 53683.50896924  6.86 123.990921  68.928696  3.035
 42    87.654 53683.50896988  6.91 123.986901  68.931716  3.035
 42    87.565 53683.50897052  6.04 123.982871  68.934746  3.035
 43    92.508 53718.50888996 11.77 124.045306  68.901606  2.731
 43    92.655 53718.50889060 11.61 124.041296  68.904626  2.731
 43    92.442 53718.50889124 11.17 124.037286  68.907646  2.731
 43    91.998 53718.50889189  9.99 124.033266  68.910666  2.731
 43    92.363 53718.50889253  9.85 124.029256  68.913686  2.731
 43    92.871 53718.50889318  8.81 124.025236  68.916706  2.731
 43    93.148 53718.50889382  8.00 124.021216  68.919726  2.731
 43   102.687 53718.50889447  8.10 124.017206  68.922746  2.731
 43   103.147 53718.50889511  8.29 124.013186  68.925766  2.731
 43   102.944 53718.50889576  8.03 124.009166  68.928786  2.731
 43   103.153 53718.50889640  6.85 124.005136  68.931816  2.731
 43   102.060 53718.50889705  6.46 124.001116  68.934836  2.731
 43   101.867 53718.50889769  6.59 123.997096  68.937856  2.731
 43   101.011 53718.50889834  5.46 123.993066  68.940876  2.731
 43    90.654 53718.50889898  6.01 123.989046  68.943896  2.731
 43    98.483 53718.50889963  5.87 123.985021  68.946911  3.772
 45    90.443 53788.50884098  9.57 124.041435  68.898334  2.782
 45    90.903 53788.50884162  8.84 124.037425  68.901354  2.782
 45    90.600 53788.50884227  8.60 124.033415  68.904374  2.782
 45    90.418 53788.50884291  8.73 124.029395  68.907394  2.782
 45    91.436 53788.50884356  7.48 124.025385  68.910414  2.782
 45    91.250 53788.50884420  6.23 124.021365  68.913434  2.782
 45    90.809 53788.50884485  6.04 124.017345  68.916454  2.782
 45    91.032 53788.50884549  6.07 124.013325  68.919474  2.782
 45    91.266 53788.50884613  4.99 124.009305  68.922494  2.782
 45   101.043 53788.50884678  4.49 124.005285  68.925514  2.782
 45   100.506 53788.50884742  4.02 124.001265  68.928534  2.782
 45    90.892 53788.50884807  3.85 123.997245  68.931554  2.782
 45    89.966 53788.50884871  3.28 123.993225  68.934574  2.782
 45    98.675 53788.50884936  2.66 123.989195  68.937594  2.782
 45    88.720 53788.50885000  2.63 123.985165  68.940614  2.782
 46    84.452 53823.50879348  8.08 124.035690  68.882292  2.827
 46    82.845 53823.50879413  7.77 124.031680  68.885322  2.827
 46    87.921 53823.50879477  7.40 124.027670  68.888342  2.827
 46    86.897 53823.50879542  7.86 124.023650  68.891362  2.827
 46    88.596 53823.50879606  6.59 124.019640  68.894382  2.827
 46    89.119 53823.50879671  5.99 124.015620  68.897402  2.827
 46    89.309 53823.50879735  4.85 124.011610  68.900422  2.827
 46    89.023 53823.50879799  4.69 124.007590  68.903442  2.827
 46    88.309 53823.50879864  4.53 124.003570  68.906462  2.827
 46    88.020 53823.50879928  4.25 123.999550  68.909482  2.827
 46    86.510 53823.50879993  3.97 123.995530  68.912502  2.827
 46    86.425 53823.50880057  4.09 123.991510  68.915522  2.827
 46    85.820 53823.50880122  3.13 123.987490  68.918542  2.827
 46    84.552 53823.50880186  3.13 123.983460  68.921562  2.827
 46    85.031 53823.50880251  2.03 123.979440  68.924582  2.827
 47    86.987 53858.50888712  6.85 124.035418  68.888388  2.761
 47    89.404 53858.50888777  5.77 124.031398  68.891408  2.761
 47    89.641 53858.50888841  5.60 124.027388  68.894428  2.761
 47    90.273 53858.50888906  5.28 124.023378  68.897448  2.761
 47    90.304 53858.50888970  4.93 124.019368  68.900468  2.761
 47    90.155 53858.50889035  3.66 124.015348  68.903498  2.761
 47    89.929 53858.50889099  3.26 124.011328  68.906518  2.761
 47    87.905 53858.50889163  3.47 124.007318  68.909538  2.761
 47    88.736 53858.50889228  2.75 124.003298  68.912558  2.761
 47    88.165 53858.50889292  2.42 123.999278  68.915578  2.761
 47    87.232 53858.50889357  2.84 123.995258  68.918598  2.761
 47    86.548 53858.50889421  2.10 123.991238  68.921618  2.761
 47    87.017 53858.50889486  1.39 123.987218  68.924638  2.761
 47    86.561 53858.50889550  0.90 123.983188  68.927658  2.761
 47    85.584 53858.50889615  0.83 123.979168  68.930678  2.761
 48    28.157 53893.50890334 51.21 124.037878  68.893457 39.266
 48    28.035 53893.50890398 49.21 124.033868  68.896477 39.266
 48    27.915 53893.50890462 50.29 124.029848  68.899497 39.266
 48    27.827 53893.50890527 50.96 124.025838  68.902517 39.266
 48    27.859 53893.50890591 51.75 124.021818  68.905537 39.266
 48    27.842 53893.50890656 50.90 124.017808  68.908557 39.266
 48    27.829 53893.50890720 53.46 124.013788  68.911577 39.266
 48    27.803 53893.50890785 53.47 124.009768  68.914597 39.266
 48    27.795 53893.50890849 51.38 124.005748  68.917617 39.266
 48    27.870 53893.50890914 50.34 124.001728  68.920637 39.266
 48    27.877 53893.50890978 52.10 123.997708  68.923657 39.266
 48    27.816 53893.50891043 52.42 123.993678  68.926687 39.266
 48    27.754 53893.50891107 53.31 123.989658  68.929697 39.266
 48    27.704 53893.50891172 51.74 123.985638  68.932727 39.266
 48    27.750 53893.50891236 49.41 123.981612  68.935740 45.233
 49    89.414 53928.50895985  7.15 124.035532  68.888080  3.801
 49    89.270 53928.50896050  7.03 124.031522  68.891100  3.801
 49    90.357 53928.50896114  5.63 124.027512  68.894120  3.801
 49    90.573 53928.50896179  6.71 124.023492  68.897140  3.801
 49    90.835 53928.50896243  5.00 124.019482  68.900160  3.801
 49    90.818 53928.50896308  5.01 124.015472  68.903180  3.801
 49    90.667 53928.50896372  5.98 124.011452  68.906210  3.801
 49    90.435 53928.50896436  4.60 124.007442  68.909230  3.801
 49    89.370 53928.50896501  4.78 124.003422  68.912250  3.801
 49    88.798 53928.50896565  3.46 123.999402  68.915270  3.801
 49    87.758 53928.50896630  5.27 123.995382  68.918290  3.801
 49    87.331 53928.50896694  3.76 123.991362  68.921310  3.801
 49    87.254 53928.50896759  3.22 123.987342  68.924330  3.801
 49    86.864 53928.50896823  2.73 123.983322  68.927350  3.801
 49    86.497 53928.50896888  1.53 123.979292  68.930370  3.801
 50    15.995 53963.50894223 17.09 124.040202  68.894163 16.304
 50    15.664 53963.50894288 17.02 124.036192  68.897183 16.304
 50    15.280 53963.50894352 17.24 124.032182  68.900203 16.304
 50    14.945 53963.50894417 17.36 124.028172  68.903223 16.304
 50    14.998 53963.50894481 16.86 124.024152  68.906243 16.304
 50    15.201 53963.50894546 16.42 124.020142  68.909273 16.304
 50    15.501 53963.50894610 18.52 124.016122  68.912293 16.304
 50    15.511 53963.50894675 27.72 124.012112  68.915313 16.304
 50    15.493 53963.50894739 34.96 124.008092  68.918333 16.304
 50    15.601 53963.50894804 33.00 124.004072  68.921353 16.304
 50    15.354 53963.50894868 29.06 124.000052  68.924373 16.304
 50    15.163 53963.50894933 27.13 123.996032  68.927393 16.304
 50    20.680 53963.50894997 24.47 123.992012  68.930413 16.304
 50    22.275 53963.50895061 25.61 123.987982  68.933433 16.304
 50    21.624 53963.50895126 26.36 123.983962  68.936453 16.304
 51    74.079 53998.50888985 11.64 124.033006  68.880990  5.637
 51    60.169 53998.50889049 11.93 124.028991  68.884002  6.672
 51    59.526 53998.50889114 11.89 124.024981  68.887032  6.672
 51    57.013 53998.50889178 12.19 124.020961  68.890052  6.672
 51    56.682 53998.50889243 11.70 124.016951  68.893072  6.672
 51    23.244 53998.50889307 12.91 124.012931  68.896092  6.672
 51    24.648 53998.50889372 12.65 124.008921  68.899112  6.672
 51    26.623 53998.50889436 12.22 124.004901  68.902132  6.672
 51    27.725 53998.50889501 11.76 124.000881  68.905152  6.672
 51    27.925 53998.50889565 12.42 123.996861  68.908172  6.672
 51    29.466 53998.50889629 12.38 123.992841  68.911192  6.672
 51    29.971 53998.50889694 13.49 123.988821  68.914212  6.672
 51    29.612 53998.50889758 13.57 123.984801  68.917232  6.672
 51    29.133 53998.50889823 14.18 123.980771  68.920252  6.672
 52    88.881 54033.50893897 16.99 124.040347  68.889082 10.047
 52    89.663 54033.50893961 16.18 124.036332  68.892099  3.563
 52    90.131 54033.50894026 16.20 124.032322  68.895119  3.563
 52    90.831 54033.50894090 16.96 124.028302  68.898139  3.563
 52    90.590 54033.50894155 15.34 124.024292  68.901159  3.563
 52    90.761 54033.50894219 15.68 124.020272  68.904189  3.563
 52    90.534 54033.50894284 15.20 124.016262  68.907209  3.563
 52    90.135 54033.50894348 15.53 124.012242  68.910229  3.563
 52    89.591 54033.50894413 15.08 124.008222  68.913249  3.563
 52    88.697 54033.50894477 15.17 124.004202  68.916269  3.563
 52    88.080 54033.50894542 13.50 124.000182  68.919289  3.563
 52    88.227 54033.50894606 13.99 123.996162  68.922309  3.563
 52    88.003 54033.50894671 12.63 123.992142  68.925329  3.563
 52    87.465 54033.50894735 11.34 123.988112  68.928349  3.563
 52    87.520 54033.50894800  9.94 123.984092  68.931369  3.563
 52    85.669 54033.50894864  9.69 123.980062  68.934389  3.563
 54    92.435 54103.50889321 11.72 124.041809  68.903357  3.284
 54    92.671 54103.50889385 10.40 124.037799  68.906377  3.284
 54    92.473 54103.50889450 10.19 124.033779  68.909397  3.284
 54    91.949 54103.50889514 11.02 124.029769  68.912427  3.284
 54    91.755 54103.50889579 11.44 124.025749  68.915447  3.284
 54    92.113 54103.50889643  9.54 124.021739  68.918467  3.284
 54    89.368 54103.50889708 10.98 124.017719  68.921487  3.284
 54    88.619 54103.50889772 10.68 124.013699  68.924507  3.284
 54   102.729 54103.50889836  7.90 124.009679  68.927527  3.284
 54   102.370 54103.50889901  7.74 124.005659  68.930547  3.284
 54   102.004 54103.50889965  7.28 124.001639  68.933567  3.284
 54   101.180 54103.50890030  6.33 123.997609  68.936587  3.284
 54   101.210 54103.50890094  6.44 123.993589  68.939607  3.284
 54    99.699 54103.50890159  6.94 123.989569  68.942627  3.284
 54    98.983 54103.50890223  5.98 123.985539  68.945647  3.284
 55    87.688 54138.50886260  8.95 124.037470  68.888079  2.886
 55    88.102 54138.50886324  9.35 124.033460  68.891099  2.886
 55    89.145 54138.50886389  8.73 124.029440  68.894119  2.886
 55    89.568 54138.50886453  8.76 124.025430  68.897149  2.886
 55    89.203 54138.50886518  8.31 124.021420  68.900169  2.886
 55    89.623 54138.50886582  7.71 124.017400  68.903189  2.886
 55    89.459 54138.50886647  7.26 124.013390  68.906209  2.886
 55    88.678 54138.50886711  7.46 124.009370  68.909229  2.886
 55    87.832 54138.50886776  7.10 124.005350  68.912249  2.886
 55    87.867 54138.50886840  6.34 124.001330  68.915269  2.886
 55    87.411 54138.50886904  5.91 123.997310  68.918289  2.886
 55    86.976 54138.50886969  5.91 123.993290  68.921309  2.886
 55    96.398 54138.50887033  4.98 123.989270  68.924329  2.886
 55    95.980 54138.50887098  4.66 123.985240  68.927349  2.886
 55    86.368 54138.50887162  4.18 123.981220  68.930369  2.886
 56    92.010 54173.50887045  8.74 124.042677  68.898059  2.893
 56    92.199 54173.50887109  8.47 124.038657  68.901089  2.893
 56    92.217 54173.50887173  8.51 124.034647  68.904109  2.893
 56    91.614 54173.50887238  7.80 124.030637  68.907129  2.893
 56    91.603 54173.50887302  8.25 124.026617  68.910149  2.893
 56    91.487 54173.50887367  7.72 124.022607  68.913169  2.893
 56    91.144 54173.50887431  7.64 124.018587  68.916189  2.893
 56    91.481 54173.50887496  6.03 124.014567  68.919209  2.893
 56    91.152 54173.50887560  6.68 124.010551  68.922235  2.816
 56   101.010 54173.50887625  4.97 124.006531  68.925255  2.816
 56    90.384 54173.50887689  5.12 124.002511  68.928275  2.816
 56    91.423 54173.50887754  4.20 123.998491  68.931295  2.816
 56    99.707 54173.50887818  3.65 123.994461  68.934315  2.816
 56    99.057 54173.50887883  3.59 123.990441  68.937335  2.816
 56    98.701 54173.50887947  3.17 123.986421  68.940355  2.816
 56    97.922 54173.50888012  2.68 123.982391  68.943375  2.816
 57    87.237 54208.50886861  6.96 124.035483  68.888278  2.764
 57    89.016 54208.50886925  7.09 124.031463  68.891298  2.764
 57    88.878 54208.50886990  6.89 124.027453  68.894318  2.764
 57    88.548 54208.50887054  6.24 124.023443  68.897338  2.764
 57    88.810 54208.50887119  6.31 124.019433  68.900368  2.764
 57    88.824 54208.50887183  5.09 124.015413  68.903388  2.764
 57    88.913 54208.50887248  4.10 124.011393  68.906408  2.764
 57    88.094 54208.50887312  4.52 124.007383  68.909428  2.764
 57    88.609 54208.50887377  4.67 124.003363  68.912448  2.764
 57    86.665 54208.50887441  5.30 123.999345  68.915468  2.941
 57    87.320 54208.50887506  4.09 123.995325  68.918488  2.941
 57    87.138 54208.50887570  3.62 123.991295  68.921508  2.941
 57    86.781 54208.50887635  3.13 123.987275  68.924528  2.941
 57    85.414 54208.50887699  2.90 123.983255  68.927548  2.941
 57    85.279 54208.50887763  1.98 123.979225  68.930568  2.941
 58    95.883 54243.50890094  5.47 124.040053  68.892509  5.140
 58    93.922 54243.50890159  7.41 124.036043  68.895529  5.140
 58    96.289 54243.50890223  5.20 124.032033  68.898549  5.140
 58    95.585 54243.50890288  5.09 124.028023  68.901579  5.140
 58    96.712 54243.50890352  5.34 124.024003  68.904599  5.140
 58    92.090 54243.50890417  5.63 124.019993  68.907619  5.140
 58    93.246 54243.50890481  5.00 124.015973  68.910639  5.140
 58    90.625 54243.50890546  5.24 124.011953  68.913659  5.140
 58    94.504 54243.50890610  4.01 124.007943  68.916679  5.140
 58    94.180 54243.50890675  4.20 124.003919  68.919704  4.592
 58    93.796 54243.50890739  3.62 123.999899  68.922724  4.592
 58    93.818 54243.50890804  2.02 123.995879  68.925744  4.592
 58    94.621 54243.50890868  0.74 123.991849  68.928764  4.592
 58    98.163 54243.50890933  0.49 123.987829  68.931784  4.592
 59    24.305 54278.50891352 51.28 124.041137  68.891388 38.819
 59    24.268 54278.50891416 52.07 124.037127  68.894418 38.819
 59    24.107 54278.50891481 51.41 124.033117  68.897438 38.819
 59    24.123 54278.50891545 51.81 124.029107  68.900458 38.819
 59    24.202 54278.50891610 50.85 124.025087  68.903478 38.819
 59    24.191 54278.50891674 51.63 124.021077  68.906498 38.819
 59    24.037 54278.50891739 52.16 124.017057  68.909518 38.819
 59    24.106 54278.50891803 51.39 124.013037  68.912538 38.819
 59    24.115 54278.50891868 50.91 124.009027  68.915558 38.819
 59    23.993 54278.50891932 49.14 124.005007  68.918578 38.819
 59    23.985 54278.50891997 50.96 124.000987  68.921598 38.819
 59    24.059 54278.50892061 51.69 123.996967  68.924618 38.819
 59    24.038 54278.50892126 52.93 123.992937  68.927648 38.819
 59    23.916 54278.50892190 51.65 123.988917  68.930668 38.819
 59    23.940 54278.50892254 50.09 123.984887  68.933688 38.819
 59    23.976 54278.50892319 50.24 123.980867  68.936708 38.819
 60    20.414 54313.50891458 13.68 124.038964  68.896568  3.815
 60    20.237 54313.50891522 14.05 124.034954  68.899598  3.815
 60    20.401 54313.50891587 13.30 124.030944  68.902618  3.815
 60    75.519 54313.50891780  4.65 124.018894  68.911678  3.815
 60    91.138 54313.50891974  2.58 124.006843  68.920743  6.575
 60    90.947 54313.50892038  1.89 124.002823  68.923763  6.575
 60    90.512 54313.50892102  1.64 123.998803  68.926783  6.575
 60    89.927 54313.50892167  0.93 123.994773  68.929803  6.575
 60    88.455 54313.50892231  1.53 123.990753  68.932823  6.575
 60    87.591 54313.50892296  0.27 123.986723  68.935843  6.575
 61    61.096 54348.50888708 12.34 124.036840  68.905778  2.919
 61    96.860 54348.50889030  7.42 124.016760  68.920878  2.919
 61    97.413 54348.50889094  5.86 124.012741  68.923906  7.514
 61    95.355 54348.50889159  5.47 124.008721  68.926926  7.514
 61    96.321 54348.50889223  4.23 124.004701  68.929946  7.514
 61    91.340 54348.50889288  6.27 124.000681  68.932966  7.514
 61    90.459 54348.50889352  6.34 123.996651  68.935986  7.514
 61    88.696 54348.50889417  6.09 123.992631  68.939006  7.514
 61    93.069 54348.50889481  3.39 123.988611  68.942026  7.514
 61    91.210 54348.50889546  0.95 123.984581  68.945046  7.514
 62    16.449 54383.50885095 42.48 124.038884  68.888894 24.214
 62    16.539 54383.50885159 32.89 124.034874  68.891914 24.214
 62    16.545 54383.50885224 38.10 124.030854  68.894934 24.214
 62    16.524 54383.50885288 39.71 124.026844  68.897954 24.214
 62    16.428 54383.50885353 43.36 124.022824  68.900974 24.214
 62    16.296 54383.50885417 43.48 124.018814  68.903994 24.214
 62    16.350 54383.50885482 42.69 124.014794  68.907024 24.214
 62    16.408 54383.50885546 39.48 124.010784  68.910044 24.214
 62    16.384 54383.50885611 40.71 124.006764  68.913064 24.214
 62    16.275 54383.50885675 43.44 124.002744  68.916084 24.214
 62    16.260 54383.50885740 42.53 123.998724  68.919104 24.214
 62    16.320 54383.50885804 31.60 123.994704  68.922123 12.784
 62    16.333 54383.50885869 37.44 123.990674  68.925143 12.784
 62    16.354 54383.50885933 40.66 123.986654  68.928163 12.784
 62    16.366 54383.50885997 43.87 123.982624  68.931183 12.784
 63    91.760 54418.50883517 11.09 124.041006  68.899037  3.858
 63    92.128 54418.50883581 10.78 124.036996  68.902057  3.858
 63    92.129 54418.50883646 11.01 124.032986  68.905087  3.858
 63    91.951 54418.50883710 10.49 124.028976  68.908107  3.858
 63    91.314 54418.50883775  9.86 124.024956  68.911127  3.858
 63    91.229 54418.50883839  7.74 124.020936  68.914147  3.858
 63    91.545 54418.50883904  6.70 124.016926  68.917167  3.858
 63    91.505 54418.50883968  5.99 124.012906  68.920187  3.858
 63    91.975 54418.50884033  6.52 124.008886  68.923207  3.858
 63    92.133 54418.50884097  5.68 124.004860  68.926232  3.472
 63    92.240 54418.50884162  5.16 124.000840  68.929252  3.472
 63    91.486 54418.50884226  4.80 123.996820  68.932272  3.472
 63    91.609 54418.50884291  4.85 123.992800  68.935292  3.472
 63    90.966 54418.50884355  3.52 123.988770  68.938312  3.472
 63    89.952 54418.50884420  4.07 123.984750  68.941332  3.472
 64    87.652 54453.50882111  8.10 124.034004  68.886733  2.951
 64    87.888 54453.50882176  7.91 124.029984  68.889753  2.951
 64    88.370 54453.50882240  8.69 124.025974  68.892773  2.951
 64    88.949 54453.50882305  7.97 124.021964  68.895793  2.951
 64    89.274 54453.50882369  7.82 124.017944  68.898813  2.951
 64    89.245 54453.50882434  7.43 124.013934  68.901833  2.951
 64    89.558 54453.50882498  6.65 124.009914  68.904853  2.951
 64    88.762 54453.50882562  6.05 124.005894  68.907883  2.951
 64    87.924 54453.50882627  5.95 124.001874  68.910903  2.951
 64    87.334 54453.50882691  5.54 123.997854  68.913923  2.951
 64    86.902 54453.50882756  4.38 123.993834  68.916943  2.951
 64    85.972 54453.50882820  4.78 123.989817  68.919959  3.178
 64    95.224 54453.50882885  4.01 123.985797  68.922979  3.178
 64    85.630 54453.50882949  3.53 123.981767  68.925999  3.178
 65    91.241 54488.50883325  6.29 124.040612  68.896362  2.684
 65    91.215 54488.50883389  6.37 124.036592  68.899382  2.684
 65    91.097 54488.50883454  6.90 124.032582  68.902402  2.684
 65    90.651 54488.50883518  6.11 124.028572  68.905432  2.684
 65    90.298 54488.50883583  5.51 124.024552  68.908452  2.684
 65    90.623 54488.50883647  5.21 124.020542  68.911472  2.684
 65    90.113 54488.50883711  4.54 124.016522  68.914492  2.684
 65    98.835 54488.50883776  3.73 124.012502  68.917512  2.684
 65    90.706 54488.50883840  3.79 124.008482  68.920532  2.684
 65    90.880 54488.50883905  3.15 124.004462  68.923552  2.684
 65    99.369 54488.50883969  2.66 124.000442  68.926572  2.684
 65    90.701 54488.50884034  2.40 123.996422  68.929592  2.684
 65    99.308 54488.50884098  2.47 123.992392  68.932612  2.684
 65    89.690 54488.50884163  1.40 123.988372  68.935632  2.684
 65    97.896 54488.50884227  1.37 123.984342  68.938652  2.684
 66    88.260 54523.50883470  6.67 124.038615  68.890480  2.688
 66    88.757 54523.50883535  6.52 124.034605  68.893500  2.688
 66    90.470 54523.50883599  6.00 124.030595  68.896520  2.688
 66    89.812 54523.50883663  5.84 124.026585  68.899540  2.688
 66    89.539 54523.50883728  5.86 124.022565  68.902560  2.688
 66    90.411 54523.50883792  4.56 124.018553  68.905588  2.526
 66    90.233 54523.50883857  4.22 124.014533  68.908608  2.526
 66    89.956 54523.50883921  3.70 124.010513  68.911628  2.526
 66    89.441 54523.50883986  3.19 124.006503  68.914648  2.526
 66    88.505 54523.50884050  3.10 124.002483  68.917668  2.526
 66    87.745 54523.50884115  3.69 123.998463  68.920688  2.526
 66    86.240 54523.50884179  3.37 123.994433  68.923708  2.526
 66    96.713 54523.50884244  2.04 123.990413  68.926728  2.526
 66    96.562 54523.50884308  1.61 123.986393  68.929748  2.526
 66    87.223 54523.50884373  1.17 123.982363  68.932768  2.526
 67    92.372 54558.50884352  5.06 124.041016  68.899601  2.579
 67    92.513 54558.50884416  4.81 124.037006  68.902621  2.579
 67    92.483 54558.50884481  3.80 124.032996  68.905641  2.579
 67    92.123 54558.50884545  3.45 124.028976  68.908661  2.579
 67    91.924 54558.50884609  3.31 124.024966  68.911691  2.579
 67    91.721 54558.50884674  2.76 124.020950  68.914703  2.439
 67    92.011 54558.50884738  2.89 124.016930  68.917723  2.439
 67    92.519 54558.50884803  2.24 124.012910  68.920753  2.439
 67   100.080 54558.50884867  1.92 124.008890  68.923773  2.439
 67    91.171 54558.50884932  1.99 124.004870  68.926793  2.439
 67    91.395 54558.50884996  0.68 124.000850  68.929813  2.439
 67    92.122 54558.50885061  0.65 123.996830  68.932833  2.439
 67    98.994 54558.50885125  0.32 123.992800  68.935853  2.439
 67    98.265 54558.50885190  0.22 123.988780  68.938873  2.439
 67    97.200 54558.50885254  0.26 123.984750  68.941893  2.439
 68    90.458 54593.50883110  1.80 124.039783  68.891883  2.534
 68    90.912 54593.50883175  1.52 124.035773  68.894903  2.534
 68    91.444 54593.50883239  1.38 124.031753  68.897923  2.534
 68    91.559 54593.50883304  1.16 124.027743  68.900943  2.534
 68    91.519 54593.50883368  0.56 124.023733  68.903963  2.534
 68    90.955 54593.50883432  0.38 124.019714  68.906985  1.827
 69    26.034 54628.50884617 39.87 124.040453  68.893862 16.299
 69    26.163 54628.50884681 40.09 124.036443  68.896882 16.299
 69    26.268 54628.50884745 39.32 124.032423  68.899902 16.299
 69    26.067 54628.50884810 37.34 124.028413  68.902922 16.299
 69    26.207 54628.50884874 36.50 124.024393  68.905942 16.299
 69    26.206 54628.50884939 35.67 124.020382  68.908963 21.531
 69    25.982 54628.50885003 35.89 124.016362  68.911983 21.531
 69    25.787 54628.50885068 36.79 124.012352  68.915013 21.531
 69    25.909 54628.50885132 37.15 124.008332  68.918033 21.531
 69    26.059 54628.50885197 37.47 124.004312  68.921053 21.531
 69    25.996 54628.50885261 40.68 124.000292  68.924073 21.531
 69    25.894 54628.50885326 40.56 123.996262  68.927093 21.531
 69    25.962 54628.50885390 41.74 123.992242  68.930113 21.531
 69    25.810 54628.50885455 42.58 123.988222  68.933133 21.531
 69    25.955 54628.50885519 36.73 123.984192  68.936153 21.531
 69    25.927 54628.50885584 41.95 123.980172  68.939173 21.531
 70    89.735 54663.50885301  5.84 124.038650  68.891317  6.975
 70    91.376 54663.50885366  4.73 124.034640  68.894337  6.975
 70    91.704 54663.50885430  5.03 124.030630  68.897357  6.975
 70    92.287 54663.50885495  3.78 124.026620  68.900377  6.975
 70    91.958 54663.50885559  4.00 124.022600  68.903397  6.975
 70    91.221 54663.50885624  4.41 124.018590  68.906417  6.975
 70    89.794 54663.50885688  4.07 124.014575  68.909446  4.959
 70    90.927 54663.50885753  4.46 124.010555  68.912466  4.959
 70    89.568 54663.50885817  4.00 124.006535  68.915486  4.959
 70    90.028 54663.50885882  6.04 124.002515  68.918506  4.959
 70    90.298 54663.50885946  3.87 123.998495  68.921526  4.959
 70    90.575 54663.50886010  5.61 123.994475  68.924546  4.959
 70    90.055 54663.50886075  6.90 123.990455  68.927566  4.959
 70    89.552 54663.50886139  7.03 123.986425  68.930586  4.959
 70    88.971 54663.50886204  7.07 123.982405  68.933606  4.959
 71    21.133 54698.50882787 25.67 124.042936  68.901023  3.488
 71    20.953 54698.50882852 27.54 124.038916  68.904043  3.488
 71    20.966 54698.50882916 28.23 124.034906  68.907063  3.488
 71    20.888 54698.50882981 29.23 124.030896  68.910083  3.488
 71    20.870 54698.50883045 30.25 124.026876  68.913103  3.488
 71    20.841 54698.50883110 31.07 124.022856  68.916133  3.488
 71    20.887 54698.50883174 32.37 124.018844  68.919145 21.905
 71    20.983 54698.50883239 32.86 124.014824  68.922165 21.905
 71    21.055 54698.50883303 35.83 124.010804  68.925195 21.905
 71    21.067 54698.50883368 39.57 124.006784  68.928215 21.905
 71    21.071 54698.50883432 42.20 124.002764  68.931235 21.905
 71    21.085 54698.50883497 36.61 123.998744  68.934255 21.905
 71    21.028 54698.50883561 37.60 123.994714  68.937275 21.905
 71    20.961 54698.50883626 39.69 123.990694  68.940295 21.905
 71    20.951 54698.50883690 43.38 123.986664  68.943315 21.905
 72    92.967 54733.50880995  4.46 124.036154  68.887713  3.876
 72    90.186 54733.50881059  4.93 124.032144  68.890733  3.876
 72    90.742 54733.50881124  5.03 124.028134  68.893753  3.876
 72    90.686 54733.50881188  5.05 124.024124  68.896773  3.876
 72    90.239 54733.50881253  6.14 124.020104  68.899793  3.876
 72    90.665 54733.50881317  5.04 124.016084  68.902813  3.876
 72    89.693 54733.50881382  4.74 124.012075  68.905840  3.964
 72    88.389 54733.50881446  4.58 124.008055  68.908860  3.964
 72    88.815 54733.50881511  3.85 124.004035  68.911880  3.964
 72    88.329 54733.50881575  3.85 124.000015  68.914900  3.964
 72    87.729 54733.50881639  2.64 123.995995  68.917920  3.964
 72    87.505 54733.50881704  2.39 123.991975  68.920940  3.964
 72    87.154 54733.50881768  1.82 123.987955  68.923960  3.964
 72    86.726 54733.50881833  1.69 123.983925  68.926980  3.964
 72    85.661 54733.50881897  1.44 123.979905  68.930000  3.964
 73    90.574 54768.50880609 13.00 124.042986  68.893578  6.794
 73    91.069 54768.50880673 11.88 124.038976  68.896598  6.794
 73    91.305 54768.50880738 11.47 124.034966  68.899618  6.794
 73    91.182 54768.50880802 11.40 124.030946  68.902638  6.794
 73    90.981 54768.50880867 10.80 124.026936  68.905658  6.794
 73    91.674 54768.50880931 11.15 124.022916  68.908678  6.794
 73    90.716 54768.50880996 11.09 124.018906  68.911698  6.794
 73    90.354 54768.50881060  9.45 124.014891  68.914725  3.254
 73    90.173 54768.50881125  9.51 124.010871  68.917745  3.254
 73    89.704 54768.50881189  9.20 124.006851  68.920765  3.254
 73    89.472 54768.50881254  8.15 124.002831  68.923785  3.254
 73    89.315 54768.50881318  6.97 123.998811  68.926805  3.254
 73    90.162 54768.50881382  6.80 123.994781  68.929825  3.254
 73    85.880 54768.50881447  7.98 123.990761  68.932845  3.254
 73    85.512 54768.50881511  6.56 123.986741  68.935865  3.254
 73    87.989 54768.50881576  5.59 123.982711  68.938885  3.254
 74    87.977 54803.50880346  9.98 124.037675  68.885969  3.656
 74    88.719 54803.50880411  9.86 124.033665  68.888989  3.656
 74    88.889 54803.50880475 10.11 124.029645  68.892009  3.656
 74    89.630 54803.50880540  9.55 124.025635  68.895029  3.656
 74    89.997 54803.50880604  8.92 124.021625  68.898049  3.656
 74    89.670 54803.50880669  8.71 124.017605  68.901069  3.656
 74    87.471 54803.50880733  8.62 124.013592  68.904095  2.760
 74    89.629 54803.50880798  7.50 124.009572  68.907115  2.760
 74    89.094 54803.50880862  7.03 124.005562  68.910135  2.760
 74    88.049 54803.50880927  6.85 124.001542  68.913155  2.760
 74    87.572 54803.50880991  6.26 123.997522  68.916175  2.760
 74    87.210 54803.50881056  6.05 123.993502  68.919195  2.760
 74    86.460 54803.50881120  6.27 123.989472  68.922215  2.760
 74    86.268 54803.50881184  4.98 123.985452  68.925235  2.760
 74    96.152 54803.50881249  4.19 123.981432  68.928255  2.760
 75    90.859 54838.50879994  8.37 124.039539  68.894226  3.489
 75    91.206 54838.50880058  8.19 124.035529  68.897246  3.489
 75    91.505 54838.50880123  8.09 124.031519  68.900266  3.489
 75    91.122 54838.50880187  8.32 124.027499  68.903286  3.489
 75    90.174 54838.50880252  7.16 124.023489  68.906306  3.489
 75    90.609 54838.50880316  6.23 124.019469  68.909326  3.489
 75    97.863 54838.50880381  5.22 124.015451  68.912354  2.745
 75    89.979 54838.50880445  5.82 124.011431  68.915374  2.745
 75    89.739 54838.50880510  4.92 124.007411  68.918394  2.745
 75    98.481 54838.50880574  5.72 124.003401  68.921414  2.745
 75    89.712 54838.50880639  5.31 123.999371  68.924434  2.745
 75    98.724 54838.50880703  3.26 123.995351  68.927454  2.745
 75    88.236 54838.50880768  3.20 123.991331  68.930474  2.745
 75    98.522 54838.50880832  2.81 123.987301  68.933494  2.745
 75    97.725 54838.50880896  1.99 123.983281  68.936514  2.745
 76    89.204 54873.50880331  6.74 124.038536  68.888183  3.299
 76    89.282 54873.50880396  6.65 124.034526  68.891203  3.299
 76    90.006 54873.50880460  6.99 124.030516  68.894223  3.299
 76    90.423 54873.50880525  6.54 124.026496  68.897243  3.299
 76    90.760 54873.50880589  6.02 124.022486  68.900263  3.299
 76    91.015 54873.50880654  5.12 124.018467  68.903292  2.774
 76    90.148 54873.50880718  4.99 124.014457  68.906312  2.774
 76    89.135 54873.50880783  5.15 124.010437  68.909332  2.774
 76    88.892 54873.50880847  4.25 124.006417  68.912352  2.774
 76    88.274 54873.50880911  4.03 124.002397  68.915372  2.774
 76    87.932 54873.50880976  4.25 123.998377  68.918392  2.774
 76    88.192 54873.50881040  4.10 123.994357  68.921412  2.774
 76    96.359 54873.50881105  3.33 123.990337  68.924432  2.774
 76    95.444 54873.50881169  2.45 123.986317  68.927452  2.774
 76    86.480 54873.50881234  1.61 123.982287  68.930472  2.774
 77    92.590 54908.50880760  6.81 124.042955  68.899815  3.268
 77    92.459 54908.50880824  6.87 124.038945  68.902835  3.268
 77    92.616 54908.50880889  6.36 124.034935  68.905855  3.268
 77    92.263 54908.50880953  5.67 124.030925  68.908875  3.268
 77    91.760 54908.50881018  6.85 124.026905  68.911905  3.268
 77    99.009 54908.50881082  5.17 124.022891  68.914917  2.866
 77    91.908 54908.50881147  5.37 124.018871  68.917937  2.866
 77    91.888 54908.50881211  4.81 124.014861  68.920967  2.866
 77    91.552 54908.50881276  4.67 124.010841  68.923987  2.866
 77   100.682 54908.50881340  2.81 124.006821  68.927007  2.866
 77   100.347 54908.50881405  2.70 124.002801  68.930027  2.866
 77    90.165 54908.50881469  2.51 123.998771  68.933047  2.866
 77    99.723 54908.50881533  1.92 123.994751  68.936067  2.866
 77    98.818 54908.50881598  1.79 123.990731  68.939087  2.866
 77    88.381 54908.50881662  1.65 123.986701  68.942107  2.866
 78    18.626 54943.50879633 16.76 124.036477  68.888098  6.701
 78    14.579 54943.50879698 18.22 124.032467  68.891118  6.701
 78    14.650 54943.50879762 20.69 124.028447  68.894138  6.701
 78    14.551 54943.50879826 23.20 124.024437  68.897158  6.701
 78    14.835 54943.50879891 22.42 124.020427  68.900178  6.701
 78    14.560 54943.50879955 23.73 124.016413  68.903198 14.107
 78    14.543 54943.50880020 22.57 124.012393  68.906228 14.107
 78    14.383 54943.50880084 23.02 124.008373  68.909248 14.107
 78    14.336 54943.50880149 22.30 124.004353  68.912268 14.107
 78    14.499 54943.50880213 21.87 124.000343  68.915288 14.107
 78    15.961 54943.50880278 18.30 123.996313  68.918308 14.107
 78    24.751 54943.50880342 17.43 123.992293  68.921328 14.107
 78    26.131 54943.50880407 14.83 123.988273  68.924348 14.107
 78    26.318 54943.50880471 17.20 123.984253  68.927368 14.107
 78    21.160 54943.50880536 26.06 123.980223  68.930388 14.107
 79    24.596 54978.50882398 45.38 124.041617  68.891539 13.124
 79    24.420 54978.50882462 36.30 124.037607  68.894559 13.124
 79    24.405 54978.50882527 29.72 124.033597  68.897579 13.124
 79    24.380 54978.50882591 30.15 124.029577  68.900599 13.124
 79    24.443 54978.50882656 34.26 124.025567  68.903629 13.124
 79    24.518 54978.50882720 37.32 124.021546  68.906643 26.441
 79    24.665 54978.50882785 39.43 124.017536  68.909663 26.441
 79    24.597 54978.50882849 47.92 124.013516  68.912683 26.441
 79    24.691 54978.50882913 42.98 124.009496  68.915713 26.441
 79    24.328 54978.50882978 28.48 124.005476  68.918733 26.441
 79    23.662 54978.50883042 26.44 124.001456  68.921753 26.441
 79    23.873 54978.50883107 22.76 123.997436  68.924773 26.441
 79    24.241 54978.50883171 22.80 123.993416  68.927793 26.441
 79    24.510 54978.50883236 26.47 123.989396  68.930813 26.441
 79    24.792 54978.50883300 29.75 123.985366  68.933833 26.441
 79    26.010 54978.50883365 29.94 123.981346  68.936853 26.441
 80    22.655 55013.50883027 51.73 124.039146  68.894926 20.269
 80    22.490 55013.50883091 51.81 124.035136  68.897946 20.269
 80    22.402 55013.50883156 52.63 124.031126  68.900966 20.269
 80    22.338 55013.50883220 52.02 124.027106  68.903986 20.269
 80    22.450 55013.50883285 50.64 124.023096  68.907006 20.269
 80    22.311 55013.50883349 49.59 124.019076  68.910026 20.269
 80    22.294 55013.50883413 54.36 124.015058  68.913054 44.380
 80    22.342 55013.50883478 53.64 124.011038  68.916074 44.380
 80    22.403 55013.50883542 51.24 124.007018  68.919094 44.380
 80    22.401 55013.50883607 52.24 124.003008  68.922114 44.380
 80    22.276 55013.50883671 52.97 123.998978  68.925134 44.380
 80    22.203 55013.50883736 52.49 123.994958  68.928154 44.380
 80    22.208 55013.50883800 53.24 123.990938  68.931174 44.380
 80    22.217 55013.50883865 52.22 123.986918  68.934194 44.380
 80    22.280 55013.50883929 51.65 123.982888  68.937214 44.380
 81    16.984 55048.50882287 45.78 124.040786  68.892463 14.902
 81    17.052 55048.50882352 43.05 124.036776  68.895483 14.902
 81    17.107 55048.50882416 37.33 124.032766  68.898503 14.902
 81    16.870 55048.50882481 39.96 124.028756  68.901523 14.902
 81    16.905 55048.50882545 39.87 124.024736  68.904543 14.902
 81    16.961 55048.50882610 38.05 124.020716  68.907563 14.902
 81    16.874 55048.50882674 28.11 124.016706  68.910583 17.049
 81    16.337 55048.50882739 26.91 124.012686  68.913613 17.049
 81    16.157 55048.50882803 25.71 124.008666  68.916633 17.049
 81    16.198 55048.50882868 25.48 124.004646  68.919653 17.049
 81    16.408 55048.50882932 28.19 124.000626  68.922673 17.049
 81    16.698 55048.50882997 30.03 123.996606  68.925693 17.049
 81    17.138 55048.50883061 27.05 123.992586  68.928713 17.049
 81    20.461 55048.50883126 24.87 123.988556  68.931733 17.049
 81    24.949 55048.50883190 24.77 123.984536  68.934753 17.049
 81    21.574 55048.50883254 27.17 123.980506  68.937773 17.049
 82    95.552 55083.50879588  7.46 124.032681  68.910677  4.282
 82    96.943 55083.50879652  7.39 124.028671  68.913697  4.282
 82    95.001 55083.50879717  7.79 124.024651  68.916727  4.282
 82    94.866 55083.50879781  7.01 124.020628  68.919740  3.386
 82    96.344 55083.50879846  6.27 124.016618  68.922770  3.386
 82    94.058 55083.50879910  5.63 124.012598  68.925790  3.386
 82    96.079 55083.50879974  5.36 124.008578  68.928810  3.386
 82    95.858 55083.50880039  4.47 124.004558  68.931830  3.386
 82    97.069 55083.50880103  3.82 124.000528  68.934850  3.386
 82    94.657 55083.50880168  3.28 123.996508  68.937870  3.386
 82    95.136 55083.50880232  3.00 123.992478  68.940890  3.386
 82    93.519 55083.50880297  1.90 123.988458  68.943910  3.386
 82    90.905 55083.50880361  1.53 123.984428  68.946930  3.386
 83    84.286 55118.50875381 14.46 124.038158  68.888305  6.177
 83    83.723 55118.50875445 14.07 124.034148  68.891325  6.177
 83    88.619 55118.50875510 12.59 124.030138  68.894345  6.177
 83    89.788 55118.50875574 11.29 124.026118  68.897365  6.177
 83    89.558 55118.50875639 11.63 124.022108  68.900385  6.177
 83    89.657 55118.50875703 12.17 124.018088  68.903405  6.177
 83    90.262 55118.50875768 10.83 124.014078  68.906425  6.177
 83    85.009 55118.50875832 12.55 124.010061  68.909449  4.805
 83    83.941 55118.50875897 14.25 124.006041  68.912469  4.805
 83    87.584 55118.50875961 10.80 124.002021  68.915489  4.805
 83    87.719 55118.50876026  9.53 123.998001  68.918509  4.805
 83    85.260 55118.50876090  9.29 123.993981  68.921529  4.805
 83    85.499 55118.50876154  9.22 123.989951  68.924549  4.805
 83    84.564 55118.50876219  8.56 123.985931  68.927569  4.805
 83    84.394 55118.50876283  7.47 123.981911  68.930589  4.805
 84    91.321 55153.50875182 12.97 124.039805  68.896501  4.665
 84    91.334 55153.50875247 13.02 124.035795  68.899521  4.665
 84    91.556 55153.50875311 13.25 124.031785  68.902541  4.665
 84    91.285 55153.50875376 13.28 124.027765  68.905561  4.665
 84    90.408 55153.50875440 12.44 124.023755  68.908581  4.665
 84    90.488 55153.50875505 12.53 124.019735  68.911601  4.665
 84    90.541 55153.50875569 10.87 124.015718  68.914629  3.064
 84    90.279 55153.50875634 10.03 124.011698  68.917649  3.064
 84    90.203 55153.50875698 10.26 124.007678  68.920669  3.064
 84    87.193 55153.50875763 10.02 124.003658  68.923689  3.064
 84    90.277 55153.50875827  8.53 123.999638  68.926709  3.064
 84    90.457 55153.50875891  7.89 123.995618  68.929729  3.064
 84    99.766 55153.50875956  6.67 123.991598  68.932749  3.064
 84    89.737 55153.50876020  6.62 123.987568  68.935769  3.064
 84    89.024 55153.50876085  5.84 123.983548  68.938789  3.064
 85    87.993 55188.50874211  9.85 124.037899  68.886203  3.564
 85    88.823 55188.50874275  9.13 124.033889  68.889223  3.564
 85    89.287 55188.50874340  9.30 124.029879  68.892243  3.564
 85    89.071 55188.50874404  8.80 124.025869  68.895263  3.564
 85    89.765 55188.50874469  9.15 124.021859  68.898283  3.564
 85    89.473 55188.50874533  8.50 124.017839  68.901303  3.564
 85    89.888 55188.50874598  8.07 124.013822  68.904330  3.153
 85    88.622 55188.50874662  7.39 124.009802  68.907350  3.153
 85    89.008 55188.50874726  7.04 124.005792  68.910370  3.153
 85    87.707 55188.50874791  6.51 124.001772  68.913390  3.153
 85    87.723 55188.50874855  6.63 123.997752  68.916410  3.153
 85    86.397 55188.50874920  7.20 123.993732  68.919430  3.153
 85    86.406 55188.50874984  6.35 123.989702  68.922450  3.153
 85    86.171 55188.50875049  5.89 123.985682  68.925470  3.153
 85    84.692 55188.50875113  5.99 123.981662  68.928490  3.153
 86    91.285 55223.50875069  8.90 124.041141  68.894965  3.361
 86    91.624 55223.50875133  8.60 124.037131  68.897985  3.361
 86    91.733 55223.50875198  8.70 124.033121  68.901005  3.361
 86    92.000 55223.50875262  7.47 124.029101  68.904025  3.361
 86    91.897 55223.50875327  6.62 124.025091  68.907045  3.361
 86    91.534 55223.50875391  5.92 124.021071  68.910065  3.361
 86    90.529 55223.50875456  6.40 124.017060  68.913094  2.955
 86    90.245 55223.50875520  6.55 124.013040  68.916114  2.955
 86    89.428 55223.50875584  6.05 124.009020  68.919134  2.955
 86    89.941 55223.50875649  6.08 124.005000  68.922154  2.955
 86    89.958 55223.50875713  4.86 124.000980  68.925174  2.955
 86    99.899 55223.50875778  3.59 123.996960  68.928194  2.955
 86    99.262 55223.50875842  3.13 123.992940  68.931214  2.955
 86    98.701 55223.50875907  2.85 123.988910  68.934234  2.955
 86    98.326 55223.50875971  2.97 123.984890  68.937254  2.955
 86    97.077 55223.50876036  1.37 123.980860  68.940274  2.955
 87    90.200 55258.50873911  7.83 124.037820  68.892842  3.347
 87    90.866 55258.50873976  7.26 124.033810  68.895862  3.347
 87    91.151 55258.50874040  7.23 124.029790  68.898882  3.347
 87    91.207 55258.50874105  7.11 124.025780  68.901902  3.347
 87    91.130 55258.50874169  5.93 124.021764  68.904931  2.805
 87    91.000 55258.50874234  5.73 124.017754  68.907951  2.805
 87    90.159 55258.50874298  4.92 124.013734  68.910971  2.805
 87    89.253 55258.50874363  5.12 124.009714  68.913991  2.805
 87    89.024 55258.50874427  5.23 124.005694  68.917011  2.805
 87    87.668 55258.50874492  5.54 124.001674  68.920031  2.805
 87    88.669 55258.50874556  4.58 123.997654  68.923051  2.805
 87    88.375 55258.50874620  3.26 123.993634  68.926071  2.805
 87    88.254 55258.50874685  2.30 123.989614  68.929091  2.805
 87    86.793 55258.50874749  1.60 123.985584  68.932111  2.805
 87    85.918 55258.50874814  1.06 123.981564  68.935131  2.805
 88    92.427 55293.50873875  7.31 124.043911  68.899424  2.882
 88    92.790 55293.50873939  7.01 124.039901  68.902444  2.882
 88    92.638 55293.50874004  7.09 124.035891  68.905464  2.882
 88    92.591 55293.50874068  5.80 124.031871  68.908484  2.882
 88    92.098 55293.50874132  5.67 124.027861  68.911504  2.882
 88    92.096 55293.50874197  4.42 124.023841  68.914524  2.882
 88    91.932 55293.50874261  4.70 124.019824  68.917545  2.741
 88   102.329 55293.50874326  4.21 124.015804  68.920575  2.741
 88    91.526 55293.50874390  3.76 124.011784  68.923595  2.741
 88   103.078 55293.50874455  3.04 124.007774  68.926615  2.741
 88   102.451 55293.50874519  2.05 124.003744  68.929635  2.741
 88    93.307 55293.50874584  1.91 123.999724  68.932655  2.741
 88   101.700 55293.50874648  1.53 123.995704  68.935675  2.741
 88   101.091 55293.50874713  0.92 123.991674  68.938695  2.741
 88    88.691 55293.50874777  0.65 123.987654  68.941715  2.741
 88    97.419 55293.50874842  0.43 123.983624  68.944735  2.741
 89    11.494 55328.50872167 37.09 124.041508  68.889887 20.601
 89    11.561 55328.50872231 42.10 124.037498  68.892907 20.601
 89    11.435 55328.50872296 41.61 124.033488  68.895927 20.601
 89    11.383 55328.50872360 42.48 124.029478  68.898947 20.601
 89    11.357 55328.50872425 43.63 124.025458  68.901967 20.601
 89    11.406 55328.50872489 41.30 124.021448  68.904987 20.601
 89    11.614 55328.50872554 40.71 124.017428  68.908007 20.601
 89    11.431 55328.50872618 42.79 124.013413  68.911028 19.820
 89    13.840 55328.50872683 32.94 124.009393  68.914048 19.820
 89    14.081 55328.50872747 34.44 124.005373  68.917078 19.820
 89    14.465 55328.50872812 32.48 124.001353  68.920098 19.820
 89    14.658 55328.50872876 34.38 123.997333  68.923118 19.820
 89    14.493 55328.50872941 36.19 123.993313  68.926138 19.820
 89    13.337 55328.50873005 39.11 123.989293  68.929158 19.820
 89    13.367 55328.50873070 45.47 123.985263  68.932178 19.820
 89    13.579 55328.50873134 40.02 123.981243  68.935198 19.820
 90    21.651 55363.50871823 26.94 124.039943  68.898638  7.788
 90    21.546 55363.50871887 32.23 124.035933  68.901658  7.788
 90    21.624 55363.50871952 32.61 124.031923  68.904678  7.788
 90    21.515 55363.50872016 32.94 124.027903  68.907698  7.788
 90    21.554 55363.50872081 30.30 124.023893  68.910718  7.788
 90    21.344 55363.50872145 26.51 124.019876  68.913748 20.381
 90    21.398 55363.50872210 26.43 124.015856  68.916768 20.381
 90    21.044 55363.50872274 26.23 124.011836  68.919788 20.381
 90    20.904 55363.50872339 26.56 124.007816  68.922808 20.381
 90    20.594 55363.50872403 27.33 124.003796  68.925828 20.381
 90    20.393 55363.50872468 26.88 123.999776  68.928848 20.381
 90    20.567 55363.50872532 27.29 123.995756  68.931868 20.381
 90    20.938 55363.50872597 26.37 123.991726  68.934888 20.381
 90    21.264 55363.50872661 26.44 123.987706  68.937908 20.381
 90    24.303 55363.50872725 26.31 123.983676  68.940928 20.381
 91    83.223 55398.50872567  8.66 124.036962  68.887698  8.413
 91    83.332 55398.50872631  9.26 124.032952  68.890718  8.413
 91    83.860 55398.50872696  9.01 124.028942  68.893738  8.413
 91    84.271 55398.50872760 10.37 124.024932  68.896758  8.413
 91    84.808 55398.50872825  8.30 124.020912  68.899778  8.413
 91    84.940 55398.50872889  9.14 124.016902  68.902798  8.413
 91    84.948 55398.50872954  7.46 124.012878  68.905825  7.809
 91    84.932 55398.50873018  7.59 124.008868  68.908845  7.809
 91    85.533 55398.50873083  6.51 124.004848  68.911865  7.809
 91    85.407 55398.50873147  4.69 124.000828  68.914885  7.809
 91    84.510 55398.50873212  5.45 123.996808  68.917905  7.809
 91    85.535 55398.50873276  3.98 123.992788  68.920925  7.809
 91    84.933 55398.50873340  2.84 123.988768  68.923945  7.809
 91    83.532 55398.50873405  2.41 123.984738  68.926965  7.809
 91    80.144 55398.50873469  3.85 123.980718  68.929985  7.809
 92    91.169 55433.50873338  7.90 124.041709  68.894269  4.138
 92    91.517 55433.50873403  8.48 124.037699  68.897289  4.138
 92    91.749 55433.50873467  7.45 124.033689  68.900309  4.138
 92    92.247 55433.50873531  6.87 124.029669  68.903329  4.138
 92    91.595 55433.50873596  6.05 124.025659  68.906349  4.138
 92    90.544 55433.50873660  6.84 124.021639  68.909369  4.138
 92    90.913 55433.50873725  6.16 124.017622  68.912399  4.057
 92    90.692 55433.50873789  5.66 124.013602  68.915419  4.057
 92    91.852 55433.50873854  4.70 124.009582  68.918439  4.057
 92    91.255 55433.50873918  3.99 124.005572  68.921459  4.057
 92    90.537 55433.50873983  3.60 124.001542  68.924479  4.057
 92    86.661 55433.50874047  3.35 123.997522  68.927499  4.057
 92    91.191 55433.50874112  2.29 123.993502  68.930519  4.057
 92    90.231 55433.50874176  2.30 123.989472  68.933539  4.057
 92    90.050 55433.50874241  1.10 123.985452  68.936559  4.057
 92    88.166 55433.50874305  0.99 123.981422  68.939579  4.057
 93    15.416 55468.50869153 15.88 124.045977  68.903153  3.819
 93    14.734 55468.50869217 15.87 124.041967  68.906173  3.819
 93    21.467 55468.50869282 15.62 124.037947  68.909193  3.819
 93    22.351 55468.50869346 15.47 124.033937  68.912213  3.819
 93    23.222 55468.50869411 15.10 124.029917  68.915233  3.819
 93    24.251 55468.50869475 14.26 124.025907  68.918263  3.819
 93    24.235 55468.50869539 15.52 124.021892  68.921275 10.082
 93    23.870 55468.50869604 16.80 124.017872  68.924305 10.082
 93    16.190 55468.50869668 23.36 124.013852  68.927325 10.082
 93    16.157 55468.50869733 26.28 124.009832  68.930345 10.082
 93    16.080 55468.50869797 27.45 124.005812  68.933365 10.082
 93    18.672 55468.50869862 24.98 124.001782  68.936385 10.082
 93    23.675 55468.50869926 20.27 123.997762  68.939405 10.082
 93    26.570 55468.50869991 18.68 123.993742  68.942425 10.082
 93    26.806 55468.50870055 19.18 123.989712  68.945445 10.082
