# NaN NaN NaN ;Mean Elev.(m), Avg Gradient(m/km), RMS Gradient(m/km) - SRTM1     
#  -28.000  -2.577   9.533 ;Mean Elev.(m), Avg Gradient(m/km), RMS Gradient(m/km) - ASTER GDEM
#    1.309   0.672   5.614 ;Mean Elev.(m), Avg Gradient(m/km), RMS Gradient(m/km) - GMTED2010 
  6     5.599 52440.14241986 17.71 126.918880  72.429118 22.908
  6     5.086 52440.14242051 16.27 126.913280  72.426228 22.908
  6     5.352 52440.14242115 14.78 126.907680  72.423338 22.908
  6     6.316 52440.14242179 13.25 126.902080  72.420448 22.908
  6     6.348 52440.14242244 13.05 126.896480  72.417568 22.908
  6     6.552 52440.14242308 12.73 126.890874  72.414677  3.899
  6     6.652 52440.14242373 13.20 126.885284  72.411787  3.899
  7     3.658 52475.14241788 27.67 126.920442  72.427733  7.193
  7     3.703 52475.14241853 23.37 126.914832  72.424843  7.193
  7     3.501 52475.14241917 19.61 126.909231  72.421958  2.700
  7     3.136 52475.14241982 19.37 126.903631  72.419068  2.700
  7     3.204 52475.14242046 18.71 126.898031  72.416178  2.700
  7     0.624 52475.14242111 18.28 126.892441  72.413288  2.700
  7    -0.371 52475.14242175 17.68 126.886841  72.410398  2.700
  8     2.575 52510.14237665 33.20 126.917697  72.427766  6.042
  8     2.664 52510.14237730 34.60 126.912097  72.424876  6.042
  8     2.562 52510.14237794 31.04 126.906497  72.421986  6.042
  8     2.431 52510.14237859 26.96 126.900897  72.419096  6.042
  8     2.547 52510.14237923 24.53 126.895297  72.416206  6.042
  8     2.524 52510.14237988 22.92 126.889707  72.413316  6.042
  8     2.067 52510.14238052 22.16 126.884107  72.410426  6.042
  9     2.950 52545.14238454 33.90 126.945688  72.427196 11.544
  9     3.056 52545.14238519 39.45 126.940078  72.424306 11.544
  9     3.054 52545.14238583 41.39 126.934478  72.421416 11.544
  9     2.903 52545.14238648 35.87 126.928868  72.418526 11.544
  9     2.811 52545.14238712 29.45 126.923268  72.415646 11.544
  9     2.610 52545.14238777 28.05 126.917668  72.412756 11.544
  9     2.524 52545.14238841 24.77 126.912068  72.409866 11.544
 10     2.968 52580.14241644 25.04 126.930767  72.428605  4.707
 10     3.061 52580.14241708 25.58 126.925157  72.425715  4.707
 10     3.049 52580.14241773 26.20 126.919557  72.422835  4.707
 10     2.917 52580.14241837 25.77 126.913957  72.419945  4.707
 10     2.831 52580.14241902 26.41 126.908357  72.417055  4.707
 10     2.482 52580.14241966 26.59 126.902757  72.414165  4.707
 10     2.500 52580.14242031 26.13 126.897157  72.411275  4.707
 11     2.980 52615.14238511 22.77 126.908930  72.429504  5.311
 11     2.992 52615.14238575 22.94 126.903330  72.426614  5.311
 11     2.994 52615.14238640 24.56 126.897730  72.423724  5.311
 11     2.990 52615.14238704 25.27 126.892130  72.420834  5.311
 11     3.110 52615.14238769 25.46 126.886530  72.417944  5.311
 11     2.881 52615.14238833 24.19 126.880940  72.415064  5.311
 11     2.582 52615.14238898 24.99 126.875340  72.412174  5.311
 12     3.262 52650.14236274 23.02 126.943178  72.430276  4.306
 12     3.171 52650.14236338 23.14 126.937578  72.427386  4.306
 12     3.072 52650.14236403 24.44 126.931968  72.424496  4.306
 12     3.091 52650.14236467 24.81 126.926368  72.421616  4.306
 12     3.130 52650.14236532 24.09 126.920758  72.418726  4.306
 12     3.073 52650.14236596 24.13 126.915168  72.415836  4.306
 12     2.801 52650.14236660 24.66 126.909568  72.412946  4.306
 12     2.468 52650.14236725 24.31 126.903968  72.410056  4.306
 14     2.989 52720.14240033 21.30 126.929231  72.428801  3.406
 14     3.090 52720.14240097 21.37 126.923621  72.425921  3.406
 14     3.062 52720.14240162 22.46 126.918021  72.423031  3.406
 14     3.177 52720.14240226 22.45 126.912421  72.420141  3.406
 14     3.161 52720.14240290 22.27 126.906821  72.417251  3.406
 14     3.059 52720.14240355 22.07 126.901221  72.414361  3.406
 14     2.569 52720.14240419 22.12 126.895621  72.411471  3.406
 15     2.869 52755.14242511 18.74 126.902600  72.429317  6.753
 15     2.971 52755.14242575 20.32 126.896990  72.426427  6.753
 15     2.958 52755.14242640 22.76 126.891390  72.423537  6.753
 15     3.083 52755.14242704 23.24 126.885790  72.420647  6.753
 15     2.987 52755.14242769 23.26 126.880200  72.417767  6.753
 15     2.859 52755.14242833 22.41 126.874600  72.414877  6.753
 15     2.563 52755.14242898 22.63 126.869010  72.411987  6.753
 16     3.442 52790.14237197 37.11 126.953027  72.429124 12.521
 16     3.146 52790.14237261 43.79 126.947417  72.426234 12.521
 16     3.018 52790.14237326 44.05 126.941807  72.423354 12.521
 16     3.001 52790.14237390 43.88 126.936197  72.420464 12.521
 16     2.843 52790.14237455 35.97 126.930597  72.417574 12.521
 16     2.671 52790.14237519 32.51 126.924997  72.414684 12.521
 16     2.360 52790.14237584 30.12 126.919397  72.411794 12.521
 16     1.830 52790.14237648 30.88 126.913797  72.408914 12.521
 17     5.263 52825.14244211 33.09 126.946240  72.428822  8.069
 17     4.659 52825.14244276 28.68 126.940630  72.425932  8.069
 17     4.078 52825.14244340 25.84 126.935020  72.423052  8.069
 17     3.476 52825.14244405 23.92 126.929420  72.420162  8.069
 17     3.565 52825.14244469 21.22 126.923820  72.417272  8.069
 17     3.805 52825.14244534 20.50 126.918220  72.414382  8.069
 17     8.625 52825.14244598 18.74 126.912620  72.411492  8.069
 17     4.596 52825.14244663 23.03 126.907020  72.408612  8.069
 18     3.452 52860.14248813 35.08 126.945300  72.428370  9.558
 18     3.243 52860.14248878 32.88 126.939700  72.425480  9.558
 18     3.300 52860.14248942 35.49 126.934090  72.422600  9.558
 18     3.272 52860.14249007 36.46 126.928490  72.419710  9.558
 18     3.083 52860.14249071 34.63 126.922890  72.416820  9.558
 18     3.181 52860.14249136 25.52 126.917290  72.413930  9.558
 18     2.834 52860.14249200 22.38 126.911690  72.411050  9.558
 18     2.280 52860.14249264 21.02 126.906090  72.408160  9.558
 19     3.122 52895.14251946 40.48 126.921432  72.428996 20.664
 19     3.200 52895.14252010 31.82 126.915832  72.426106 20.664
 19     3.110 52895.14252075 32.62 126.910232  72.423216 20.664
 19     3.141 52895.14252139 40.75 126.904632  72.420326 20.664
 19     3.074 52895.14252204 38.78 126.899032  72.417446 20.664
 19     2.876 52895.14252268 32.17 126.893432  72.414556 20.664
 19     2.566 52895.14252333 24.10 126.887842  72.411666 20.664
 20     3.039 52930.14246875 20.89 126.904424  72.430531  7.019
 20     2.937 52930.14246939 22.12 126.898824  72.427641  7.019
 20     2.762 52930.14247004 23.92 126.893224  72.424751  7.019
 20     2.481 52930.14247068 25.74 126.887624  72.421861  7.019
 20     2.429 52930.14247133 27.98 126.882024  72.418971  7.019
 20     2.686 52930.14247197 29.01 126.876434  72.416081  7.019
 20     2.886 52930.14247262 29.99 126.870844  72.413191  7.019
 21     2.535 52965.14245864 14.59 126.949320  72.427998  2.753
 21     2.804 52965.14245929 14.61 126.943710  72.425108  2.753
 21     2.752 52965.14245993 14.48 126.938110  72.422218  2.753
 21     2.661 52965.14246057 14.88 126.932500  72.419328  2.753
 21     2.385 52965.14246122 14.74 126.926900  72.416438  2.753
 21     2.211 52965.14246186 15.11 126.921300  72.413558  2.753
 21     1.765 52965.14246251 14.19 126.915700  72.410668  2.753
 22     3.132 53000.14249379 18.07 126.919274  72.429350  4.517
 22     3.198 53000.14249443 18.37 126.913664  72.426460  4.517
 22     3.063 53000.14249508 19.20 126.908064  72.423570  4.517
 22     2.980 53000.14249572 17.19 126.902464  72.420680  4.517
 22     2.771 53000.14249637 18.32 126.896864  72.417800  4.517
 22     2.583 53000.14249701 17.13 126.891264  72.414910  4.517
 22     2.175 53000.14249766 16.71 126.885674  72.412020  4.517
 23     3.154 53035.14244383 17.59 126.903352  72.427859  4.948
 23     3.085 53035.14244448 18.38 126.897752  72.424969  4.948
 23     2.879 53035.14244512 18.94 126.892152  72.422079  4.948
 23     2.780 53035.14244577 19.22 126.886552  72.419189  4.948
 23     2.800 53035.14244641 17.54 126.880962  72.416299  4.948
 23     2.562 53035.14244706 16.28 126.875362  72.413419  4.948
 24     3.032 53070.14246175 18.25 126.930598  72.428678  4.885
 24     3.113 53070.14246240 18.36 126.924988  72.425788  4.885
 24     3.020 53070.14246304 19.07 126.919388  72.422898  4.885
 24     2.942 53070.14246369 18.31 126.913788  72.420008  4.885
 24     2.817 53070.14246433 17.12 126.908188  72.417128  4.885
 24     2.496 53070.14246498 16.96 126.902588  72.414238  4.885
 24     2.157 53070.14246562 16.12 126.896998  72.411348  4.885
 25     3.191 53105.14244547 12.95 126.897431  72.428436  4.447
 25     2.963 53105.14244611 13.92 126.891831  72.425546  4.447
 25     2.869 53105.14244676 15.17 126.886231  72.422656  4.447
 25     2.851 53105.14244740 13.19 126.880631  72.419766  4.447
 25     2.918 53105.14244805 13.84 126.875041  72.416886  4.447
 25     2.466 53105.14244869 14.29 126.869441  72.413986  4.447
 26     3.561 53140.14246745  8.10 126.940862  72.429035  2.557
 26     3.486 53140.14246809  7.61 126.935252  72.426145  2.557
 26     3.155 53140.14246874  8.17 126.929642  72.423255  2.557
 26     3.123 53140.14246938  7.97 126.924042  72.420365  2.557
 26     3.042 53140.14247003  7.32 126.918442  72.417485  2.557
 26     2.631 53140.14247067  7.62 126.912842  72.414595  2.557
 26     2.220 53140.14247132  7.67 126.907242  72.411705  2.557
 26     2.082 53140.14247196  7.30 126.901652  72.408815  2.557
 27     5.277 53175.14250219 22.43 126.930984  72.428633  5.649
 27     4.863 53175.14250283 20.36 126.925384  72.425753  5.649
 27     4.995 53175.14250348 18.47 126.919774  72.422863  5.649
 27     6.236 53175.14250412 17.49 126.914174  72.419973  5.649
 27     7.145 53175.14250477 17.38 126.908574  72.417083  5.649
 27    22.985 53175.14250606 13.90 126.897384  72.411303  5.649
 28     3.886 53210.14252018 30.85 126.923530  72.429536  6.815
 28     4.355 53210.14252083 24.17 126.917930  72.426646  6.815
 28     3.814 53210.14252147 22.27 126.912320  72.423756  6.815
 28     3.321 53210.14252212 20.92 126.906720  72.420866  6.815
 28     2.579 53210.14252276 21.18 126.901120  72.417976  6.815
 28     1.343 53210.14252341 20.35 126.895530  72.415086  6.815
 28     0.253 53210.14252405 20.51 126.889930  72.412206  6.815
 29     4.239 53245.14248869 31.51 126.916114  72.427278 11.073
 29     3.709 53245.14248934 27.62 126.910514  72.424388 11.073
 29     3.391 53245.14248998 34.80 126.904914  72.421498 11.073
 29     3.420 53245.14249063 38.98 126.899314  72.418608 11.073
 29     3.348 53245.14249127 27.63 126.893724  72.415718 11.073
 29     2.804 53245.14249192 22.67 126.888124  72.412828 11.073
 29     1.764 53245.14249256 22.88 126.882534  72.409948 11.073
 30     3.274 53280.14246963 25.30 126.947314  72.428949  6.231
 30     3.080 53280.14247028 28.23 126.941704  72.426059  6.231
 30     2.926 53280.14247092 31.11 126.936104  72.423169  6.231
 30     2.840 53280.14247157 28.68 126.930494  72.420279  6.231
 30     2.625 53280.14247221 26.30 126.924894  72.417399  6.231
 30     2.121 53280.14247286 25.76 126.919294  72.414509  6.231
 30     1.631 53280.14247350 24.65 126.913694  72.411619  6.231
 30     0.855 53280.14247415 24.18 126.908094  72.408729  6.231
 31     4.112 53315.14248815 22.53 126.931718  72.428444  4.361
 31     3.785 53315.14248879 23.33 126.926108  72.425554  4.361
 31     3.425 53315.14248944 24.64 126.920508  72.422674  4.361
 31     3.317 53315.14249008 24.80 126.914908  72.419784  4.361
 31     3.388 53315.14249073 25.49 126.909308  72.416894  4.361
 31     3.473 53315.14249137 23.96 126.903708  72.414004  4.361
 31     3.170 53315.14249202 24.15 126.898108  72.411114  4.361
 32     3.924 53350.14245383 20.03 126.925087  72.429817  4.298
 32     3.718 53350.14245447 21.04 126.919487  72.426937  4.298
 32     3.540 53350.14245512 22.02 126.913887  72.424047  4.298
 32     3.669 53350.14245576 21.34 126.908287  72.421157  4.298
 32     3.744 53350.14245641 21.10 126.902687  72.418267  4.298
 32     3.574 53350.14245705 21.61 126.897087  72.415377  4.298
 32     3.257 53350.14245770 20.79 126.891497  72.412487  4.298
 32     2.947 53350.14245834 20.91 126.885907  72.409597  4.298
 33     4.054 53385.14243282 22.54 126.944015  72.427303  4.667
 33     3.841 53385.14243346 23.54 126.938405  72.424413  4.667
 33     3.455 53385.14243410 24.15 126.932805  72.421523  4.667
 33     3.432 53385.14243475 23.31 126.927195  72.418633  4.667
 33     3.466 53385.14243539 23.03 126.921595  72.415753  4.667
 33     3.312 53385.14243604 22.39 126.915995  72.412863  4.667
 33     2.971 53385.14243668 21.15 126.910395  72.409973  4.667
 34     4.222 53420.14243767 19.65 126.936385  72.429794  4.483
 34     3.841 53420.14243832 20.75 126.930775  72.426914  4.483
 34     3.580 53420.14243896 21.24 126.925175  72.424024  4.483
 34     3.505 53420.14243961 21.68 126.919575  72.421134  4.483
 34     3.623 53420.14244025 20.81 126.913975  72.418244  4.483
 34     3.433 53420.14244090 20.89 126.908375  72.415354  4.483
 34     3.400 53420.14244154 19.45 126.902785  72.412464  4.483
 34     2.993 53420.14244219 19.61 126.897185  72.409574  4.483
 35     4.058 53455.14244305 20.05 126.955244  72.428357  5.044
 35     3.905 53455.14244370 21.69 126.949644  72.425477  5.044
 35     3.556 53455.14244434 23.14 126.944034  72.422587  5.044
 35     3.403 53455.14244499 22.99 126.938434  72.419697  5.044
 35     3.385 53455.14244563 23.00 126.932824  72.416807  5.044
 35     3.319 53455.14244628 21.39 126.927224  72.413917  5.044
 35     3.149 53455.14244692 20.70 126.921624  72.411037  5.044
 35     2.778 53455.14244757 19.76 126.916024  72.408147  5.044
 36     3.666 53490.14252899 19.03 126.924008  72.428985  5.092
 36     3.688 53490.14252964 19.74 126.918398  72.426095  5.092
 36     3.710 53490.14253028 19.09 126.912798  72.423205  5.092
 36     3.693 53490.14253093 19.33 126.907198  72.420315  5.092
 36     3.758 53490.14253157 18.55 126.901598  72.417425  5.092
 36     3.560 53490.14253222 18.24 126.895998  72.414545  5.092
 36     3.200 53490.14253286 17.92 126.890398  72.411655  5.092
 37     7.431 53525.14251327 26.24 126.934339  72.430029  5.169
 37     7.211 53525.14251392 26.46 126.928729  72.427149  5.169
 37     7.173 53525.14251456 26.76 126.923129  72.424259  5.169
 37     7.176 53525.14251521 26.14 126.917529  72.421369  5.169
 37     7.271 53525.14251585 25.96 126.911929  72.418479  5.169
 37     7.521 53525.14251650 27.38 126.906329  72.415589  5.169
 37     7.728 53525.14251714 29.46 126.900729  72.412699  5.169
 37     7.704 53525.14251779 31.25 126.895139  72.409819  5.169
 38     4.421 53560.14254142 24.44 126.915881  72.429607  3.921
 38     4.038 53560.14254207 21.68 126.910281  72.426717  3.921
 38     3.524 53560.14254271 20.72 126.904671  72.423827  3.921
 38     2.895 53560.14254335 19.82 126.899071  72.420937  3.921
 38     1.981 53560.14254400 18.67 126.893471  72.418047  3.921
 38     1.039 53560.14254464 18.33 126.887881  72.415167  3.921
 38    -0.154 53560.14254529 18.06 126.882281  72.412277  3.921
 39     4.503 53595.14247989 23.08 126.916040  72.428013  3.579
 39     3.993 53595.14248054 21.79 126.910440  72.425123  3.579
 39     3.321 53595.14248118 21.47 126.904840  72.422233  3.579
 39     2.287 53595.14248183 20.95 126.899240  72.419343  3.579
 39     1.372 53595.14248247 20.09 126.893650  72.416453  3.579
 39     0.222 53595.14248312 19.95 126.888050  72.413573  3.579
 39    -0.877 53595.14248376 19.14 126.882460  72.410683  3.579
 40     5.026 53630.14247197 31.97 126.950164  72.429246  5.417
 40     4.507 53630.14247262 30.27 126.944554  72.426356  5.417
 40     4.208 53630.14247326 26.68 126.938944  72.423476  5.417
 40     3.300 53630.14247391 25.79 126.933344  72.420586  5.417
 40     2.539 53630.14247455 25.60 126.927734  72.417696  5.417
 40     2.042 53630.14247519 25.02 126.922134  72.414806  5.417
 40     2.217 53630.14247584 22.91 126.916534  72.411926  5.417
 40     1.682 53630.14247648 22.72 126.910934  72.409036  5.417
 41     3.625 53665.14249610 38.88 126.928549  72.429802 16.848
 41     3.532 53665.14249674 37.54 126.922939  72.426922 16.848
 41     3.488 53665.14249739 37.17 126.917339  72.424032 16.848
 41     3.655 53665.14249803 40.02 126.911739  72.421142 16.848
 41     3.567 53665.14249868 42.04 126.906139  72.418252 16.848
 41     3.609 53665.14249932 40.15 126.900539  72.415362 16.848
 41     3.838 53665.14249997 47.99 126.894939  72.412472 16.848
 41     3.730 53665.14250061 45.30 126.889349  72.409592 16.848
 42     3.292 53700.14245119 19.26 126.921692  72.429367  4.657
 42     3.296 53700.14245183 20.03 126.916092  72.426487  4.657
 42     3.439 53700.14245248 20.53 126.910492  72.423597  4.657
 42     3.476 53700.14245312 19.84 126.904892  72.420707  4.657
 42     3.434 53700.14245376 19.55 126.899292  72.417817  4.657
 42     3.320 53700.14245441 20.31 126.893692  72.414927  4.657
 42     2.982 53700.14245505 19.44 126.888102  72.412037  4.657
 43     3.303 53735.14237351 17.66 126.909160  72.430106  5.837
 43     3.229 53735.14237416 18.56 126.903560  72.427216  5.837
 43     3.363 53735.14237480 19.33 126.897960  72.424326  5.837
 43     3.438 53735.14237544 19.95 126.892370  72.421436  5.837
 43     3.503 53735.14237609 19.23 126.886770  72.418546  5.837
 43     3.387 53735.14237673 19.10 126.881180  72.415656  5.837
 43     3.043 53735.14237738 18.25 126.875590  72.412766  5.837
 44     3.070 53770.14236068 17.17 126.940566  72.428859  2.846
 44     3.110 53770.14236133 18.47 126.934966  72.425974  5.857
 44     3.318 53770.14236197 18.95 126.929356  72.423084  5.857
 44     3.541 53770.14236261 19.07 126.923756  72.420194  5.857
 44     3.462 53770.14236326 19.36 126.918156  72.417314  5.857
 44     3.276 53770.14236390 18.62 126.912556  72.414424  5.857
 44     3.230 53770.14236455 18.40 126.906966  72.411534  5.857
 44     2.640 53770.14236519 18.81 126.901366  72.408644  5.857
 45     2.921 53805.14235491 18.59 126.917198  72.429884  6.775
 45     3.202 53805.14235556 18.44 126.911598  72.426994  6.775
 45     3.339 53805.14235620 20.09 126.905998  72.424104  6.775
 45     3.428 53805.14235685 20.61 126.900398  72.421214  6.775
 45     3.537 53805.14235749 20.31 126.894808  72.418324  6.775
 45     3.421 53805.14235813 21.28 126.889208  72.415434  6.775
 45     3.179 53805.14235878 19.34 126.883618  72.412544  6.775
 47     4.320 53875.14242116 13.85 126.935821  72.428953  2.766
 47     3.698 53875.14242180 14.30 126.930211  72.426063  2.766
 47     3.630 53875.14242245 14.12 126.924611  72.423173  2.766
 47     3.557 53875.14242309 13.83 126.919011  72.420283  2.766
 47     3.358 53875.14242374 13.88 126.913411  72.417403  2.766
 47     3.229 53875.14242438 14.51 126.907809  72.414515  2.520
 47     3.081 53875.14242503 13.50 126.902219  72.411625  2.520
 47     2.598 53875.14242567 12.33 126.896619  72.408735  2.520
 49     3.495 53945.14248904 29.91 126.912771  72.427940 12.034
 49     3.843 53945.14248968 23.07 126.907167  72.425056  2.942
 49     3.539 53945.14249033 23.60 126.901557  72.422166  2.942
 49     3.561 53945.14249097 22.66 126.895957  72.419276  2.942
 49     3.457 53945.14249162 20.99 126.890367  72.416386  2.942
 49     3.005 53945.14249226 20.77 126.884767  72.413496  2.942
 49     2.076 53945.14249291 20.13 126.879167  72.410606  2.942
 50     4.257 53980.14243613 29.28 126.912007  72.430220  8.236
 50     3.914 53980.14243678 27.36 126.906407  72.427330  8.236
 50     3.345 53980.14243742 26.46 126.900807  72.424440  8.236
 50     2.623 53980.14243807 26.24 126.895199  72.421556  3.474
 50     1.832 53980.14243871 24.95 126.889609  72.418666  3.474
 50     1.043 53980.14243935 23.31 126.884009  72.415776  3.474
 50    -0.204 53980.14244000 22.85 126.878419  72.412886  3.474
 51     4.987 54015.14245310 21.18 126.950479  72.427397 20.391
 51     4.866 54015.14245375 19.26 126.944878  72.424509  2.896
 51     3.854 54015.14245439 19.70 126.939268  72.421619  2.896
 51     3.491 54015.14245504 19.04 126.933668  72.418729  2.896
 51     7.326 54015.14245568 18.59 126.928058  72.415839  2.896
 51     7.871 54015.14245633 17.02 126.922458  72.412959  2.896
 51     2.144 54015.14245697 17.25 126.916858  72.410069  2.896
 52     4.492 54050.14245604 21.42 126.937546  72.428957  3.916
 52     4.104 54050.14245668 21.88 126.931946  72.426067  3.916
 52     3.845 54050.14245733 22.57 126.926336  72.423177  3.916
 52     3.352 54050.14245797 23.14 126.920741  72.420294  4.095
 52     3.057 54050.14245862 24.69 126.915141  72.417404  4.095
 52     2.644 54050.14245926 25.44 126.909541  72.414514  4.095
 52     2.643 54050.14245991 25.75 126.903941  72.411624  4.095
 52     2.559 54050.14246055 23.82 126.898351  72.408734  4.095
 54     3.797 54120.14237642 20.13 126.899048  72.430078  3.765
 54     3.453 54120.14237707 20.45 126.893448  72.427188  3.765
 54     3.505 54120.14237771 21.52 126.887848  72.424298  3.765
 54     3.562 54120.14237836 21.43 126.882250  72.421405  4.109
 54     3.571 54120.14237900 21.77 126.876660  72.418525  4.109
 54     3.357 54120.14237965 21.77 126.871060  72.415635  4.109
 54     2.997 54120.14238029 21.40 126.865470  72.412745  4.109
 55     2.954 54155.14240595 17.00 126.926798  72.428857  2.722
 55     3.295 54155.14240659 16.76 126.921198  72.425967  2.722
 55     3.476 54155.14240724 17.11 126.915597  72.423075  5.151
 55     3.534 54155.14240788 18.14 126.909997  72.420195  5.151
 55     3.533 54155.14240852 18.14 126.904397  72.417305  5.151
 55     3.444 54155.14240917 19.18 126.898797  72.414415  5.151
 55     3.233 54155.14240981 19.44 126.893207  72.411525  5.151
 56     2.992 54190.14237303 19.01 126.905828  72.429146  6.506
 56     3.423 54190.14237367 20.23 126.900228  72.426256  6.506
 56     3.503 54190.14237432 20.38 126.894638  72.423366  6.506
 56     3.650 54190.14237496 19.47 126.889038  72.420486  6.506
 56     3.574 54190.14237561 19.88 126.883438  72.417596  6.506
 56     3.328 54190.14237625 19.77 126.877848  72.414706  6.506
 56     3.037 54190.14237689 20.46 126.872258  72.411816  6.506
 57     4.938 54225.14241654 12.78 126.933423  72.429261  4.118
 57     4.478 54225.14241718 13.51 126.927823  72.426371  4.118
 57     3.642 54225.14241783 14.60 126.922213  72.423481  4.118
 57     3.526 54225.14241847 13.71 126.916613  72.420591  4.118
 57     3.425 54225.14241911 14.45 126.911013  72.417711  4.118
 57     3.364 54225.14241976 14.64 126.905413  72.414821  4.118
 57     3.107 54225.14242040 15.18 126.899813  72.411931  4.118
 57     2.755 54225.14242105 15.01 126.894223  72.409041  4.118
 58     6.359 54260.14243690 15.32 126.931260  72.429994  6.593
 58     6.133 54260.14243755 14.30 126.925660  72.427104  6.593
 58     6.405 54260.14243819 13.16 126.920050  72.424214  6.593
 58     6.199 54260.14243884 13.59 126.914450  72.421324  6.593
 58     6.887 54260.14243948 11.28 126.908850  72.418444  6.593
 58     7.275 54260.14244013 10.74 126.903250  72.415554  6.593
 58     8.037 54260.14244077  9.88 126.897660  72.412664  6.593
 58    10.010 54260.14244141  9.49 126.892060  72.409774  6.593
 59     5.444 54295.14244071 31.66 126.931076  72.430325  6.836
 59     5.165 54295.14244136 29.69 126.925466  72.427435  6.836
 59     4.484 54295.14244200 29.29 126.919866  72.424545  6.836
 59     3.686 54295.14244265 29.10 126.914266  72.421655  6.836
 59     2.830 54295.14244329 26.49 126.908666  72.418775  6.836
 59     1.523 54295.14244394 27.37 126.903066  72.415885  6.836
 59     0.479 54295.14244458 24.60 126.897476  72.412995  6.836
 59    -0.904 54295.14244523 23.75 126.891876  72.410105  6.836
 60     5.081 54330.14243411 26.16 126.920696  72.429160  4.671
 60     4.608 54330.14243475 24.69 126.915096  72.426270  4.671
 60     3.755 54330.14243540 23.99 126.909496  72.423380  4.671
 60     3.027 54330.14243604 23.90 126.903896  72.420490  4.671
 60     1.987 54330.14243668 23.52 126.898296  72.417600  4.671
 60     0.981 54330.14243733 23.50 126.892696  72.414720  4.671
 60    -0.231 54330.14243797 23.14 126.887106  72.411830  4.671
 61     4.595 54365.14237959 30.15 126.903930  72.428531  6.188
 61     3.750 54365.14238023 30.72 126.898330  72.425641  6.188
 61     3.288 54365.14238088 30.10 126.892730  72.422751  6.188
 61     3.219 54365.14238152 29.00 126.887140  72.419861  6.188
 61     2.880 54365.14238216 29.35 126.881540  72.416971  6.188
 61     0.690 54365.14238281 30.71 126.875950  72.414091  6.188
 62     3.537 54400.14237526 33.04 126.930326  72.429035  7.431
 62     3.346 54400.14237590 34.14 126.924716  72.426155  7.431
 62     3.343 54400.14237655 34.33 126.919116  72.423265  7.431
 62     3.313 54400.14237719 32.72 126.913516  72.420375  7.431
 62     3.309 54400.14237784 30.59 126.907916  72.417485  7.431
 62     3.166 54400.14237848 30.38 126.902316  72.414595  7.431
 62     3.337 54400.14237912 27.20 126.896726  72.411705  7.431
 63     4.415 54435.14233303 15.45 126.913961  72.430272  3.096
 63     3.723 54435.14233367 15.40 126.908361  72.427382  3.096
 63     3.454 54435.14233432 15.61 126.902761  72.424492  3.096
 63     3.407 54435.14233496 15.93 126.897161  72.421602  3.096
 63     3.405 54435.14233561 15.79 126.891561  72.418712  3.096
 63     3.223 54435.14233625 14.82 126.885971  72.415822  3.096
 63     3.164 54435.14233689 14.80 126.880371  72.412942  3.096
 64     4.571 54470.14235852 15.64 126.942068  72.428903  3.097
 64     3.953 54470.14235916 15.13 126.936458  72.426013  3.097
 64     3.493 54470.14235981 15.19 126.930858  72.423133  3.097
 64     3.295 54470.14236045 15.62 126.925258  72.420243  3.097
 64     3.236 54470.14236110 15.83 126.919658  72.417353  3.097
 64     3.213 54470.14236174 15.18 126.914058  72.414463  3.097
 64     2.936 54470.14236239 14.24 126.908458  72.411573  3.097
 64     2.686 54470.14236303 13.66 126.902858  72.408693  3.097
 65     3.794 54505.14234728 13.82 126.911327  72.428878  3.837
 65     3.363 54505.14234792 14.52 126.905727  72.425988  3.837
 65     3.272 54505.14234857 16.19 126.900127  72.423098  3.837
 65     3.383 54505.14234921 15.72 126.894527  72.420208  3.837
 65     3.384 54505.14234986 15.61 126.888927  72.417318  3.837
 65     3.256 54505.14235050 13.48 126.883337  72.414428  3.837
 65     3.051 54505.14235114 14.51 126.877737  72.411538  3.837
 66     4.062 54540.14237413 12.61 126.926488  72.428172  2.915
 66     3.614 54540.14237478 12.78 126.920878  72.425282  2.915
 66     3.466 54540.14237542 13.21 126.915278  72.422392  2.915
 66     3.353 54540.14237607 12.40 126.909678  72.419502  2.915
 66     3.365 54540.14237671 12.85 126.904078  72.416622  2.915
 66     3.188 54540.14237736 13.10 126.898488  72.413732  2.915
 66     3.000 54540.14237800 12.48 126.892888  72.410842  2.915
 67     4.383 54575.14234820 12.10 126.909577  72.429110  3.073
 67     3.518 54575.14234885 12.94 126.903977  72.426220  3.073
 67     3.404 54575.14234949 13.06 126.898377  72.423330  3.073
 67     3.324 54575.14235014 13.25 126.892777  72.420440  3.073
 67     3.376 54575.14235078 13.56 126.887177  72.417550  3.073
 67     3.369 54575.14235142 12.00 126.881587  72.414670  3.073
 67     3.110 54575.14235207 11.57 126.875997  72.411780  3.073
 68     4.305 54610.14236631 34.55 126.925725  72.428126 17.177
 68     3.559 54610.14236696 36.59 126.920115  72.425236 17.177
 68     3.487 54610.14236760 37.14 126.914515  72.422346 17.177
 68     3.530 54610.14236825 36.81 126.908915  72.419456 17.177
 68     3.486 54610.14236889 37.41 126.903315  72.416576 17.177
 68     2.964 54610.14236954 40.05 126.897715  72.413686 17.177
 68     1.783 54610.14237018 41.91 126.892125  72.410796 17.177
 69     5.244 54645.14237385 25.19 126.925927  72.429406  8.231
 69     4.762 54645.14237449 21.38 126.920317  72.426516  8.231
 69     4.419 54645.14237514 20.56 126.914717  72.423626  8.231
 69     4.376 54645.14237578 20.22 126.909117  72.420736  8.231
 69     4.650 54645.14237643 20.53 126.903517  72.417846  8.231
 69     4.690 54645.14237707 20.17 126.897917  72.414966  8.231
 69     4.738 54645.14237772 19.93 126.892327  72.412076  8.231
 70     3.204 54680.14237549 36.07 126.922071  72.428003 12.481
 70     3.229 54680.14237614 29.26 126.916471  72.425113 12.481
 70     3.288 54680.14237678 39.01 126.910871  72.422223 12.481
 70     3.284 54680.14237743 39.76 126.905271  72.419343 12.481
 70     3.144 54680.14237807 37.26 126.899671  72.416453 12.481
 70     3.215 54680.14237872 27.29 126.894081  72.413563 12.481
 70     2.959 54680.14237936 20.96 126.888481  72.410673 12.481
 71     4.828 54715.14232618 26.74 126.908782  72.430076  4.320
 71     4.297 54715.14232683 25.37 126.903182  72.427186  4.320
 71     3.722 54715.14232747 24.15 126.897582  72.424296  4.320
 71     3.015 54715.14232812 23.07 126.891982  72.421406  4.320
 71     2.112 54715.14232876 22.93 126.886392  72.418526  4.320
 71     1.115 54715.14232941 22.02 126.880792  72.415626  4.320
 71     0.030 54715.14233005 21.32 126.875202  72.412746  4.320
 72     3.389 54750.14234549 36.45 126.935208  72.429240  9.898
 72     3.666 54750.14234613 36.45 126.929608  72.426350  9.898
 72     3.264 54750.14234678 29.77 126.923998  72.423460  9.898
 72     3.270 54750.14234742 32.54 126.918398  72.420570  9.898
 72     3.332 54750.14234807 29.78 126.912798  72.417690  9.898
 72     3.252 54750.14234871 25.69 126.907198  72.414800  9.898
 72     2.934 54750.14234936 21.21 126.901598  72.411910  9.898
 72     6.251 54750.14235000 18.81 126.896008  72.409020  9.898
 73     3.458 54785.14231530 24.92 126.913189  72.427389  4.903
 73     3.309 54785.14231595 25.23 126.907589  72.424499  4.903
 73     3.274 54785.14231659 24.72 126.901989  72.421609  4.903
 73     3.216 54785.14231724 24.91 126.896389  72.418729  4.903
 73     3.099 54785.14231788 23.79 126.890799  72.415839  4.903
 73     2.664 54785.14231853 23.67 126.885199  72.412949  4.903
 74     4.199 54820.14233816 21.05 126.938387  72.429838  3.715
 74     3.745 54820.14233880 21.15 126.932787  72.426948  3.715
 74     3.388 54820.14233945 22.08 126.927177  72.424058  3.715
 74     3.424 54820.14234009 20.58 126.921577  72.421168  3.715
 74     3.446 54820.14234074 20.04 126.915977  72.418288  3.715
 74     3.386 54820.14234138 20.31 126.910377  72.415398  3.715
 74     3.150 54820.14234203 19.56 126.904777  72.412508  3.715
 74     2.699 54820.14234267 19.23 126.899187  72.409618  3.715
 75     3.495 54855.14231161 22.64 126.915188  72.427608  3.990
 75     3.402 54855.14231226 23.17 126.909588  72.424718  3.990
 75     3.381 54855.14231290 22.70 126.903988  72.421828  3.990
 75     3.530 54855.14231355 21.17 126.898388  72.418948  3.990
 75     3.394 54855.14231419 20.17 126.892788  72.416058  3.990
 75     3.208 54855.14231484 19.12 126.887198  72.413168  3.990
 75     2.829 54855.14231548 18.38 126.881598  72.410278  3.990
 76     3.652 54890.14234330 22.45 126.921590  72.428025  3.880
 76     3.420 54890.14234394 23.25 126.915990  72.425135  3.880
 76     3.416 54890.14234459 21.75 126.910390  72.422245  3.880
 76     3.464 54890.14234523 20.61 126.904790  72.419365  3.880
 76     3.508 54890.14234588 20.15 126.899190  72.416475  3.880
 76     3.268 54890.14234652 19.35 126.893600  72.413585  3.880
 76     3.034 54890.14234717 18.83 126.888000  72.410695  3.880
 77     3.974 54925.14231077 18.30 126.903329  72.429508  3.600
 77     3.473 54925.14231142 19.32 126.897719  72.426618  3.600
 77     3.398 54925.14231206 18.96 126.892129  72.423728  3.600
 77     3.485 54925.14231271 17.96 126.886529  72.420838  3.600
 77     3.427 54925.14231335 17.97 126.880929  72.417948  3.600
 77     3.321 54925.14231400 16.14 126.875339  72.415068  3.600
 77     3.049 54925.14231464 15.71 126.869749  72.412178  3.600
 78     4.828 54960.14234011  9.31 126.937485  72.430939  2.425
 78     4.352 54960.14234076  9.49 126.931875  72.428049  2.425
 78     3.687 54960.14234140 10.87 126.926265  72.425159  2.425
 78     3.544 54960.14234205  9.96 126.920665  72.422269  2.425
 78     3.497 54960.14234269  9.99 126.915065  72.419379  2.425
 78     3.622 54960.14234333  9.28 126.909465  72.416499  2.425
 78     3.339 54960.14234398  9.49 126.903865  72.413609  2.425
 78     3.162 54960.14234462  8.79 126.898275  72.410719  2.425
 79     6.531 54995.14236242 28.26 126.925831  72.430187  9.617
 79     6.563 54995.14236307 29.70 126.920221  72.427297  9.617
 79     6.498 54995.14236371 30.96 126.914621  72.424407  9.617
 79     6.718 54995.14236436 31.32 126.909021  72.421527  9.617
 79     6.673 54995.14236500 32.79 126.903421  72.418637  9.617
 79     6.689 54995.14236565 33.01 126.897821  72.415747  9.617
 79     6.820 54995.14236629 34.38 126.892231  72.412857  9.617
 79     6.809 54995.14236693 34.75 126.886631  72.409967  9.617
 80     4.531 55030.14235289 25.49 126.920955  72.427625  5.645
 80     4.041 55030.14235354 22.27 126.915355  72.424735  5.645
 80     3.366 55030.14235418 21.31 126.909755  72.421845  5.645
 80     2.745 55030.14235483 20.83 126.904155  72.418955  5.645
 80     1.691 55030.14235547 20.34 126.898555  72.416075  5.645
 80     0.505 55030.14235612 20.53 126.892965  72.413185  5.645
 80    -0.527 55030.14235676 20.28 126.887365  72.410295  5.645
 81     3.739 55065.14234308 34.00 126.922962  72.429912  6.158
 81     3.864 55065.14234372 23.81 126.917362  72.427022  6.158
 81     3.567 55065.14234436 22.33 126.911762  72.424132  6.158
 81     3.248 55065.14234501 21.52 126.906162  72.421242  6.158
 81     2.602 55065.14234565 20.53 126.900562  72.418352  6.158
 81     3.217 55065.14234630 20.16 126.894962  72.415462  6.158
 81     3.205 55065.14234694 19.78 126.889372  72.412582  6.158
 81    -0.750 55065.14234759 19.72 126.883772  72.409692  6.158
 82     3.126 55100.14228700 41.92 126.901673  72.429843 13.614
 82     3.120 55100.14228764 45.48 126.896073  72.426953 13.614
 82     3.080 55100.14228829 48.00 126.890473  72.424063 13.614
 82     3.118 55100.14228893 48.28 126.884873  72.421173 13.614
 82     2.966 55100.14228958 43.30 126.879283  72.418283 13.614
 82     2.966 55100.14229022 32.86 126.873683  72.415403 13.614
 82     2.610 55100.14229087 29.26 126.868093  72.412513 13.614
 83     4.006 55135.14228789 28.36 126.935572  72.429981  9.750
 83     3.903 55135.14228853 27.79 126.929972  72.427091  9.750
 83     3.831 55135.14228918 29.14 126.924362  72.424201  9.750
 83     3.900 55135.14228982 28.45 126.918762  72.421311  9.750
 83     3.967 55135.14229047 29.92 126.913162  72.418431  9.750
 83     4.053 55135.14229111 31.70 126.907562  72.415541  9.750
 83     4.018 55135.14229176 36.56 126.901962  72.412651  9.750
 83     4.080 55135.14229240 33.21 126.896372  72.409761  9.750
 84     3.409 55170.14225192 17.82 126.915382  72.429990  5.506
 84     3.353 55170.14225257 18.70 126.909782  72.427100  5.506
 84     3.193 55170.14225321 20.85 126.904182  72.424210  5.506
 84     3.299 55170.14225386 21.50 126.898582  72.421320  5.506
 84     3.071 55170.14225450 21.15 126.892982  72.418440  5.506
 84     3.087 55170.14225515 21.90 126.887392  72.415550  5.506
 84     1.732 55170.14225579 22.88 126.881792  72.412660  5.506
 85     3.287 55205.14228126 17.68 126.933588  72.428594  5.228
 85     3.239 55205.14228191 18.12 126.927978  72.425704  5.228
 85     3.268 55205.14228255 18.81 126.922378  72.422814  5.228
 85     3.211 55205.14228320 19.91 126.916778  72.419924  5.228
 85     3.103 55205.14228384 21.56 126.911178  72.417044  5.228
 85     3.117 55205.14228449 20.92 126.905578  72.414154  5.228
 85     2.911 55205.14228513 20.33 126.899978  72.411264  5.228
 86     3.244 55240.14225868 17.66 126.909509  72.429149  4.970
 86     3.352 55240.14225933 18.45 126.903909  72.426259  4.970
 86     3.362 55240.14225997 18.40 126.898309  72.423369  4.970
 86     3.208 55240.14226062 19.54 126.892709  72.420479  4.970
 86     3.286 55240.14226126 19.53 126.887109  72.417589  4.970
 86     3.110 55240.14226191 18.09 126.881519  72.414709  4.970
 86     2.639 55240.14226255 20.20 126.875929  72.411819  4.970
 87     3.141 55275.14227558 16.06 126.920889  72.428850  4.953
 87     3.304 55275.14227622 15.80 126.915279  72.425960  4.953
 87     3.431 55275.14227687 17.18 126.909679  72.423080  4.953
 87     3.463 55275.14227751 17.02 126.904079  72.420190  4.953
 87     3.358 55275.14227816 18.97 126.898479  72.417300  4.953
 87     3.204 55275.14227880 18.48 126.892889  72.414410  4.953
 87     2.758 55275.14227945 18.98 126.887289  72.411520  4.953
 88     2.999 55310.14224257 15.53 126.906902  72.428043  7.668
 88     3.155 55310.14224321 15.75 126.901302  72.425153  7.668
 88     3.423 55310.14224386 16.25 126.895712  72.422263  7.668
 88     3.366 55310.14224450 18.83 126.890112  72.419383  7.668
 88     3.371 55310.14224515 19.36 126.884512  72.416493  7.668
 88     1.015 55310.14224579 23.34 126.878922  72.413603  7.668
 89     4.818 55345.14224364 33.08 126.929703  72.430421 15.974
 89     4.884 55345.14224429 37.08 126.924103  72.427531 15.974
 89     4.825 55345.14224493 43.27 126.918493  72.424641 15.974
 89     4.909 55345.14224558 44.18 126.912893  72.421751 15.974
 89     4.861 55345.14224622 41.17 126.907293  72.418861 15.974
 89     4.708 55345.14224687 35.29 126.901693  72.415981 15.974
 89     4.570 55345.14224751 30.91 126.896103  72.413091 15.974
 89     4.950 55345.14224816 33.13 126.890503  72.410201 15.974
 90     4.700 55380.14223826 20.65 126.915586  72.427775  3.289
 90     4.229 55380.14223890 20.49 126.909986  72.424885  3.289
 90     3.591 55380.14223955 19.38 126.904386  72.421995  3.289
 90     2.791 55380.14224019 19.33 126.898786  72.419115  3.289
 90     1.716 55380.14224084 18.82 126.893186  72.416225  3.289
 90     0.657 55380.14224148 19.12 126.887596  72.413335  3.289
 90    -0.579 55380.14224213 18.64 126.882006  72.410445  3.289
 91     3.052 55415.14226340 39.67 126.936787  72.428735 12.124
 91     2.872 55415.14226404 34.77 126.931187  72.425845 12.124
 91     3.053 55415.14226469 36.15 126.925577  72.422955 12.124
 91     3.206 55415.14226533 36.36 126.919977  72.420065 12.124
 91     3.242 55415.14226598 37.11 126.914377  72.417185 12.124
 91     2.935 55415.14226662 32.13 126.908777  72.414295 12.124
 91     2.704 55415.14226727 22.47 126.903177  72.411405 12.124
 91     2.139 55415.14226791 21.47 126.897587  72.408515 12.124
 92     3.198 55450.14224976 33.27 126.918734  72.429703  9.884
 92     3.166 55450.14225040 31.51 126.913134  72.426813  9.884
 92     3.082 55450.14225105 29.84 126.907534  72.423923  9.884
 92     3.369 55450.14225169 37.31 126.901934  72.421033  9.884
 92     3.131 55450.14225234 37.35 126.896334  72.418153  9.884
 92     3.138 55450.14225298 31.53 126.890734  72.415263  9.884
 92     2.809 55450.14225363 22.68 126.885144  72.412373  9.884
 93     2.693 55485.14217518 24.01 126.905032  72.430757 13.863
 93     2.703 55485.14217582 25.19 126.899432  72.427867 13.863
 93     2.733 55485.14217647 27.05 126.893832  72.424977 13.863
 93     2.397 55485.14217711 30.41 126.888232  72.422087 13.863
 93     2.343 55485.14217776 34.23 126.882642  72.419207 13.863
 93     2.395 55485.14217840 37.14 126.877042  72.416317 13.863
 93     2.358 55485.14217904 41.43 126.871452  72.413427 13.863
