# NaN NaN NaN ;Mean Elev.(m), Avg Gradient(m/km), RMS Gradient(m/km) - SRTM1     
#   15.840  -0.624   4.054 ;Mean Elev.(m), Avg Gradient(m/km), RMS Gradient(m/km) - ASTER GDEM
#   23.674  -0.256   6.263 ;Mean Elev.(m), Avg Gradient(m/km), RMS Gradient(m/km) - GMTED2010 
  8 123.500406  66.985170    29.450    27.855  4 52499.51644641 30.633
 11 123.501069  66.982962    34.582    34.596  4 52604.51644510 14.351
 13 123.502344  66.981573    34.501    34.498  4 52674.51642207 10.241
 19 123.496055  66.978579    28.726    28.726  2 52884.51657425 49.730
 20 123.500016  66.986569    34.530    34.588  3 52919.51653182 19.857
 22 123.499826  66.983310    34.359    34.390  4 52989.51650425 12.738
 23 123.502767  66.989023    34.446    34.446  2 53024.51648642  9.867
 24 123.501266  66.980764    34.206    34.196  4 53059.51648254  8.815
 25 123.500203  66.981999    34.357    34.400  4 53094.51652063  8.093
 26 123.496099  66.978167    32.896    32.896  2 53129.51649203  5.111
 28 123.497967  66.977991    32.094    32.094  2 53199.51656191 52.949
 29 123.500754  66.990403    30.701    30.701  2 53234.51653399 54.118
 32 123.502189  66.980323    34.359    34.348  4 53339.51652763 11.997
 33 123.504130  66.991067    34.859    34.859  2 53374.51646102 10.100
 34 123.498061  66.978128    33.211    33.211  2 53409.51650131  9.215
 35 123.502742  66.991503    35.121    35.121  2 53444.51648691  8.175
 37 123.497861  66.979900    37.895    37.915  3 53514.51657147 51.020
 38 123.497968  66.978778    32.270    32.284  4 53549.51659012 51.486
 39 123.502753  66.982212    34.145    34.550  4 53584.51655304 25.159
 40 123.502963  66.989545    35.249    35.249  2 53619.51651115 16.613
 42 123.498474  66.979277    31.900    31.585  4 53689.51653057 14.169
 43 123.503152  66.992867    34.546    34.546  2 53724.51645735 12.750
 45 123.500543  66.987417    34.182    34.263  3 53794.51641792  9.440
 48 123.497358  66.977522    35.839    35.839  2 53899.51649715 52.163
 49 123.486693  66.981189    30.400    30.400  2 53934.51654170 27.526
 50 123.500165  66.978859    33.565    34.656  4 53969.51651092 22.275
 52 123.497073  66.977455    33.761    33.761  2 54039.51651699 18.497
 53 123.500448  66.982042    33.251    34.091  4 54074.51651214 15.942
 54 123.503739  66.990832    35.021    35.021  2 54109.51645872 12.572
 55 123.487675  66.981726    31.445    31.445  2 54144.51645055 11.485
 56 123.502131  66.987549    34.842    34.842  2 54179.51644296  9.905
 58 123.497224  66.976914    37.838    37.838  2 54249.51648499 36.991
 59 123.499135  66.981526    34.195    34.482  4 54284.51649324 22.099
 60 123.500777  66.980563    31.613    31.577  4 54319.51649039 52.460
 61 123.501994  66.988153    29.351    29.351  2 54354.51645488 33.884
 62 123.498571  66.979058    28.221    28.233  4 54389.51643044 34.936
 63 123.502269  66.982121    34.521    34.540  4 54424.51640360 11.318
 65 123.503121  66.982715    34.573    34.547  4 54494.51640856  8.155
 66 123.496833  66.977595    33.270    33.270  2 54529.51641858  6.780
 67 123.502257  66.988058    35.241    35.241  2 54564.51641643  7.455
 68 123.496294  66.980061    30.562    28.054  3 54599.51641471 31.675
 69 123.498468  66.978283    34.402    34.402  2 54634.51642675 46.525
 70 123.500312  66.979402    30.014    30.033  4 54669.51643162 48.008
 71 123.500243  66.987872    34.232    34.232  2 54704.51639659 17.127
 73 123.503357  66.982392    34.219    34.240  4 54774.51637648 15.360
 75 123.501306  66.982669    34.306    34.319  4 54844.51637516 10.268
 76 123.489753  66.982512    33.226    33.226  2 54879.51639173  9.600
 77 123.500897  66.986525    34.514    34.501  3 54914.51637969  8.415
 79 123.496767  66.978011    35.294    35.294  2 54984.51640837 34.756
 80 123.499900  66.980610    35.181    35.380  5 55019.51640434 20.933
 81 123.502097  66.980967    32.837    32.741  4 55054.51640073 24.454
 82 123.500514  66.987935    29.178    29.178  2 55089.51636220 52.461
 83 123.496653  66.978199    28.976    28.976  2 55124.51633755 50.682
 84 123.500206  66.983706    34.259    34.285  4 55159.51632239 19.705
 86 123.499961  66.986789    34.214    34.214  2 55229.51632522 13.804
 87 123.496176  66.980376    33.157    33.457  3 55264.51632335 12.468
 88 123.501692  66.987481    34.442    34.442  2 55299.51630823 11.115
 89 123.499859  66.980456    27.925    27.940  4 55334.51630075 40.758
 90 123.499853  66.981961    32.049    32.087  4 55369.51629192 44.591
 92 123.502128  66.982357    28.545    28.561  4 55439.51631042 47.130
 93 123.502754  66.988830    28.231    28.231  2 55474.51625736 37.361
