# NaN NaN NaN ;Mean Elev.(m), Avg Gradient(m/km), RMS Gradient(m/km) - SRTM1     
#   11.210   1.092   7.943 ;Mean Elev.(m), Avg Gradient(m/km), RMS Gradient(m/km) - ASTER GDEM
#   19.000   1.888  15.012 ;Mean Elev.(m), Avg Gradient(m/km), RMS Gradient(m/km) - GMTED2010 
  8 123.557628  68.156514    19.962    19.981  6 52496.51269510 51.015
  9 123.528062  68.154908    22.499    21.794  4 52531.51268181 23.902
 10 123.544894  68.156398    19.427    19.404  4 52566.51270334 44.744
 11 123.550885  68.156622    18.765    18.877  5 52601.51271494 23.466
 12 123.535348  68.154602    20.707    19.294  3 52636.51267962 18.863
 13 123.551483  68.155295    20.114    19.719  5 52671.51268441 14.056
 14 123.540186  68.156166    21.909    22.873  4 52706.51268290 12.215
 15 123.548645  68.157557    22.645    22.283  3 52741.51271560 10.116
 16 123.567202  68.158385    22.178    22.157  6 52776.51265880 20.590
 17 123.532876  68.154852    27.607    27.667  3 52811.51273664 18.668
 18 123.535835  68.154938    23.839    23.848  3 52846.51279167 17.886
 19 123.545511  68.155484    22.779    22.966  5 52881.51282843 19.709
 20 123.558945  68.158351    22.884    22.873  6 52916.51278569 19.502
 21 123.535979  68.155378    18.997    19.042  4 52951.51274659 25.501
 22 123.551655  68.157121    19.258    19.253  5 52986.51276442 16.367
 23 123.559368  68.156553    19.358    19.059  5 53021.51275360 13.641
 24 123.546158  68.156516    23.117    23.675  3 53056.51274396  8.876
 25 123.553042  68.156663    19.104    19.595  5 53091.51278156 11.385
 26 123.541055  68.155348    34.307    30.227  4 53126.51275237  5.706
 27 123.540218  68.156003    30.494    30.561  4 53161.51281506 33.787
 28 123.549741  68.156328    31.646    26.634  5 53196.51281313 13.955
 29 123.557932  68.156958    24.251    24.225  6 53231.51279499 16.967
 30 123.565212  68.157973    21.780    21.813  6 53266.51276455 42.095
 31 123.531959  68.154114    19.924    19.866  3 53301.51281628 42.650
 32 123.551410  68.155830    21.655    21.737  5 53336.51278648 12.808
 33 123.567394  68.157156    22.428    22.015  6 53371.51272284 10.444
 34 123.543723  68.155619    22.635    22.905  4 53406.51275928 10.148
 35 123.564892  68.156603    23.496    22.754  6 53441.51274495  8.910
 36 123.537079  68.155032    26.789    26.539  4 53476.51281360  6.815
 37 123.548188  68.154997    25.413    25.431  5 53511.51282686 34.756
 38 123.548859  68.156142    26.317    26.293  4 53546.51284420 12.430
 39 123.555876  68.155876    24.926    24.810  5 53581.51281621 17.346
 40 123.562886  68.155848    25.701    25.741  6 53616.51277120 50.294
 41 123.543668  68.155239    24.033    24.116  4 53651.51278666 18.588
 42 123.547016  68.155211    19.168    19.194  4 53686.51279228 19.948
 43 123.564459  68.158633    19.674    19.575  6 53721.51271819 14.866
 44 123.544171  68.155704    22.800    22.881  4 53756.51264819  9.444
 45 123.556976  68.156143    20.783    20.667  5 53791.51267425 10.188
 46 123.537135  68.154832    23.898    23.960  4 53826.51263662  9.049
 47 123.540089  68.154093    23.827    23.996  4 53861.51272603  6.635
 48 123.545155  68.155729    33.785    28.284  4 53896.51274658 22.085
 49 123.543117  68.153769    23.736    23.734  4 53931.51279670 48.797
 50 123.549436  68.155492    24.174    24.279  5 53966.51277253 17.590
 51 123.531676  68.154374    24.950    24.843  3 54001.51273483 17.225
 52 123.546778  68.155206    19.118    19.077  4 54036.51277457 44.454
 53 123.552809  68.155257    20.186    20.178  5 54071.51276865 21.653
 54 123.564755  68.157532    20.101    20.092  6 54106.51272019 16.906
 55 123.542866  68.154012    22.482    22.546  4 54141.51270243 11.443
 56 123.557020  68.157258    21.136    21.220  6 54176.51270173 10.962
 57 123.542118  68.155107    23.641    23.845  5 54211.51270963  8.986
 58 123.546052  68.155830    32.594    32.600  4 54246.51273939 38.782
 60 123.552969  68.157131    25.330    25.255  5 54316.51274817 49.265
 61 123.558452  68.157842    38.709    39.536  6 54351.51271515 19.081
 62 123.546245  68.155807    20.442    20.544  5 54386.51268729 34.794
 63 123.557360  68.156062    19.768    19.783  5 54421.51266454 18.113
 64 123.536851  68.155123    24.034    24.218  4 54456.51266042 11.732
 65 123.554122  68.158069    21.325    21.072  4 54491.51266667 11.366
 66 123.546057  68.154700    23.062    23.061  4 54526.51267287  9.154
 67 123.558336  68.156831    27.996    25.722  5 54561.51267477  6.893
 68 123.548517  68.156136    21.924    23.711  3 54596.51266900 17.561
 69 123.547844  68.155962    37.386    31.696  5 54631.51268251 17.207
 70 123.547377  68.156219    24.155    24.265  4 54666.51268868 18.167
 71 123.562444  68.156210    34.296    35.805  6 54701.51265642 20.139
 72 123.539664  68.154832    24.911    24.844  4 54736.51264862 44.813
 73 123.554388  68.157225    19.246    19.257  5 54771.51263734 45.295
 74 123.539468  68.153968    20.804    19.815  4 54806.51264215 16.101
 75 123.551951  68.155777    20.758    20.362  4 54841.51263325 13.486
 76 123.544225  68.155308    21.865    21.875  4 54876.51264366 10.477
 77 123.558963  68.156517    20.154    20.509  5 54911.51263829 10.508
 78 123.538576  68.157594    24.035    24.141  3 54946.51263705 22.557
 79 123.548312  68.155943    31.248    31.237  4 54981.51266244 45.707
 80 123.549781  68.155802    31.850    25.586  4 55016.51266297 16.638
 81 123.552119  68.155987    24.508    24.655  5 55051.51265780 18.365
 82 123.560734  68.158132    24.978    24.968  6 55086.51262261 20.058
 83 123.544714  68.153844    21.588    21.573  4 55121.51259174 50.846
 84 123.554787  68.156541    18.613    18.670  5 55156.51258261 20.711
 85 123.540235  68.153597    21.980    21.915  4 55191.51258144 16.348
 86 123.553370  68.157461    20.411    20.401  5 55226.51258350 14.849
 87 123.548594  68.155511    21.517    21.747  4 55261.51257708 12.368
 88 123.559621  68.156540    20.153    20.195  6 55296.51256828 11.169
 89 123.548312  68.156289    21.565    22.811  5 55331.51255770 30.335
 90 123.555048  68.156265    25.789    25.691  6 55366.51255024 16.278
 91 123.541190  68.154498    24.285    24.238  4 55401.51256370 42.047
 92 123.553165  68.157623    21.534    20.743  5 55436.51256794 40.384
 93 123.563043  68.158138    23.610    23.760  6 55471.51251889 17.087
