# NaN NaN NaN ;Mean Elev.(m), Avg Gradient(m/km), RMS Gradient(m/km) - SRTM1     
#   65.871  -0.176   9.427 ;Mean Elev.(m), Avg Gradient(m/km), RMS Gradient(m/km) - ASTER GDEM
#   63.701  -4.837  11.867 ;Mean Elev.(m), Avg Gradient(m/km), RMS Gradient(m/km) - GMTED2010 
  7 130.066155  62.284646    85.888    85.888  4 52477.50950823 19.251
  8 130.078868  62.296966    81.183    81.314  5 52512.50945314 37.751
  9 130.062817  62.281618    84.463    84.527  5 52547.50948875 42.199
 10 130.069245  62.287746    84.669    84.776  4 52582.50949740 20.546
 11 130.072343  62.291764    84.445    84.505  5 52617.50947083 17.630
 12 130.068547  62.292778   104.317   104.317  2 52652.50944588 14.906
 13 130.075751  62.293717   113.234   109.212  5 52687.50944340 13.669
 14 130.068251  62.287344   106.258   113.414  5 52722.50948967 11.085
 15 130.062363  62.291483    86.509    86.509  2 52757.50951270 16.231
 16 130.063912  62.282070    87.462    87.204  4 52792.50946266 27.687
 17 130.066129  62.284914    85.594    85.583  4 52827.50953128 31.233
 18 130.069319  62.285938    85.937    85.972  5 52862.50957658 45.255
 19 130.069961  62.289221   121.373   120.663  5 52897.50960691  2.167
 20 130.073761  62.293456    83.115    83.206  5 52932.50955391 41.866
 21 130.064348  62.284783    83.622    83.532  5 52967.50955702 18.472
 22 130.062648  62.289598   102.004   102.004  2 53002.50958328 13.719
 23 130.073565  62.291789   124.678   124.650  5 53037.50953255  9.058
 24 130.068615  62.288117   124.262   124.406  5 53072.50955734  9.317
 25 130.076095  62.292819   125.170   125.146  5 53107.50953332  7.007
 26 130.066741  62.283299   130.158   132.687  5 53142.50956545  5.932
 27 130.070245  62.287571    89.833    89.861  5 53177.50958983 38.875
 28 130.068313  62.287730    87.942    87.736  5 53212.50961002 18.674
 29 130.070447  62.296468    83.678    83.678  2 53247.50958036 29.761
 30 130.062329  62.279057    84.887    84.533  5 53282.50956679 41.325
 31 130.069683  62.286400    84.643    84.501  5 53317.50957096 14.909
 32 130.075919  62.294216   124.412   124.227  5 53352.50953795 10.256
 33 130.063545  62.280331   123.734   123.765  5 53387.50952836 11.801
 34 130.074303  62.292182   124.006   123.923  4 53422.50953149 10.402
 35 130.063896  62.285452   122.475   122.678  4 53457.50953589 10.100
 36 130.064507  62.281026   132.245   132.391  5 53492.50962042  6.205
 37 130.072223  62.290692   129.270   129.794  5 53527.50960174  3.733
 38 130.070806  62.283736    87.128    87.131  3 53562.50962965 27.775
 39 130.077233  62.293286   130.962   131.487  5 53597.50957099  1.023
 40 130.059800  62.278457    84.401    84.369  5 53632.50956404 35.400
 41 130.065891  62.284842    82.784    82.989  5 53667.50958731 38.723
 42 130.074517  62.293167   108.691   111.497  4 53702.50953437 12.913
 43 130.081556  62.300753   125.047   124.941  4 53737.50944535  9.774
 48 130.066562  62.280218    89.759    89.785  3 53912.50956137 32.414
 49 130.066063  62.284777    83.972    84.078  4 53947.50957735 41.919
 50 130.073633  62.291834   130.959   131.070  4 53982.50952086  2.645
 51 130.064181  62.283915   111.162   108.739  5 54017.50954688 20.221
 52 130.074117  62.290948   126.217   126.116  5 54052.50954320  6.163
 53 130.073500  62.291448   125.434   125.570  4 54087.50953517  8.559
 54 130.080027  62.300091   125.191   125.069  4 54122.50946039  7.833
 55 130.070383  62.286291   125.551   125.864  5 54157.50949630  8.550
 56 130.077325  62.296626   125.657   125.212  5 54192.50945918  5.825
 57 130.067360  62.287644   131.037   130.931  5 54227.50950853  9.489
 58 130.066341  62.290531    88.768    88.768  2 54262.50952821 35.087
 59 130.072197  62.288414   128.599   128.584  5 54297.50953237  2.372
 60 130.073767  62.291996   127.034   127.149  4 54332.50952325  3.384
 61 130.076785  62.295379    84.499    84.488  4 54367.50946489 21.779
 62 130.074055  62.286379   119.368   119.368  2 54402.50946508 14.648
 63 130.073995  62.293037   125.410   125.174  5 54437.50942341 11.368
 64 130.068222  62.286600   125.563   125.709  4 54472.50945052  7.935
 65 130.076649  62.294616   125.675   125.575  5 54507.50943494  7.848
 66 130.071558  62.288796   126.167   126.389  5 54542.50946540  6.006
 67 130.076807  62.295344   126.265   125.986  4 54577.50943747  3.322
 69 130.070672  62.286958   119.904   119.314  5 54647.50946307  5.154
 70 130.071339  62.291126    84.783    84.615  5 54682.50946453 49.458
 71 130.077440  62.295240   123.542   127.152  4 54717.50941311 11.206
 72 130.066697  62.287089   108.083   105.364  5 54752.50943607 20.959
 73 130.074552  62.292781   125.788   125.535  5 54787.50940284 15.135
 74 130.068253  62.284634   125.873   126.014  5 54822.50942997  9.117
 75 130.075906  62.292021   125.896   125.683  5 54857.50939873  9.655
 76 130.070982  62.288999   125.382   124.912  4 54892.50943334  8.102
 77 130.076050  62.295279   125.949   125.457  5 54927.50939743  7.724
 78 130.068414  62.286198   130.190   131.277  5 54962.50943237  6.279
 79 130.069168  62.287306    89.118    89.135  5 54997.50945333 47.786
 80 130.071106  62.288004    96.772    96.772  2 55032.50944291 37.294
 81 130.070543  62.296156    85.862    85.910  3 55067.50943316 22.815
 82 130.076698  62.295449    86.215    85.982  4 55102.50937219 20.099
 83 130.066670  62.289982    83.107    83.107  2 55137.50937842 38.866
 84 130.076653  62.291911   125.674   125.467  4 55172.50934006 11.925
 85 130.069744  62.283769   125.399   125.520  3 55207.50937151  9.770
 86 130.077027  62.293659   125.048   124.700  5 55242.50934502  9.290
 87 130.071919  62.290370   124.518   124.484  5 55277.50936651  8.725
 88 130.075384  62.295261   126.576   126.548  5 55312.50933100  3.292
 89 130.072819  62.289136   124.543   128.691  5 55347.50933641 10.446
 90 130.076076  62.286682   106.023   106.091  3 55382.50932685 11.663
 91 130.066642  62.287579    95.775    95.775  2 55417.50935541 25.572
 92 130.075297  62.292471    85.909    85.911  5 55452.50933770 39.870
 93 130.079104  62.296796   114.550   114.965  4 55487.50926038 18.032
