# NaN NaN NaN ;Mean Elev.(m), Avg Gradient(m/km), RMS Gradient(m/km) - SRTM1     
#   21.134  -0.860   5.544 ;Mean Elev.(m), Avg Gradient(m/km), RMS Gradient(m/km) - ASTER GDEM
#   25.561  -0.064   5.489 ;Mean Elev.(m), Avg Gradient(m/km), RMS Gradient(m/km) - GMTED2010 
  7 124.323826  65.255081    45.773    45.768  6 52460.12396567 14.710
  9 124.331247  65.251180    44.712    45.107  8 52530.12394355 20.674
 10 124.331180  65.250017    41.980    41.972  8 52565.12396186 46.754
 11 124.315442  65.262584    41.767    41.830  6 52600.12398636 22.959
 12 124.323591  65.251360    41.889    41.861  9 52635.12394527 20.721
 13 124.320977  65.259414    41.535    41.656  5 52670.12395331 18.924
 14 124.324417  65.247082    41.743    41.759 10 52705.12394486 17.914
 15 124.318833  65.260735    42.261    42.176  5 52740.12397794  9.351
 16 124.316397  65.261388    41.570    41.582  6 52775.12392531 36.098
 17 124.323388  65.249681    46.838    46.811 10 52810.12400142 20.206
 18 124.324041  65.248821    44.784    44.087 10 52845.12405772 19.891
 19 124.322911  65.258288    43.355    43.403  6 52880.12409368 17.610
 20 124.318678  65.260076    43.714    43.776  5 52915.12405112 17.466
 21 124.336588  65.250389    42.103    41.866  6 52950.12401192 19.726
 22 124.323641  65.249810    42.415    42.362 10 52985.12403677 12.704
 23 124.319723  65.260054    42.072    41.997  5 53020.12402588  9.727
 24 124.326224  65.247552    42.321    42.334 10 53055.12401453  9.333
 25 124.309486  65.263856    41.864    41.811  7 53090.12404964  8.456
 26 124.324939  65.249142    42.899    42.657 10 53125.12402203  8.607
 27 124.321411  65.259861    48.126    48.123  6 53160.12408067 52.823
 28 124.324575  65.257186    45.997    45.952  5 53195.12407744 52.050
 29 124.324885  65.258025    45.062    45.075  5 53230.12406552 13.794
 30 124.310035  65.263389    43.195    43.193  6 53265.12403590 17.085
 31 124.321317  65.258676    42.716    42.697  5 53300.12408400 46.253
 32 124.321829  65.258825    42.663    42.682  6 53335.12405404 12.176
 33 124.313887  65.262053    42.598    42.594  6 53370.12399293  9.191
 35 124.314500  65.261790    42.679    42.658  6 53440.12401345  6.968
 36 124.325536  65.259252    42.973    42.865  5 53475.12407670  6.485
 37 124.324051  65.258509    47.989    47.993  5 53510.12409295 29.314
 38 124.318681  65.261794    45.855    45.582  6 53545.12410907 17.767
 40 124.310856  65.262795    45.027    45.037  6 53615.12404044 16.100
 41 124.323452  65.250094    42.935    42.910  9 53650.12405239 52.576
 42 124.318447  65.260784    41.430    41.463  6 53685.12406130 19.846
 43 124.318147  65.262731    42.121    42.112  6 53720.12398735 13.582
 44 124.333739  65.250168    42.414    42.229  7 53755.12391345 12.368
 45 124.324342  65.258553    42.329    42.324  6 53790.12394190  8.719
 46 124.334788  65.247659    42.638    42.935  7 53825.12389962  8.645
 47 124.324944  65.257802    41.825    41.844  6 53860.12399180 21.147
 48 124.324738  65.253177    46.943    47.056  8 53895.12401062 28.898
 49 124.315701  65.261906    44.233    44.235  5 53930.12406287 43.932
 50 124.314230  65.262199    42.262    42.281  7 53965.12404133 46.583
 51 124.334507  65.246850    45.841    46.074  7 54000.12399976 32.980
 52 124.323233  65.250415    41.842    41.830  9 54035.12404330 38.161
 53 124.323483  65.258598    42.779    42.775  6 54070.12403610 16.102
 54 124.311640  65.262368    42.567    42.561  7 54105.12399008 11.206
 55 124.323071  65.251569    42.598    42.609  8 54140.12396897  9.114
 56 124.317194  65.261260    42.476    42.381  6 54175.12397005  8.531
 57 124.323863  65.254150    42.792    42.402  7 54210.12397507  9.492
 58 124.324460  65.258215    50.322    50.335  6 54245.12400471 48.452
 59 124.324673  65.258948    46.005    45.972  5 54280.12401610 43.175
 60 124.322546  65.259084    45.173    45.053  5 54315.12401553 15.566
 61 124.316737  65.261749    43.700    43.681  6 54350.12398388 17.820
 62 124.322676  65.251992    42.700    42.650  8 54385.12395535 36.164
 63 124.316559  65.260277    41.860    41.902  6 54420.12393393 19.545
 64 124.325047  65.246639    42.141    42.141 10 54455.12392801 13.850
 65 124.321438  65.260108    42.259    42.229  5 54490.12393403 11.919
 66 124.321620  65.249375    42.286    42.197  9 54525.12394057  9.627
 67 124.317031  65.260647    42.485    42.505  6 54560.12394292  7.422
 68 124.323294  65.258521    45.525    45.514  6 54595.12393463  1.806
 69 124.322834  65.259459    47.160    47.156  6 54630.12394876 51.157
 70 124.322114  65.258722    44.518    44.628  6 54665.12395555 16.999
 71 124.317033  65.261398    45.233    45.120  6 54700.12392561 15.205
 72 124.322857  65.248778    45.043    45.074 10 54735.12391610 48.175
 73 124.321336  65.259564    41.785    41.807  5 54770.12390633 37.871
 74 124.321600  65.249400    42.183    42.159  9 54805.12390992 15.457
 75 124.323056  65.258442    42.425    42.416  6 54840.12390110 13.076
 76 124.322887  65.254278    42.292    42.327  7 54875.12390958 11.223
 77 124.314873  65.262433    42.274    42.178  6 54910.12390668 10.213
 78 124.324988  65.254935    42.781    43.174  7 54945.12390192 22.659
 79 124.322238  65.259489    47.446    47.464  6 54980.12392779 31.197
 80 124.322312  65.258566    44.709    44.765  5 55015.12393107 21.576
 81 124.323757  65.258838    44.277    44.465  5 55050.12392487 19.218
 82 124.313178  65.261949    43.566    43.578  6 55085.12389155 47.184
 83 124.324175  65.250115    43.547    43.441 10 55120.12385939 35.185
 84 124.318656  65.260882    41.908    41.814  6 55155.12385134 21.705
 85 124.322466  65.249541    42.438    42.267 10 55190.12384875 16.810
 86 124.319341  65.259549    41.753    41.779  6 55225.12385153 14.872
 87 124.325549  65.258404    42.791    42.878  6 55260.12384300 12.423
 88 124.316924  65.261983    42.222    42.233  6 55295.12383699 11.772
 89 124.322427  65.259808    41.634    41.641  6 55330.12382416 39.015
 90 124.320391  65.260965    45.578    45.089  6 55365.12381806 17.777
 91 124.323539  65.250411    45.078    45.033  9 55400.12383123 17.748
 92 124.323229  65.259269    43.178    43.169  6 55435.12383483 49.128
 93 124.312746  65.261799    42.690    42.672  6 55470.12378860 21.710
