# NaN NaN NaN ;Mean Elev.(m), Avg Gradient(m/km), RMS Gradient(m/km) - SRTM1     
#    0.000  -8.607  23.029 ;Mean Elev.(m), Avg Gradient(m/km), RMS Gradient(m/km) - ASTER GDEM
#   11.000  -6.393  23.186 ;Mean Elev.(m), Avg Gradient(m/km), RMS Gradient(m/km) - GMTED2010 
  7 126.747830  70.506681    11.120    10.093  6 52465.49524852 18.752
  8 126.751288  70.510951     6.832     7.581  3 52500.49524397 46.742
 11 126.758693  70.506323     8.999     9.097  6 52605.49523524 11.524
 12 126.718629  70.515328     7.912     7.897  3 52640.49522580 12.477
 13 126.750396  70.511609     8.759     8.696  4 52675.49521630  9.706
 17 126.723831  70.508159    15.731    15.852  7 52815.49528535 42.671
 19 126.743810  70.507212   123.672   135.559  7 52885.49537146  6.519
 23 126.757842  70.513185     9.273     9.273  2 53025.49527766 11.367
 28 126.738622  70.511006    27.912    13.999  3 53200.49536124 17.070
 30 126.726102  70.505921    97.947   100.723  6 53270.49529243  5.239
 31 126.719895  70.513759    10.812    10.835  3 53305.49535666 25.249
 34 126.738847  70.512320     7.241     7.116  4 53410.49529852  9.533
 36 126.725016  70.511120     8.152     7.929  5 53480.49536385  7.672
 37 126.749295  70.507087    14.953    16.310  7 53515.49536789 29.004
 38 126.747632  70.506444    14.574    13.820  7 53550.49538734 13.577
 39 126.760381  70.505469    11.077    10.973  7 53585.49534601 23.281
 44 126.732529  70.511604     8.683     8.604  5 53760.49519714  8.389
 48 126.745929  70.506245    20.372    20.273  7 53900.49529615 40.915
 49 126.736457  70.507605    11.703    11.726  7 53935.49533814 35.663
 50 126.743548  70.512413    13.512    13.714  4 53970.49530685 15.782
 51 126.729572  70.507094    13.007    12.390  7 54005.49528433 38.944
 52 126.739877  70.508631    11.490    11.562  7 54040.49531395 17.692
 53 126.757415  70.505533     9.351     9.267  7 54075.49530731 14.366
 54 126.773670  70.505171     7.459     7.365  7 54110.49524991 11.249
 55 126.725512  70.515092    10.365    10.365  2 54145.49524952 10.353
 59 126.754179  70.506016    15.182    14.812  7 54285.49528885 12.387
 61 126.765975  70.506869    12.083    11.857  7 54355.49524759 21.991
 62 126.752581  70.503885    96.178    93.905  4 54390.49522615  4.047
 70 126.751306  70.506969    13.801    12.348  7 54670.49522783 14.938
 72 126.749307  70.501639     9.809     9.809  2 54740.49519038 47.698
 73 126.749334  70.512493     8.474     8.474  2 54775.49517190 15.957
 74 126.722612  70.514270     8.764     8.764  2 54810.49518682 11.176
 76 126.740267  70.507989     9.181     9.300  7 54880.49518840  5.367
 79 126.742976  70.507416    34.576    34.576  2 54985.49520610 21.048
 80 126.754477  70.505808    13.279    13.697  7 55020.49519943 13.819
 81 126.755487  70.506434    10.017     9.771  6 55055.49519638 34.911
 82 126.765870  70.504921    87.611    94.622  7 55090.49515462 11.442
 83 126.745759  70.506447    10.415    10.694  7 55125.49513478 38.520
 84 126.752261  70.509488     6.190     6.160  4 55160.49511692 15.003
 85 126.735140  70.507327     8.946     8.347  7 55195.49512577 11.240
 86 126.753929  70.511704     9.118     9.118  2 55230.49512003  7.797
 87 126.746078  70.507060     7.246     7.431  6 55265.49512043  6.565
 88 126.756881  70.511774     9.759     9.779  3 55300.49510213  5.155
 89 126.738971  70.515225   118.428   118.428  2 55335.49509844  1.800
 90 126.750436  70.508580    13.203    13.151  5 55370.49508742 18.154
 92 126.764162  70.501765   106.606   106.038  3 55440.49510462  1.641
 93 126.761425  70.510521     7.555     7.226  4 55475.49505030 30.738
