# NaN NaN NaN ;Mean Elev.(m), Avg Gradient(m/km), RMS Gradient(m/km) - SRTM1     
#   98.557 -10.581  45.961 ;Mean Elev.(m), Avg Gradient(m/km), RMS Gradient(m/km) - ASTER GDEM
#   85.071  -9.601  46.416 ;Mean Elev.(m), Avg Gradient(m/km), RMS Gradient(m/km) - GMTED2010 
  8 127.368964  61.129279   103.910   104.045  5 52502.51923038 15.300
 10 127.365679  61.122648    97.708    97.740  9 52572.51925282 41.241
 11 127.374789  61.126754    97.990    98.022  8 52607.51921073 16.326
 12 127.362221  61.122205    97.918    97.890  8 52642.51920824 12.758
 13 127.375881  61.126709    98.367    98.330  8 52677.51919377  9.357
 14 127.361794  61.121822    99.486    99.754  9 52712.51922682  7.934
 15 127.361419  61.131261   100.288   100.215  4 52747.51925508 24.186
 16 127.357150  61.120523   105.486   105.174  8 52782.51919303 31.273
 17 127.357308  61.120581   100.312   100.217  9 52817.51927177 44.386
 18 127.364849  61.122730    98.516    98.709  9 52852.51932220 33.957
 20 127.377276  61.123804   101.291   101.201  8 52922.51931092 37.007
 21 127.367049  61.122510    97.740    97.743  8 52957.51927652 23.370
 22 127.370207  61.123328    98.045    98.074  9 52992.51929927 14.906
 24 127.372614  61.124409    98.754    98.851  8 53062.51927359  9.271
 25 127.372271  61.123994    98.544    98.664  8 53097.51929472  6.777
 26 127.376065  61.119780   163.561   173.004  6 53132.51927000 20.053
 28 127.367500  61.123152    99.318    99.249  9 53202.51934774 45.081
 29 127.375747  61.133340   104.069   104.582  3 53237.51931825 36.266
 30 127.353616  61.128293   101.967   102.101  4 53272.51927540 21.271
 31 127.361286  61.120779    98.355    98.372  9 53307.51933680 39.206
 32 127.374070  61.123609    98.292    98.375  9 53342.51930392 13.236
 33 127.360060  61.121407    98.358    98.357  8 53377.51924052 10.338
 34 127.372680  61.124431    98.690    98.648  8 53412.51927981  8.698
 36 127.357240  61.123022   102.112   102.216  7 53482.51935114  1.275
 37 127.380040  61.113067   188.951   188.951  2 53517.51934994  1.775
 38 127.366046  61.122010   101.240   101.442  8 53552.51937298 38.178
 39 127.376344  61.127600    99.062    99.366  8 53587.51932599 41.091
 40 127.353141  61.119159   100.569   100.185  9 53622.51929315 32.410
 41 127.363003  61.121337    97.520    97.528  8 53657.51932094 42.382
 42 127.372722  61.123507    99.155    98.950  8 53692.51930502 14.122
 43 127.381440  61.128983   100.099    98.464  7 53727.51922921  9.152
 44 127.368668  61.122506    97.718    97.698  8 53762.51918376  7.732
 45 127.377388  61.129521    98.375    98.651  7 53797.51919616  6.416
 48 127.368159  61.122460   106.609   106.403  3 53902.51928489 17.702
 49 127.351878  61.132207    99.444    99.444  2 53937.51932455 33.792
 50 127.372645  61.123656   101.615   101.381  8 53972.51928620 18.976
 51 127.361829  61.120466   101.887   101.408  8 54007.51927215 25.884
 52 127.369170  61.122864    98.330    98.275  8 54042.51929678 27.910
 53 127.373289  61.126347    98.027    98.010  7 54077.51929123 11.181
 54 127.378017  61.130633    97.838    98.321  5 54112.51923127  9.613
 55 127.365560  61.122148    98.095    98.107  9 54147.51923396  7.513
 56 127.377846  61.128793    98.302    98.508  7 54182.51921903  8.500
 59 127.373724  61.123495   113.218   111.114  4 54287.51927291 12.252
 60 127.371409  61.124405    98.620    98.378  9 54322.51927032 40.153
 61 127.378932  61.128729   101.583   101.465  7 54357.51922930 37.978
 62 127.370219  61.122811    97.677    97.563  8 54392.51921048 38.143
 63 127.374679  61.125739    97.290    97.532  7 54427.51917890 17.814
 64 127.366607  61.122296    98.105    98.107  8 54462.51918836 14.393
 66 127.369953  61.122720    98.011    98.025  9 54532.51920168 10.809
 68 127.359731  61.134243   164.741   164.741  2 54602.51919948 12.244
 69 127.370862  61.122713   102.836   101.794  9 54637.51920815 20.082
 70 127.370742  61.124172   100.909   100.531  9 54672.51921174 40.967
 71 127.378372  61.124564   100.659   100.663  8 54707.51917101 46.846
 73 127.375611  61.124123    97.661    97.681  9 54777.51915236 31.717
 74 127.363885  61.122232    98.362    98.414  9 54812.51917017 20.352
 75 127.373855  61.126827    98.229    98.352  8 54847.51915322 13.069
 76 127.366166  61.123055    98.124    98.051  9 54882.51917347 10.237
 77 127.376359  61.127254    98.089    98.182  8 54917.51915595  9.163
 78 127.367648  61.121663   190.281   188.685  4 54952.51916741  3.454
 80 127.372942  61.125750   100.391   100.335  7 55022.51918450 44.992
 82 127.377205  61.126940   105.053   104.745  7 55092.51913656 33.693
 83 127.368618  61.123640    98.406    98.552  9 55127.51912015 43.089
 84 127.373886  61.124357    97.853    97.929  9 55162.51909752 23.409
 85 127.365132  61.121998    98.283    98.357  9 55197.51911117 19.560
 86 127.375420  61.127060    97.797    97.854  8 55232.51910189 17.645
 87 127.369548  61.122813    97.696    97.673  9 55267.51910589 13.995
 88 127.378747  61.128079   101.733   101.721  7 55302.51908250 14.031
 89 127.364489  61.133234   200.765   200.765  2 55337.51908228  3.160
 90 127.378668  61.116864   103.578   103.385  4 55372.51906880 28.847
 91 127.369291  61.122464    98.433    98.263  8 55407.51909044 36.663
 93 127.379673  61.129117    97.877    97.906  7 55477.51903024 36.805
