# NaN NaN NaN ;Mean Elev.(m), Avg Gradient(m/km), RMS Gradient(m/km) - SRTM1     
#  106.880  -7.269  20.926 ;Mean Elev.(m), Avg Gradient(m/km), RMS Gradient(m/km) - ASTER GDEM
#   98.461  -8.095  23.262 ;Mean Elev.(m), Avg Gradient(m/km), RMS Gradient(m/km) - GMTED2010 
  8 124.791849  60.669617   122.790   122.790  2 52486.11294447  8.205
  9 124.791631  60.674956   109.878   109.879  6 52521.11291083 29.988
 10 124.801440  60.676579   109.317   109.107  7 52556.11296133 16.492
 11 124.793889  60.674627   103.848   103.844  6 52591.11295323 20.781
 12 124.794368  60.670615   122.891   115.041  4 52626.11287577  7.821
 13 124.799230  60.675942   113.116   112.933  7 52661.11291734  5.226
 14 124.820106  60.681719   108.087   108.111  6 52696.11289417  4.300
 15 124.805450  60.675949   105.685   105.838  7 52731.11292348  9.322
 17 124.813169  60.673823   113.258   113.258  2 52801.11293178 11.428
 18 124.814195  60.679251   110.491   109.602  7 52836.11299756 42.591
 19 124.805551  60.674095   109.796   109.712  5 52871.11303967 14.718
 20 124.797887  60.674576   111.169   111.075  6 52906.11303667 14.183
 21 124.819764  60.681399   104.098   104.107  6 52941.11296595 28.385
 29 124.797411  60.675079   114.305   115.304  6 53221.11304992 40.607
 30 124.784459  60.673728   112.952   112.679  5 53256.11302705 40.271
 31 124.804105  60.677585   107.933   106.337  7 53291.11303870 16.490
 32 124.795943  60.666905   116.601   116.601  2 53326.11301560  7.773
 40 124.787214  60.673322   108.043   107.959  5 53606.11301875 37.391
 42 124.795210  60.675119   108.467   108.586  6 53676.11303765 20.130
 52 124.810689  60.675753   107.248   108.976  5 54026.11300496 31.049
 60 124.803295  60.677264   111.909   111.840  7 54306.11298198 30.776
 61 124.794639  60.674528   106.791   106.760  6 54341.11296436 32.457
 63 124.796604  60.672891   107.115   106.877  5 54411.11291138 24.727
 64 124.810833  60.675184   106.587   106.894  3 54446.11288085 23.538
 70 124.798740  60.676109   113.677   113.034  6 54656.11292001 11.064
 71 124.796181  60.675269   108.945   108.927  6 54691.11290505 48.665
 72 124.814112  60.681542   166.792   169.394  6 54726.11286971 14.534
 73 124.798193  60.675548   109.573   108.005  6 54761.11288201 43.100
 74 124.811897  60.676811   118.542   123.790  5 54796.11286412 13.092
 75 124.800186  60.676046   117.152   115.323  7 54831.11288207  5.825
 81 124.801964  60.676571   110.921   110.775  7 55041.11289025 15.399
 83 124.807204  60.676431   107.914   107.898  7 55111.11282282 45.280
 84 124.796765  60.674861   110.805   110.657  7 55146.11282575 16.104
 85 124.814382  60.679268   107.599   107.503  7 55181.11279972 17.827
 86 124.797077  60.674947   108.479   107.463  6 55216.11282020 10.804
 87 124.811816  60.679108   107.982   108.057  6 55251.11279679  8.601
 88 124.791893  60.674002   110.210   109.529  6 55286.11281411  5.877
 91 124.802979  60.671799   111.638   111.414  3 55391.11278925  9.979
 92 124.801414  60.675770   111.253   110.825  6 55426.11280437 16.759
 93 124.793401  60.673875   111.103   110.658  6 55461.11277248 40.083
