# NaN NaN NaN ;Mean Elev.(m), Avg Gradient(m/km), RMS Gradient(m/km) - SRTM1     
#   11.040  -0.585   2.664 ;Mean Elev.(m), Avg Gradient(m/km), RMS Gradient(m/km) - ASTER GDEM
#   20.999  -0.858   4.287 ;Mean Elev.(m), Avg Gradient(m/km), RMS Gradient(m/km) - GMTED2010 
  8 123.332664  67.133907    26.991    26.476 51 52499.51647768 29.462
  9 123.305073  67.130480    30.379    29.200 22 52534.51646536 21.037
 10 123.321338  67.131868    26.013    25.772 32 52569.51649463 41.285
 11 123.329889  67.134766    26.063    25.799 51 52604.51647701 19.345
 12 123.310621  67.132992    27.525    26.326 25 52639.51645910 13.736
 13 123.331170  67.133380    27.532    27.205 51 52674.51645398 11.038
 14 123.317417  67.130992    27.352    26.372 29 52709.51646997  9.784
 16 123.299458  67.139879    27.323    25.654 20 52779.51643674 27.845
 17 123.301465  67.137639    32.596    31.808 21 52814.51652001 23.101
 18 123.310812  67.135359    29.606    28.761 26 52849.51657204 19.381
 19 123.321378  67.133447    28.674    28.426 33 52884.51660681 22.966
 20 123.332267  67.135310    30.630    30.616 50 52919.51656308 17.608
 21 123.316757  67.132299    25.997    25.259 30 52954.51652632 22.542
 22 123.325075  67.138163    26.458    25.992 49 52989.51653681 30.853
 23 123.345377  67.128565    26.870    26.603 55 53024.51651576 11.955
 24 123.323052  67.138689    27.391    26.776 45 53059.51651574  9.178
 25 123.323844  67.138405    28.111    27.426 46 53094.51655350  8.000
 26 123.321361  67.133029    28.140    27.204 33 53129.51652459  5.284
 28 123.325022  67.131328    31.149    31.173 36 53199.51659414 49.339
 29 123.341622  67.131469    29.882    29.865 54 53234.51656365 50.177
 30 123.302506  67.135385    29.336    27.938 21 53269.51653084 21.522
 31 123.302043  67.138419    26.685    26.343 22 53304.51659277 41.144
 32 123.324061  67.138259    27.674    27.236 47 53339.51656083 12.845
 33 123.357194  67.121411    29.026    28.968 59 53374.51648842  9.422
 34 123.325094  67.131456    28.906    28.003 36 53409.51653354  8.009
 35 123.352335  67.124913    28.984    29.031 57 53444.51651495  7.521
 36 123.311152  67.132776    29.381    28.271 26 53479.51659653  8.850
 37 123.327221  67.131193    36.485    36.347 37 53514.51660327 46.196
 38 123.325048  67.132119    31.427    31.353 35 53549.51662235 51.554
 39 123.329824  67.135551    31.686    31.267 50 53584.51658527 19.500
 40 123.347376  67.127561    32.050    31.873 56 53619.51654016 16.843
 41 123.317204  67.132930    27.265    27.105 30 53654.51656798 45.119
 42 123.323804  67.134145    25.059    25.051 36 53689.51656313 31.361
 43 123.356207  67.123210    25.938    25.657 59 53724.51648475 18.092
 44 123.319440  67.133503    26.390    25.570 32 53759.51643008 12.672
 45 123.332774  67.136151    25.826    25.324 50 53794.51644919 11.613
 46 123.312858  67.132885    26.446    25.673 27 53829.51642503  8.191
 47 123.315352  67.131867    28.692    28.661 28 53864.51650421 18.069
 48 123.320929  67.133919    35.148    35.046 32 53899.51653003 50.480
 49 123.313722  67.134528    30.462    29.579 28 53934.51657394 19.704
 50 123.325524  67.133732    29.583    29.272 37 53969.51654348 19.322
 51 123.308147  67.134829    31.674    31.535 24 54004.51651824 51.129
 52 123.322370  67.132319    26.200    26.165 33 54039.51654954 37.880
 53 123.324030  67.138437    26.779    26.761 46 54074.51654502 23.997
 54 123.353350  67.124250    26.833    26.736 57 54109.51648676 16.625
 55 123.316372  67.133518    26.593    25.751 29 54144.51648246 12.674
 56 123.336143  67.134757    26.697    26.312 50 54179.51647390 11.346
 57 123.317216  67.133374    27.600    27.045 30 54214.51649022 10.326
 58 123.320803  67.133316    36.052    35.653 33 54249.51651786 28.471
 59 123.326150  67.134861    32.391    32.003 42 54284.51652547 18.337
 60 123.327845  67.133894    30.620    30.556 42 54319.51652262 49.820
 61 123.341163  67.130768    28.772    28.303 53 54354.51648486 27.566
 62 123.323871  67.133924    27.040    26.965 36 54389.51646300 40.667
 63 123.331087  67.133925    26.013    25.546 51 54424.51643552 15.435
 64 123.316679  67.132896    27.925    26.848 30 54459.51643855 10.340
 65 123.330196  67.136051    28.077    27.801 50 54494.51644080  8.932
 66 123.320396  67.133989    28.323    26.997 32 54529.51645146  6.458
 67 123.341437  67.130669    29.684    28.852 53 54564.51644641  6.335
 68 123.323899  67.132889    26.772    25.337 34 54599.51644683 30.417
 69 123.323785  67.133149    33.439    33.223 35 54634.51645931 25.670
 70 123.327376  67.132741    29.801    28.939 38 54669.51646385 22.295
 71 123.332488  67.136616    31.627    31.299 49 54704.51642785 15.918
 72 123.318290  67.133047    29.999    29.908 31 54739.51642674 52.037
 73 123.330438  67.135725    25.467    25.480 50 54774.51640872 37.462
 74 123.311401  67.134754    26.273    25.906 27 54809.51642072 20.349
 75 123.330110  67.134478    26.227    26.429 51 54844.51640707 19.518
 76 123.318472  67.134301    25.577    25.405 31 54879.51642365 17.618
 77 123.333173  67.135265    25.131    25.003 50 54914.51641096 15.712
 78 123.318701  67.134370    25.494    25.047 32 54949.51641633 41.254
 79 123.320353  67.134417    34.540    34.403 32 54984.51644125 24.269
 80 123.328677  67.132409    31.862    31.509 40 55019.51643625 15.704
 81 123.325686  67.137372    29.725    29.381 48 55054.51643361 19.528
 82 123.332769  67.136681    28.476    28.109 49 55089.51639347 46.779
 83 123.321956  67.133056    28.188    28.065 33 55124.51637011 50.947
 84 123.330745  67.133975    26.553    25.621 52 55159.51635398 22.688
 85 123.311965  67.135177    27.545    26.711 27 55194.51636103 20.649
 86 123.330489  67.137061    25.647    25.051 50 55229.51635681 17.632
 87 123.324353  67.132678    25.625    25.087 35 55264.51635537 15.747
 88 123.335684  67.134694    25.380    25.186 50 55299.51633918 14.152
 89 123.328674  67.132264    26.808    26.614 41 55334.51633266 39.389
 90 123.325167  67.136827    31.055    30.783 45 55369.51632448 21.687
 91 123.319127  67.133278    29.776    29.133 32 55404.51634122 22.014
 92 123.330927  67.134167    27.462    27.384 51 55439.51634233 40.991
 93 123.345398  67.128369    29.882    29.843 55 55474.51628670 21.277
