# NaN NaN NaN ;Mean Elev.(m), Avg Gradient(m/km), RMS Gradient(m/km) - SRTM1     
#   52.132  -1.330   5.703 ;Mean Elev.(m), Avg Gradient(m/km), RMS Gradient(m/km) - ASTER GDEM
#   49.509  -2.554   7.192 ;Mean Elev.(m), Avg Gradient(m/km), RMS Gradient(m/km) - GMTED2010 
  7 129.637438  63.206676    76.900    76.945 20 52445.10446282 49.066
  8 129.641407  63.208441    76.184    75.906 20 52480.10445485 23.943
  9 129.638704  63.203143    73.986    74.079 18 52515.10440441 49.379
 10 129.638064  63.188624    75.042    75.088 13 52550.10445301 50.725
 11 129.654072  63.209151    73.789    73.701 14 52585.10442820 35.552
 12 129.641793  63.216695    73.668    73.683 26 52620.10440736 25.467
 14 129.643222  63.218230    73.527    73.319 26 52690.10438981 19.620
 15 129.653343  63.211859    74.050    73.868 16 52725.10443435 18.979
 16 129.633283  63.216135    74.978    74.899 34 52760.10445244 17.326
 17 129.617273  63.153025    78.178    78.257 18 52795.10442049 24.744
 18 129.618353  63.152150    76.700    76.941 18 52830.10448747 46.059
 19 129.613194  63.151103    76.738    76.730 14 52865.10453201 28.402
 20 129.638706  63.205215    74.916    74.985 19 52900.10455040 45.708
 21 129.642865  63.220249    73.884    73.869 28 52935.10449035 48.218
 22 129.637857  63.189668    73.548    73.612 13 52970.10451455 29.457
 23 129.638252  63.206347    73.746    73.641 19 53005.10452839 24.302
 24 129.611001  63.151105    73.637    73.819 13 53040.10448896 24.602
 25 129.641313  63.208917    73.232    73.263 20 53075.10450949 19.391
 26 129.637498  63.188359    73.619    73.357 16 53110.10448321 18.707
 27 129.654054  63.213338    74.792    74.763 16 53145.10451981 34.311
 28 129.637012  63.191338    79.445    79.592 15 53180.10453662 27.706
 29 129.638340  63.199526    76.205    76.187 17 53215.10455719 23.186
 30 129.639664  63.211638    74.993    74.704 22 53250.10452601 26.231
 31 129.637062  63.188864    75.734    75.811 13 53285.10452681 43.228
 32 129.611267  63.152956    74.164    74.214 13 53320.10451816 38.890
 33 129.640406  63.203794    74.734    74.454 20 53355.10447627 19.923
 34 129.612200  63.153709    74.514    74.358 13 53390.10449324 21.487
 35 129.653802  63.213602    73.998    73.806 16 53425.10447901 19.972
 36 129.617539  63.152998    74.621    73.803 18 53460.10449658 14.560
 37 129.639570  63.203747    75.376    75.391 18 53495.10457131 32.753
 38 129.670328  63.230407    77.174    76.891 15 53530.10454079 48.688
 39 129.642773  63.215906    77.223    77.312 24 53565.10457414 41.686
 40 129.640772  63.206448    75.794    75.610 19 53600.10451832 23.402
 41 129.635977  63.186421    75.022    75.100 15 53635.10451874 49.162
 42 129.640731  63.204146    73.523    73.567 19 53670.10453688 42.505
 43 129.652740  63.214249    73.466    73.426 16 53705.10447060 27.370
 44 129.642037  63.218426    73.650    73.664 27 53740.10438132 25.859
 45 129.623289  63.167723    73.615    73.578 14 53775.10441144 25.744
 46 129.641591  63.213253    72.967    72.988 24 53810.10438498 22.629
 47 129.637059  63.188866    74.509    74.490 13 53845.10443316 13.452
 48 129.623127  63.168196    79.373    79.558 12 53880.10446489 50.299
 49 129.639687  63.206335    79.030    79.051 19 53915.10451447 43.222
 50 129.641454  63.215020    74.429    74.431 25 53950.10452226 47.857
 51 129.638320  63.208697    76.790    76.551 21 53985.10446094 27.473
 52 129.611699  63.153352    75.717    75.928 13 54020.10450878 50.555
 53 129.612032  63.152605    74.655    74.538 13 54055.10450022 25.219
 54 129.639629  63.205862    74.606    74.237 20 54090.10447781 19.155
 55 129.615233  63.152831    74.897    74.600 17 54125.10441517 18.592
 57 129.611532  63.151750    74.398    73.751 13 54195.10441723 17.433
 58 129.653456  63.211898    74.888    74.461 14 54230.10445562 37.345
 59 129.669776  63.230968    78.934    78.569 15 54265.10446944 40.220
 61 129.641248  63.205643    75.814    75.871 19 54335.10446848 38.441
 63 129.638935  63.201434    73.980    74.051 18 54405.10441362 44.682
 64 129.614599  63.149664    72.931    72.923 17 54440.10438114 31.423
 65 129.636681  63.189549    73.651    73.758 13 54475.10440280 24.372
 66 129.612218  63.150826    73.233    73.529 13 54510.10439511 24.018
 67 129.638568  63.198644    73.960    73.593 17 54545.10441543 17.377
 68 129.654146  63.210029    74.579    74.627 16 54580.10437996 14.409
 69 129.653300  63.213340    78.095    78.037 16 54615.10440175 50.511
 70 129.654015  63.214330    76.997    76.523 16 54650.10441336 30.337
 71 129.638542  63.203783    76.786    76.541 21 54685.10441006 25.469
 72 129.614288  63.151758    79.321    79.507 16 54720.10436977 48.155
 73 129.652312  63.212495    74.753    74.643 16 54755.10438236 48.722
 74 129.611771  63.151940    74.566    74.348 13 54790.10436359 25.559
 75 129.637743  63.190010    74.851    74.678 13 54825.10438273 20.371
 76 129.624257  63.164583    74.507    74.273 16 54860.10435403 18.653
 77 129.639510  63.203741    74.005    73.651 18 54895.10438166 17.459
 78 129.636441  63.184756    74.549    74.475 13 54930.10434866 15.261
 79 129.636979  63.194741    78.245    78.340 15 54965.10438326 38.451
 80 129.639832  63.201823    78.843    78.950 18 55000.10440231 45.157
 82 129.639117  63.206100    76.854    76.752 19 55070.10437695 24.981
 83 129.624227  63.168228    77.002    77.565 14 55105.10432601 34.089
 84 129.637459  63.197043    72.734    72.879 16 55140.10432693 39.952
 85 129.615160  63.151962    73.995    74.213 17 55175.10429613 25.279
 86 129.652909  63.211409    73.745    73.692 16 55210.10431905 24.768
 87 129.636880  63.185281    73.505    73.527 14 55245.10429619 19.413
 88 129.639560  63.203981    73.228    73.258 19 55280.10431453 17.773
 89 129.652128  63.211694    77.336    76.719 16 55315.10427803 15.544
 90 129.639927  63.202820    77.633    77.591 19 55350.10428600 30.214
 91 129.635717  63.183612    76.407    76.584 13 55385.10428302 36.109
 92 129.652583  63.210829    75.950    75.856 16 55420.10430267 42.711
 93 129.637924  63.205506    76.314    75.739 19 55455.10428124 23.042
