# NaN NaN NaN ;Mean Elev.(m), Avg Gradient(m/km), RMS Gradient(m/km) - SRTM1     
#   42.985 -16.189  18.035 ;Mean Elev.(m), Avg Gradient(m/km), RMS Gradient(m/km) - ASTER GDEM
#   32.000  -3.354  17.523 ;Mean Elev.(m), Avg Gradient(m/km), RMS Gradient(m/km) - GMTED2010 
  9 127.398055  63.940119    60.788    60.834 11 52521.11224133 47.073
 10 127.408686  63.939824    60.220    60.303  9 52556.11229216 27.294
 11 127.402405  63.941157    59.171    59.301 10 52591.11228341 33.497
 12 127.404060  63.940519    59.533    59.585 10 52626.11220530 24.391
 13 127.405388  63.939329    59.677    59.681  9 52661.11224817 22.161
 14 127.420842  63.935411    59.324    59.418 12 52696.11222693 19.754
 15 127.410165  63.937749    59.317    59.276 10 52731.11225463 16.613
 16 127.387681  63.939940    59.912    59.935  7 52766.11226449 34.043
 17 127.419487  63.935433    67.826    64.943 11 52801.11226293 18.970
 18 127.416642  63.936199    64.546    64.157 11 52836.11232967 33.923
 19 127.411974  63.937462    61.736    61.948  9 52871.11237050 23.877
 20 127.404895  63.939658    61.424    61.373  9 52906.11236717 43.626
 21 127.420377  63.935112    59.520    59.579 12 52941.11229871 45.520
 23 127.401108  63.940590    60.617    60.521 10 53011.11235028 13.884
 24 127.413295  63.937477    60.308    59.545 10 53046.11231461 13.054
 25 127.399210  63.941553    60.727    60.633 11 53081.11234871 10.951
 26 127.410132  63.937531    60.506    59.844  9 53116.11231950 12.320
 27 127.404714  63.939953    65.743    65.732  9 53151.11236693 37.824
 28 127.416015  63.937289    64.976    64.952 10 53186.11235432 33.498
 29 127.404457  63.940134    62.230    62.229  9 53221.11238042 45.289
 30 127.395907  63.945205    61.059    60.523 10 53256.11235626 27.853
 31 127.409285  63.937614    60.874    60.751  9 53291.11237017 24.388
 32 127.407456  63.938244    60.840    60.872  9 53326.11234482 15.372
 33 127.403933  63.940611    61.769    61.813 10 53361.11230244  9.333
 34 127.412464  63.937202    61.541    61.309  9 53396.11232241  8.453
 35 127.402545  63.941091    61.647    61.505  9 53431.11231426  7.664
 36 127.415768  63.935917    61.748    61.497 10 53466.11234553  6.762
 37 127.401366  63.940289    60.711    60.768  9 53501.11240276 39.144
 38 127.405208  63.939851    66.667    64.846 10 53536.11239242 15.417
 40 127.395598  63.941723    67.083    63.795 10 53606.11234861 19.117
 41 127.413411  63.936792    61.642    61.646 10 53641.11234889 41.997
 42 127.404182  63.941601    60.459    60.460 10 53676.11236783 37.524
 43 127.400899  63.940666    60.510    60.446 10 53711.11229773 22.427
 44 127.423171  63.935322    60.098    60.138 12 53746.11220845 17.433
 45 127.409908  63.938609    60.459    60.505 10 53781.11223950 14.584
 46 127.396292  63.943696    60.676    60.603 11 53816.11220716 14.304
 47 127.410933  63.937756    59.167    59.236  9 53851.11227577 27.144
 48 127.414437  63.936380    65.475    65.502 10 53886.11228444 48.447
 49 127.401558  63.942457    65.292    63.267  9 53921.11235353 13.452
 50 127.397702  63.941495    62.063    61.535 11 53956.11235102 25.394
 52 127.416861  63.937399    60.645    60.665 10 54026.11233610 44.459
 53 127.410791  63.937875    59.921    59.972 10 54061.11232970 25.390
 54 127.397279  63.941865    59.937    59.851 10 54096.11230268 16.429
 55 127.417844  63.935750    59.815    59.772 11 54131.11225057 15.195
 56 127.402247  63.942591    59.832    59.920 10 54166.11227454 11.525
 57 127.413997  63.937224    58.932    58.999  9 54201.11225364 15.338
 58 127.410567  63.937800    62.945    62.808  9 54236.11228975 20.736
 59 127.406222  63.939126    64.468    64.486  9 54271.11231047 41.716
 60 127.408520  63.939059    62.880    62.773 10 54306.11231313 18.236
 61 127.402598  63.941241    63.354    61.490 10 54341.11229455 19.184
 62 127.407611  63.933704    74.147    70.711  7 54376.11224872 19.827
 63 127.404938  63.939470    58.785    58.863  9 54411.11224156 42.047
 64 127.417070  63.936804    59.396    59.423 10 54446.11221200 25.150
 65 127.408180  63.938939    59.547    59.603 10 54481.11223311 20.161
 66 127.417512  63.937402    59.604    59.596 10 54516.11222612 15.418
 67 127.402213  63.942318    60.018    60.070 10 54551.11224556 10.643
 68 127.406724  63.934690    59.121    59.104  8 54586.11222237 20.625
 69 127.407615  63.940041    64.205    64.079 10 54621.11224050 25.789
 70 127.404957  63.939531    63.038    62.794 10 54656.11225084 15.476
 71 127.403223  63.940389    63.488    63.289  9 54691.11223555 15.108
 72 127.415498  63.936901    65.465    65.456 11 54726.11220215 16.462
 73 127.405521  63.940444    60.491    60.446  9 54761.11221252 44.024
 74 127.417124  63.936793    60.143    60.194 11 54796.11219559 24.758
 75 127.406432  63.939471    60.227    60.207  9 54831.11221290 19.404
 76 127.417052  63.937956    59.919    59.865 10 54866.11219049 17.901
 77 127.400806  63.941041    60.102    60.133 10 54901.11221188 16.607
 78 127.412201  63.937983    60.131    60.174 10 54936.11218124 12.569
 80 127.404983  63.940757    63.651    63.739  9 55006.11223304 36.649
 81 127.408369  63.940027    63.112    62.502  9 55041.11222107 17.957
 82 127.401954  63.941176    61.869    61.891 10 55076.11220232 41.516
 83 127.411555  63.936508    62.629    62.499  9 55111.11215430 15.465
 84 127.403991  63.939816    59.190    59.170 10 55146.11215626 34.140
 85 127.417181  63.936158    59.661    59.667 11 55181.11213184 24.874
 86 127.404145  63.939917    59.513    59.562  9 55216.11215070 22.200
 87 127.413980  63.935985    59.375    59.397 10 55251.11212891 19.747
 88 127.401199  63.942315    59.770    59.770  9 55286.11214397 16.762
 89 127.405295  63.940166    59.873    59.723 10 55321.11211804 36.128
 90 127.404951  63.939971    63.221    63.212  9 55356.11211855 34.549
 91 127.412247  63.938259    63.830    63.808  9 55391.11211943 34.827
 92 127.407726  63.939239    61.451    61.466 10 55426.11213520 43.111
 93 127.402461  63.942133    61.873    61.555  9 55461.11210234 16.246
