# NaN NaN NaN ;Mean Elev.(m), Avg Gradient(m/km), RMS Gradient(m/km) - SRTM1     
#  135.003 -10.581  37.867 ;Mean Elev.(m), Avg Gradient(m/km), RMS Gradient(m/km) - ASTER GDEM
#  127.063  -9.049  36.833 ;Mean Elev.(m), Avg Gradient(m/km), RMS Gradient(m/km) - GMTED2010 
  8 118.884335  59.928766   144.830   144.933  3 52504.54493293 14.173
 10 118.877082  59.928896   135.934   135.934  2 52574.54496020 42.743
 11 118.886370  59.929114   135.832   135.521  3 52609.54491980 10.446
 12 118.876484  59.929012   134.838   134.838  2 52644.54491182  8.362
 20 118.889580  59.930176   138.335   138.260  3 52924.54501438  4.597
 21 118.879393  59.929692   134.187   133.887  3 52959.54498145 15.620
 28 118.879888  59.929606   262.602   262.602  2 53204.54505492  1.684
 31 118.874759  59.928903   135.703   135.510  3 53309.54503883 41.111
 32 118.885246  59.930785   137.192   137.261  3 53344.54500509 10.124
 41 118.873768  59.929995   138.466   137.475  3 53659.54502900 38.963
 42 118.886835  59.928869   133.551   133.487  3 53694.54500457 11.141
 52 118.883675  59.928979   136.392   136.816  3 54044.54500007 36.371
 53 118.886807  59.930449   136.008   135.420  3 54079.54499361 11.309
 60 118.885130  59.929436   144.742   145.445  3 54324.54497432 14.496
 62 118.880630  59.930433   144.103   144.103  2 54394.54491470 13.843
 69 118.884053  59.928944   266.137   266.137  2 54639.54491279  2.930
 73 118.887156  59.929351   135.057   134.601  3 54779.54485598 39.415
 74 118.877857  59.928863   134.069   134.069  2 54814.54487554 14.976
 75 118.888132  59.929785   135.330   135.462  3 54849.54485517 10.682
 81 118.884321  59.929268   143.755   142.976  3 55059.54488397 35.316
 83 118.881448  59.928139   144.544   145.016  3 55129.54482516 16.936
 84 118.886598  59.930101   133.253   133.263  3 55164.54479841 14.675
 85 118.877706  59.930072   134.162   133.879  3 55199.54481740 12.042
 90 118.885329  59.931201   261.492   261.492  2 55374.54477578  3.271
 93 118.895640  59.931932   134.767   133.294  3 55479.54472880 42.100
