# NaN NaN NaN ;Mean Elev.(m), Avg Gradient(m/km), RMS Gradient(m/km) - SRTM1     
#   52.601  -0.918   3.640 ;Mean Elev.(m), Avg Gradient(m/km), RMS Gradient(m/km) - ASTER GDEM
#   35.886  -1.152   8.957 ;Mean Elev.(m), Avg Gradient(m/km), RMS Gradient(m/km) - GMTED2010 
  7 129.041519  63.522130    71.197    71.206 11 52477.50976255 47.772
  8 129.059293  63.528204    66.692    66.631 10 52512.50970617 32.401
  9 129.035161  63.522124    69.457    68.949 10 52547.50974372 34.091
 10 129.045697  63.523615    67.496    67.725 12 52582.50975140 42.636
 11 129.050521  63.526137    69.843    68.392 12 52617.50972451 22.649
 12 129.047205  63.525474    68.495    68.335 12 52652.50969924 19.848
 13 129.052394  63.529651    69.059    68.773 11 52687.50969740 15.963
 14 129.043400  63.524796    69.227    68.982 12 52722.50974400 14.047
 15 129.043145  63.522716    70.149    69.123 11 52757.50976573 13.403
 16 129.036106  63.522607    72.394    72.148 11 52792.50971763 34.136
 17 129.040973  63.522321    71.382    71.391 11 52827.50978561 48.999
 18 129.044220  63.523355    70.165    70.018 12 52862.50983090 40.712
 19 129.046599  63.525146    70.945    70.139 11 52897.50986092 34.270
 20 129.051925  63.527854    68.377    68.311 12 52932.50980759 45.141
 21 129.037913  63.523724    67.655    67.705 11 52967.50981167 29.194
 22 129.040528  63.523898    69.450    68.673 11 53002.50983696 18.056
 23 129.050434  63.527752    69.866    69.911 11 53037.50978656 16.032
 24 129.043855  63.525562    70.029    69.945 10 53072.50981167 13.539
 25 129.053089  63.528790    69.303    69.476 11 53107.50978733 13.368
 26 129.040553  63.522316    68.809    68.292 11 53142.50982010 36.327
 27 129.045397  63.525044    74.649    74.669 12 53177.50984415 42.492
 28 129.044902  63.523638    69.988    69.994 11 53212.50986402 45.121
 29 129.050858  63.527678    70.937    70.035 11 53247.50983339 25.106
 30 129.032119  63.522726    70.684    70.803 10 53282.50982240 48.914
 31 129.044769  63.523831    68.604    68.542 12 53317.50982529 38.279
 32 129.055113  63.526996    70.745    70.128 11 53352.50979130 13.565
 33 129.033227  63.523984    71.523    70.845 12 53387.50978397 11.909
 34 129.050643  63.528050    71.647    71.057 12 53422.50978549 10.426
 35 129.038621  63.522813    71.894    70.829 11 53457.50979022  8.220
 36 129.035937  63.523194    69.165    68.622 11 53492.50987571 33.959
 37 129.048565  63.526618    72.764    72.785 11 53527.50985574 51.257
 38 129.043794  63.524396    71.858    71.349 12 53562.50988462 31.719
 39 129.053839  63.529215    70.151    70.125 11 53597.50982500 43.779
 40 129.030865  63.520556    71.640    71.065 11 53632.50981933 18.711
 41 129.039855  63.523857    68.230    68.214 11 53667.50984196 41.752
 42 129.055035  63.524362    68.254    67.931 11 53702.50978740 28.311
 43 129.062225  63.532020    68.468    68.115 11 53737.50969839 19.799
 47 129.044235  63.523569    73.710    73.730 12 53877.50976500 43.260
 48 129.038028  63.522415    73.378    73.186 11 53912.50981666 22.115
 49 129.041576  63.522309    69.926    69.681 11 53947.50983168 49.605
 50 129.050353  63.527780    72.174    72.017 12 53982.50977486 23.707
 51 129.037697  63.522899    70.956    70.284 11 54017.50980153 26.113
 52 129.050379  63.526803    68.126    68.121 11 54052.50979720 22.727
 53 129.050108  63.527342    70.017    68.840 12 54087.50978918 17.511
 54 129.060873  63.531400    71.361    71.832 11 54122.50971343 13.813
 55 129.045668  63.523763    71.552    70.721 12 54157.50975063 11.422
 56 129.056779  63.529438    71.674    72.301 11 54192.50971254 10.952
 57 129.043793  63.523538    68.077    67.943 11 54227.50976254 29.678
 58 129.045283  63.523308    74.616    74.466 12 54262.50978157 31.978
 59 129.047457  63.525890    72.208    71.894 10 54297.50978669 22.503
 60 129.050346  63.527915    70.923    70.304 12 54332.50977726 23.751
 61 129.056198  63.528222    71.781    71.572 10 54367.50971825 23.684
 62 129.048105  63.525422    68.340    68.303 11 54402.50971972 45.985
 63 129.052038  63.527389    68.232    67.961 12 54437.50967709 25.644
 64 129.043222  63.524024    69.195    68.547 11 54472.50970485 18.731
 65 129.054735  63.528991    70.309    69.453 12 54507.50968862 15.784
 66 129.045404  63.527804    71.948    71.287 11 54542.50972005 10.467
 67 129.056232  63.528192    72.056    71.715 10 54577.50969083  9.196
 68 129.047512  63.525171    75.417    75.426 11 54612.50971058 52.268
 69 129.045943  63.524413    71.474    71.478 12 54647.50971740 52.335
 70 129.049226  63.525480    70.808    70.827 12 54682.50971821 38.908
 71 129.055499  63.529658    72.940    72.750 11 54717.50966679 32.504
 72 129.043097  63.522947    70.957    71.186 11 54752.50969007 29.004
 73 129.051265  63.528678    69.452    68.760 11 54787.50965684 27.832
 74 129.042033  63.523623    69.822    69.066 11 54822.50968462 18.371
 75 129.052614  63.527966    69.069    68.771 11 54857.50965273 15.146
 76 129.047655  63.524880    69.092    68.459 12 54892.50968734 14.447
 77 129.055542  63.528108    70.203    69.748 11 54927.50965078 12.135
 78 129.043571  63.523689    70.961    70.809 12 54962.50968670 45.552
 79 129.044446  63.524788    74.548    74.575 12 54997.50970765 51.986
 80 129.046401  63.525464    71.421    71.433 12 55032.50969723 50.778
 81 129.050921  63.527391    71.249    71.135 12 55067.50968620 40.337
 82 129.057546  63.526736    72.072    71.668 11 55102.50962523 25.956
 83 129.044346  63.524248    68.404    68.394 11 55137.50963210 42.711
 84 129.052108  63.529411    68.807    68.715 11 55172.50959438 22.256
 85 129.042297  63.524348    68.456    68.475 12 55207.50962648 18.540
 86 129.053878  63.529596    68.161    68.117 11 55242.50959903 17.272
 87 129.048555  63.526261    68.564    68.493 11 55277.50962051 15.166
 88 129.054719  63.528117    69.865    69.975 11 55312.50958436 19.600
 89 129.048074  63.526637    73.985    74.032 12 55347.50959074 52.709
 90 129.048939  63.527305    71.021    71.013 12 55382.50958182 52.144
 91 129.042965  63.523452    71.086    71.091 12 55417.50960941 47.422
 92 129.051944  63.528430    70.680    70.705 11 55452.50959170 51.932
 93 129.057213  63.531188    68.400    68.308 11 55487.50951406 46.265
