# NaN NaN NaN ;Mean Elev.(m), Avg Gradient(m/km), RMS Gradient(m/km) - SRTM1     
#   65.871  -0.176   9.427 ;Mean Elev.(m), Avg Gradient(m/km), RMS Gradient(m/km) - ASTER GDEM
#   63.701  -4.837  11.867 ;Mean Elev.(m), Avg Gradient(m/km), RMS Gradient(m/km) - GMTED2010 
  7    85.823 52477.50950726 20.81 130.069905  62.279931 15.943
  7    85.791 52477.50950791 18.30 130.067405  62.283071 15.943
  7    85.953 52477.50950855 18.02 130.064905  62.286221 15.943
  7    85.983 52477.50950919 19.30 130.062405  62.289361 15.943
  8    81.330 52512.50945185 32.50 130.083868  62.290676 15.743
  8    81.454 52512.50945249 36.56 130.081368  62.293826 15.743
  8    81.332 52512.50945314 38.46 130.078868  62.296966 15.743
  8    81.175 52512.50945378 40.32 130.076368  62.300116 15.743
  8    80.625 52512.50945443 37.56 130.073868  62.303256 15.743
  9    85.048 52547.50948746 38.95 130.067817  62.275328 19.771
  9    84.788 52547.50948810 41.80 130.065317  62.278468 19.771
  9    83.969 52547.50948875 42.70 130.062817  62.281618 19.771
  9    84.508 52547.50948939 43.60 130.060317  62.284758 19.771
  9    84.004 52547.50949004 42.66 130.057817  62.287908 19.771
 10    84.369 52582.50949643 19.23 130.072995  62.283026  5.937
 10    83.388 52582.50949708 22.09 130.070495  62.286176  5.937
 10    85.184 52582.50949772 20.05 130.067995  62.289316  5.937
 10    85.735 52582.50949837 20.29 130.065495  62.292466  5.937
 11    83.748 52617.50946954 17.91 130.077343  62.285474  7.118
 11    82.867 52617.50947018 18.94 130.074843  62.288614  7.118
 11    86.520 52617.50947083 16.27 130.072343  62.291764  7.118
 11    86.129 52617.50947147 16.77 130.069843  62.294904  7.118
 11    82.961 52617.50947212 17.76 130.067343  62.298054  7.118
 12   122.267 52652.50944556 14.46 130.069797  62.291208  5.364
 12    86.366 52652.50944620 15.31 130.067297  62.294348  5.364
 13   126.055 52687.50944211 11.86 130.080754  62.287424  8.083
 13   125.169 52687.50944275 12.63 130.078254  62.290574  8.083
 13   109.212 52687.50944340 13.11 130.075749  62.293721  4.985
 13   121.495 52687.50944404 13.58 130.073249  62.296861  4.985
 13    84.237 52687.50944469 15.96 130.070749  62.300001  4.985
 14   126.524 52722.50948838 10.73 130.073251  62.281056  4.722
 14    86.213 52722.50948903 11.07 130.070751  62.284196  4.722
 14   123.817 52722.50948967 10.85 130.068251  62.287346  4.722
 14   106.937 52722.50949032 11.23 130.065749  62.290490  2.806
 14    87.798 52722.50949096 11.50 130.063249  62.293630  2.806
 15    86.502 52757.50951238 15.78 130.063615  62.289910  6.557
 15    86.516 52757.50951302 16.64 130.061110  62.293056  7.535
 16    88.330 52792.50946169 27.49 130.067662  62.277355 18.729
 16    87.200 52792.50946233 27.20 130.065162  62.280495 18.729
 16    87.207 52792.50946298 27.40 130.062662  62.283645 18.729
 16    87.110 52792.50946362 28.53 130.060162  62.286785 18.729
 17    85.430 52827.50953031 29.76 130.069880  62.280201 15.473
 17    85.473 52827.50953096 29.85 130.067380  62.283341 15.473
 17    85.692 52827.50953160 29.49 130.064880  62.286481 15.473
 17    85.779 52827.50953225 34.00 130.062378  62.289632 20.798
 18    86.229 52862.50957529 42.87 130.074320  62.279647 21.336
 18    85.952 52862.50957593 42.19 130.071820  62.282797 21.336
 18    86.149 52862.50957658 45.30 130.069320  62.285937 21.336
 18    85.642 52862.50957722 45.50 130.066820  62.289087 21.336
 18    85.715 52862.50957787 47.95 130.064316  62.292228 24.608
 19   126.779 52897.50960562  1.31 130.074962  62.282932 12.323
 19   126.438 52897.50960627  1.71 130.072462  62.286072 12.323
 19   116.052 52897.50960691  3.40 130.069962  62.289222 12.323
 19   123.058 52897.50960756  1.69 130.067467  62.292368 16.493
 19   114.536 52897.50960820  2.40 130.064957  62.295508 16.493
 20    83.477 52932.50955262 41.30 130.078760  62.287163 14.314
 20    83.381 52932.50955326 43.29 130.076260  62.290313 14.314
 20    83.313 52932.50955391 41.54 130.073760  62.293453 14.314
 20    82.616 52932.50955455 43.94 130.071260  62.296603 14.314
 20    82.790 52932.50955520 34.74 130.068765  62.299749 23.297
 21    84.612 52967.50955573 19.28 130.069349  62.278498  6.975
 21    83.838 52967.50955638 19.24 130.066849  62.281638  6.975
 21    83.205 52967.50955702 18.53 130.064349  62.284778  6.975
 21    83.226 52967.50955767 17.60 130.061849  62.287928  6.975
 21    83.229 52967.50955831 17.34 130.059339  62.291068  6.975
 22    82.752 53002.50958296 13.91 130.063896  62.288027  6.656
 22   121.257 53002.50958360 13.52 130.061401  62.291170  3.638
 23   127.153 53037.50953127  9.83 130.078561  62.285491  7.070
 23   126.257 53037.50953191  8.84 130.076061  62.288641  7.070
 23   124.650 53037.50953255  9.87 130.073568  62.291790  5.048
 23   122.924 53037.50953320  8.74 130.071068  62.294930  5.048
 23   122.406 53037.50953384  7.63 130.068568  62.298080  5.048
 24   127.119 53072.50955605  9.09 130.073615  62.281824  4.241
 24   125.062 53072.50955670  9.71 130.071115  62.284974  4.241
 24   125.018 53072.50955734  8.22 130.068615  62.288114  4.241
 24   123.051 53072.50955799  8.98 130.066115  62.291264  4.241
 24   121.062 53072.50955863 10.30 130.063615  62.294404  4.241
 25   127.766 53107.50953203  7.74 130.081093  62.286523  6.827
 25   126.167 53107.50953268  7.98 130.078603  62.289673  6.827
 25   125.146 53107.50953332  5.95 130.076096  62.292822  4.836
 25   123.538 53107.50953397  7.07 130.073596  62.295962  4.836
 25   123.234 53107.50953461  5.85 130.071096  62.299102  4.836
 26   127.685 53142.50956416  9.97 130.071741  62.277009  9.548
 26   134.226 53142.50956481  3.95 130.069241  62.280159  9.548
 26   133.875 53142.50956545  1.94 130.066741  62.283299  9.548
 26   131.150 53142.50956610  2.72 130.064241  62.286439  9.548
 26   123.855 53142.50956674  5.74 130.061741  62.289589  9.548
 27    90.001 53177.50958854 44.18 130.075245  62.281279 22.999
 27    90.079 53177.50958918 32.66 130.072745  62.284429 22.999
 27    89.861 53177.50958983 33.95 130.070245  62.287569 22.999
 27    89.644 53177.50959047 34.72 130.067745  62.290719 22.999
 27    89.579 53177.50959112 37.09 130.065244  62.293863 21.109
 28    86.990 53212.50960873 21.95 130.073312  62.281442 18.938
 28    88.511 53212.50960938 17.70 130.070812  62.284582 18.938
 28    87.735 53212.50961002 16.43 130.068312  62.287732 18.938
 28    88.190 53212.50961066 16.71 130.065815  62.290877 19.172
 28    88.284 53212.50961131 17.93 130.063315  62.294017 19.172
 29    83.570 53247.50958003 27.15 130.071697  62.294898 14.169
 29    83.786 53247.50958068 31.38 130.069197  62.298038 14.169
 30    86.095 53282.50956550 41.66 130.067328  62.272772 27.541
 30    84.207 53282.50956614 46.90 130.064828  62.275912 27.541
 30    84.434 53282.50956679 35.21 130.062338  62.279062 27.541
 30    84.907 53282.50956743 27.30 130.059838  62.282202 27.541
 30    84.793 53282.50956807 25.40 130.057328  62.285342 27.541
 31    84.917 53317.50956967 14.63 130.074685  62.280113  7.200
 31    84.479 53317.50957032 15.04 130.072185  62.283253  7.200
 31    84.515 53317.50957096 14.73 130.069685  62.286403  7.200
 31    85.291 53317.50957161 14.91 130.067180  62.289546  7.535
 31    84.012 53317.50957225 15.21 130.064680  62.292686  7.535
 32   126.993 53352.50953666  9.63 130.080921  62.287927  7.694
 32   125.922 53352.50953730  9.99 130.078419  62.291074  5.404
 32   124.095 53352.50953795 10.09 130.075919  62.294214  5.404
 32   122.828 53352.50953859  9.90 130.073419  62.297364  5.404
 32   122.222 53352.50953924 11.43 130.070919  62.300504  5.404
 33   125.334 53387.50952707 10.89 130.068550  62.274044  6.211
 33   124.845 53387.50952771 11.98 130.066044  62.277187  3.385
 33   123.765 53387.50952836 11.84 130.063544  62.280327  3.385
 33   122.909 53387.50952900 12.01 130.061044  62.283477  3.385
 33   121.817 53387.50952965 12.17 130.058544  62.286617  3.385
 34   126.188 53422.50953052 12.60 130.078053  62.287462  5.049
 34   124.706 53422.50953117 10.40 130.075553  62.290612  5.049
 34   123.140 53422.50953181  8.19 130.073053  62.293752  5.049
 34   121.991 53422.50953246  9.10 130.070553  62.296902  5.049
 35   123.830 53457.50953493 10.54 130.067648  62.280737  3.237
 35   123.265 53457.50953557  9.65 130.065148  62.283877  3.237
 35   122.092 53457.50953621  9.97 130.062648  62.287027  3.237
 35   120.712 53457.50953686 10.19 130.060138  62.290167  3.237
 36   135.618 53492.50961913  7.49 130.069505  62.274737  7.297
 36   134.319 53492.50961978  5.06 130.067007  62.277884  9.359
 36   132.402 53492.50962042  6.06 130.064507  62.281024  9.359
 36   130.464 53492.50962106  5.74 130.062007  62.284174  9.359
 36   128.422 53492.50962171  6.30 130.059507  62.287314  9.359
 37   132.890 53527.50960045  4.47 130.077223  62.284402  9.873
 37   132.296 53527.50960110  2.38 130.074723  62.287552  9.873
 37   126.554 53527.50960174  5.09 130.072223  62.290692  9.873
 37   127.901 53527.50960239  1.88 130.069723  62.293842  9.873
 37   126.708 53527.50960303  4.00 130.067223  62.296982  9.873
 38    87.131 53562.50962900 28.95 130.073303  62.280593 19.409
 38    87.014 53562.50962965 26.53 130.070807  62.283732 21.487
 38    87.240 53562.50963029 27.50 130.068307  62.286882 21.487
 39   132.289 53597.50956971  1.22 130.082233  62.286999  6.557
 39   131.507 53597.50957035  1.57 130.079733  62.290139  6.557
 39   131.487 53597.50957099  0.83 130.077233  62.293289  6.557
 39   131.106 53597.50957164  0.71 130.074733  62.296429  6.557
 39   128.422 53597.50957228  0.72 130.072233  62.299579  6.557
 40    84.244 53632.50956275 31.77 130.064801  62.272166 20.261
 40    84.437 53632.50956340 32.17 130.062301  62.275306 20.261
 40    84.330 53632.50956404 34.35 130.059806  62.278458 21.984
 40    84.432 53632.50956469 37.17 130.057306  62.281598 21.984
 40    84.564 53632.50956533 37.96 130.054796  62.284748 21.984
 41    82.822 53667.50958602 28.15 130.070886  62.278554  7.435
 41    83.207 53667.50958667 31.14 130.068392  62.281699 10.893
 41    83.104 53667.50958731 35.39 130.065892  62.284839 10.893
 41    82.772 53667.50958796 43.57 130.063392  62.287989 10.893
 41    82.017 53667.50958860 39.59 130.060892  62.291129 10.893
 42   100.232 53702.50953340 13.31 130.078265  62.288451  9.749
 42    87.767 53702.50953405 12.92 130.075767  62.291596  5.571
 42   124.003 53702.50953469 12.60 130.073267  62.294736  5.571
 42   122.762 53702.50953534 12.79 130.070767  62.297886  5.571
 43   125.501 53737.50944439 11.35 130.085306  62.296036  6.036
 43   125.039 53737.50944503  9.06 130.082806  62.299186  6.036
 43   124.844 53737.50944568  8.82 130.080306  62.302326  6.036
 43   124.804 53737.50944632  9.37 130.077806  62.305466  6.036
 48    89.785 53912.50956073 35.22 130.069062  62.277075 17.761
 48    89.854 53912.50956137 29.87 130.066562  62.280215 17.761
 48    89.638 53912.50956201 29.70 130.064062  62.283365 17.761
 49    84.064 53947.50957638 43.40 130.069813  62.280057 19.779
 49    83.600 53947.50957703 43.65 130.067313  62.283207 19.779
 49    84.092 53947.50957767 32.95 130.064813  62.286347 19.779
 49    84.132 53947.50957832 41.82 130.062313  62.289497 19.779
 50   133.895 53982.50951989  2.64 130.077383  62.287114  8.270
 50   131.530 53982.50952053  2.30 130.074883  62.290264  8.270
 50   130.611 53982.50952118  2.82 130.072383  62.293404  8.270
 50   127.801 53982.50952182  2.80 130.069883  62.296554  8.270
 51   127.227 54017.50954560 10.77 130.069182  62.277625 17.137
 51   112.137 54017.50954624 13.17 130.066682  62.280775 17.137
 51   105.859 54017.50954688 16.15 130.064182  62.283915 17.137
 51   105.334 54017.50954753 20.66 130.061682  62.287055 17.137
 51   105.254 54017.50954817 25.26 130.059177  62.290206 20.757
 52   129.221 54052.50954191  5.83 130.079118  62.284663  4.926
 52   127.628 54052.50954256  6.56 130.076618  62.287803  4.926
 52   126.112 54052.50954320  7.28 130.074118  62.290953  4.926
 52   124.567 54052.50954385  5.73 130.071618  62.294093  4.926
 52   123.555 54052.50954449  5.08 130.069108  62.297233  4.926
 53   127.481 54087.50953420  9.08 130.077250  62.286728  4.866
 53   126.216 54087.50953485  8.11 130.074750  62.289878  4.866
 53   124.924 54087.50953549  7.83 130.072250  62.293018  4.866
 53   123.116 54087.50953614  9.07 130.069750  62.296168  4.866
 54   126.357 54122.50945943  8.13 130.083777  62.295369  6.599
 54   125.348 54122.50946007  7.91 130.081277  62.298519  6.599
 54   124.791 54122.50946071  7.71 130.078777  62.301668  5.485
 54   124.270 54122.50946136  7.56 130.076277  62.304808  5.485
 55   127.456 54157.50949501  9.59 130.075383  62.280001  6.748
 55   126.913 54157.50949566  9.05 130.072883  62.283141  6.748
 55   126.152 54157.50949630  7.71 130.070383  62.286291  6.748
 55   124.816 54157.50949695  8.16 130.067883  62.289431  6.748
 55   122.419 54157.50949759  7.94 130.065383  62.292581  6.748
 56   127.917 54192.50945790  7.08 130.082325  62.290339  4.452
 56   125.356 54192.50945854  6.22 130.079825  62.293479  4.452
 56   124.981 54192.50945918  5.62 130.077325  62.296629  4.452
 56   125.106 54192.50945983  4.93 130.074825  62.299769  4.452
 56   124.923 54192.50946047  4.87 130.072325  62.302919  4.452
 57   135.094 54227.50950724 10.09 130.072360  62.281354  4.632
 57   132.741 54227.50950789 10.69 130.069860  62.284504  4.632
 57   130.931 54227.50950853  9.11 130.067360  62.287644  4.632
 57   128.844 54227.50950918  8.37 130.064860  62.290794  4.632
 57   127.574 54227.50950982  8.75 130.062360  62.293934  4.632
 58    88.645 54262.50952789 35.71 130.067591  62.288956 13.651
 58    88.891 54262.50952853 34.36 130.065091  62.292106 13.651
 59   129.919 54297.50953108  3.07 130.077197  62.282124  4.948
 59   129.381 54297.50953172  2.66 130.074697  62.285274  4.948
 59   128.931 54297.50953237  1.82 130.072197  62.288414  4.948
 59   127.523 54297.50953301  2.11 130.069697  62.291564  4.948
 59   127.241 54297.50953366  2.08 130.067197  62.294704  4.948
 60   127.112 54332.50952229  4.18 130.077517  62.287281 11.691
 60   127.462 54332.50952293  3.23 130.075017  62.290421 11.691
 60   127.185 54332.50952358  3.23 130.072517  62.293571 11.691
 60   126.375 54332.50952422  2.77 130.070017  62.296711 11.691
 61    85.061 54367.50946393 22.67 130.080535  62.290664 14.256
 61    85.404 54367.50946457 21.62 130.078035  62.293804 14.256
 61    83.616 54367.50946522 21.46 130.075535  62.296954 14.256
 61    83.915 54367.50946586 21.22 130.073035  62.300094 14.256
 62   128.075 54402.50946443 13.41 130.076555  62.283234 12.204
 62   110.661 54402.50946572 15.61 130.071555  62.289524 12.204
 63   128.224 54437.50942212 10.10 130.078995  62.286747  4.229
 63   126.746 54437.50942277 10.28 130.076495  62.289887  4.229
 63   125.215 54437.50942341 12.64 130.073995  62.293037  4.229
 63   123.513 54437.50942406 12.14 130.071495  62.296177  4.229
 63   123.352 54437.50942470 11.10 130.068995  62.299327  4.229
 64   127.261 54472.50944956  8.19 130.071977  62.281885  4.840
 64   126.365 54472.50945020  7.95 130.069477  62.285025  4.840
 64   125.053 54472.50945085  8.13 130.066967  62.288175  4.840
 64   123.574 54472.50945149  7.43 130.064467  62.291315  4.840
 65   128.316 54507.50943365  8.10 130.081649  62.288329  4.514
 65   126.357 54507.50943430  8.24 130.079149  62.291469  4.514
 65   125.575 54507.50943494  7.66 130.076649  62.294619  4.514
 65   124.613 54507.50943559  6.95 130.074149  62.297759  4.514
 65   123.514 54507.50943623  8.16 130.071649  62.300909  4.514
 66   128.497 54542.50946411  6.34 130.076558  62.282503  2.874
 66   127.493 54542.50946476  6.38 130.074058  62.285653  2.874
 66   126.497 54542.50946540  5.73 130.071558  62.288793  2.874
 66   125.285 54542.50946605  5.46 130.069058  62.291943  2.874
 66   123.064 54542.50946669  6.05 130.066558  62.295083  2.874
 67   127.974 54577.50943650  3.93 130.080557  62.290629  4.065
 67   126.688 54577.50943715  3.32 130.078057  62.293769  4.065
 67   125.113 54577.50943779  3.42 130.075557  62.296919  4.065
 67   125.285 54577.50943843  2.50 130.073057  62.300059  4.065
 69   116.003 54647.50946178  6.73 130.075669  62.280670 19.437
 69   120.788 54647.50946243  5.08 130.073172  62.283816 17.789
 69   115.668 54647.50946307  5.04 130.070672  62.286956 17.789
 69   124.437 54647.50946372  4.25 130.068172  62.290106 17.789
 69   122.623 54647.50946436  4.15 130.065672  62.293246 17.789
 70    84.636 54682.50946324 46.97 130.076335  62.284841 34.213
 70    85.487 54682.50946388 47.12 130.073835  62.287981 34.213
 70    84.704 54682.50946453 48.40 130.071345  62.291131 34.213
 70    84.574 54682.50946517 51.07 130.068835  62.294271 34.213
 70    84.515 54682.50946582 51.55 130.066335  62.297411 34.213
 71   129.322 54717.50941214  8.98 130.081187  62.290525 15.279
 71   129.484 54717.50941278  8.18 130.078691  62.293665 11.204
 71   124.982 54717.50941343 10.45 130.076191  62.296815 11.204
 71   110.381 54717.50941407 14.35 130.073691  62.299955 11.204
 72   119.311 54752.50943478 12.86 130.071697  62.280804 12.987
 72   105.563 54752.50943542 16.58 130.069197  62.283944 12.987
 72   105.212 54752.50943607 21.07 130.066697  62.287094 12.987
 72   105.153 54752.50943671 24.32 130.064197  62.290234 12.987
 72   105.178 54752.50943736 22.05 130.061697  62.293374 12.987
 73   128.111 54787.50940155 15.47 130.079553  62.286493  7.462
 73   126.994 54787.50940219 14.36 130.077052  62.289639  9.591
 73   125.453 54787.50940284 14.34 130.074552  62.292779  9.591
 73   124.119 54787.50940348 16.85 130.072062  62.295929  9.591
 73   124.263 54787.50940412 13.98 130.069552  62.299069  9.591
 74   128.087 54822.50942868  8.58 130.073254  62.278344  5.621
 74   127.330 54822.50942933  8.47 130.070754  62.281484  5.621
 74   126.107 54822.50942997  9.32 130.068254  62.284634  5.621
 74   124.452 54822.50943062 10.32 130.065754  62.287774  5.621
 74   123.389 54822.50943126  8.60 130.063244  62.290924  5.621
 75   127.722 54857.50939744 11.26 130.080901  62.285733  5.436
 75   126.803 54857.50939809 10.47 130.078409  62.288881  6.421
 75   125.563 54857.50939873  9.09 130.075899  62.292021  6.421
 75   124.676 54857.50939938  8.48 130.073409  62.295161  6.421
 75   124.713 54857.50940002  8.14 130.070909  62.298311  6.421
 76   127.919 54892.50943237  7.99 130.074732  62.284282  5.641
 76   125.302 54892.50943301  9.22 130.072232  62.287432  5.641
 76   124.521 54892.50943366  8.42 130.069732  62.290572  5.641
 76   123.787 54892.50943430  6.27 130.067232  62.293712  5.641
 77   128.194 54927.50939614  8.09 130.081050  62.288989  5.381
 77   125.345 54927.50939678  9.55 130.078550  62.292139  5.381
 77   125.584 54927.50939743  7.96 130.076050  62.295279  5.381
 77   125.513 54927.50939807  5.65 130.073550  62.298429  5.381
 77   125.108 54927.50939871  6.26 130.071050  62.301569  5.381
 78   128.844 54962.50943108  9.11 130.073405  62.279913 13.051
 78   133.626 54962.50943173  5.04 130.070915  62.283053 13.051
 78   131.277 54962.50943237  5.46 130.068415  62.286203 13.051
 78   129.296 54962.50943302  5.48 130.065915  62.289343 13.051
 78   127.907 54962.50943366  4.53 130.063405  62.292483 13.051
 79    89.096 54997.50945204 46.45 130.074168  62.281016 41.516
 79    89.135 54997.50945268 48.74 130.071668  62.284156 41.516
 79    89.202 54997.50945333 46.96 130.069168  62.287306 41.516
 79    89.135 54997.50945397 47.04 130.066668  62.290446 41.516
 79    89.020 54997.50945462 49.09 130.064168  62.293596 41.516
 80   107.300 55032.50944162 10.70 130.076106  62.281714 18.821
 80    86.245 55032.50944420 40.30 130.066106  62.294294 18.821
 81    85.910 55067.50943252 22.74 130.073050  62.293013 12.580
 81    85.933 55067.50943316 22.70 130.070540  62.296153 12.580
 81    85.742 55067.50943380 23.00 130.068040  62.299303 12.580
 82    87.116 55102.50937122 20.21 130.080448  62.290729  9.034
 82    85.890 55102.50937187 20.25 130.077948  62.293879  9.034
 82    86.075 55102.50937251 19.67 130.075448  62.297019  9.034
 82    85.782 55102.50937316 20.24 130.072948  62.300169  9.034
 83    83.123 55137.50937810 39.74 130.067920  62.288412 15.720
 83    83.092 55137.50937874 37.77 130.065420  62.291552 15.720
 84   127.509 55172.50933909 11.21 130.080403  62.287196  6.652
 84   126.101 55172.50933974 11.01 130.077903  62.290336  6.652
 84   124.833 55172.50934038 12.62 130.075403  62.293486  6.652
 84   124.252 55172.50934103 12.60 130.072903  62.296626  6.652
 85   126.283 55207.50937086 11.21 130.072244  62.280626  7.166
 85   125.520 55207.50937151  8.23 130.069744  62.283766  7.166
 85   124.395 55207.50937215  9.34 130.067244  62.286916  7.166
 86   126.659 55242.50934373  9.11 130.082031  62.287372  6.889
 86   125.739 55242.50934438  8.13 130.079526  62.290519  4.760
 86   123.968 55242.50934502 10.03 130.077026  62.293659  4.760
 86   123.700 55242.50934567 11.04 130.074526  62.296799  4.760
 86   125.174 55242.50934631  7.02 130.072026  62.299949  4.760
 87   126.186 55277.50936522  9.98 130.076919  62.284080  5.658
 87   124.935 55277.50936586 10.16 130.074419  62.287230  5.658
 87   123.853 55277.50936651  8.88 130.071919  62.290370  5.658
 87   124.037 55277.50936715  6.92 130.069419  62.293510  5.658
 87   123.577 55277.50936780  6.34 130.066919  62.296660  5.658
 88   128.370 55312.50932971  4.13 130.080384  62.288971  6.615
 88   127.223 55312.50933036  2.85 130.077884  62.292121  6.615
 88   125.807 55312.50933100  2.87 130.075384  62.295261  6.615
 88   125.873 55312.50933165  3.31 130.072884  62.298411  6.615
 88   125.608 55312.50933229  3.17 130.070384  62.301551  6.615
 89   108.859 55347.50933512 15.62 130.077819  62.282849 12.842
 89   129.489 55347.50933577  7.56 130.075319  62.285989 12.842
 89   129.648 55347.50933641  6.77 130.072819  62.289139 12.842
 89   127.899 55347.50933706  6.13 130.070319  62.292279 12.842
 89   126.818 55347.50933770  6.41 130.067819  62.295429 12.842
 90   106.091 55382.50932620 13.36 130.078576  62.283542 18.302
 90   105.864 55382.50932685 11.63 130.076076  62.286682 18.302
 90   106.113 55382.50932749  8.90 130.073576  62.289822 18.302
 91   106.364 55417.50935444 13.00 130.070392  62.282859 17.361
 91    85.186 55417.50935638 28.46 130.062892  62.292299 17.361
 92    85.246 55452.50933641 41.68 130.080293  62.286181 20.756
 92    84.892 55452.50933705 42.03 130.077798  62.289330 25.650
 92    86.594 55452.50933770 37.75 130.075298  62.292470 25.650
 92    86.236 55452.50933834 35.79 130.072798  62.295620 25.650
 92    86.577 55452.50933899 39.08 130.070298  62.298760 25.650
 93   125.497 55487.50925941 17.58 130.082850  62.292082 11.080
 93   102.605 55487.50926006 18.74 130.080356  62.295220 18.788
 93   125.665 55487.50926070 17.16 130.077856  62.298370 18.788
 93   104.432 55487.50926135 18.46 130.075356  62.301510 18.788
