# NaN NaN NaN ;Mean Elev.(m), Avg Gradient(m/km), RMS Gradient(m/km) - SRTM1     
#   21.681  -1.018   3.635 ;Mean Elev.(m), Avg Gradient(m/km), RMS Gradient(m/km) - ASTER GDEM
#   27.579  -1.781   7.010 ;Mean Elev.(m), Avg Gradient(m/km), RMS Gradient(m/km) - GMTED2010 
  7 124.393688  65.326410    46.111    46.111  2 52460.12395084 20.850
  9 124.404951  65.326372    43.846    43.669  4 52530.12392792 24.145
 10 124.406620  65.327022    42.013    42.052  3 52565.12394585 44.257
 11 124.380753  65.329254    41.655    41.677  3 52600.12397250 23.871
 12 124.401078  65.330431    41.903    41.831  4 52635.12392883 18.783
 13 124.386289  65.326080    41.685    41.685  2 52670.12393945 16.990
 14 124.403911  65.328221    42.118    41.641  3 52705.12392799 15.690
 15 124.384135  65.327408    41.856    41.856  2 52740.12396408 10.516
 16 124.381682  65.328071    41.834    41.825  3 52775.12391145 34.498
 17 124.399857  65.327721    47.366    47.594  3 52810.12398520 24.116
 18 124.403044  65.329444    43.895    43.920  4 52845.12404096 44.412
 19 124.389746  65.326507    42.982    42.982  2 52880.12407950 22.038
 20 124.385492  65.328299    44.304    44.867  3 52915.12403693 26.965
 21 124.411044  65.326354    42.759    43.287  5 52950.12399613 18.397
 22 124.400084  65.327848    42.443    42.177  3 52985.12402055 13.277
 23 124.385012  65.326734    41.842    41.842  2 53020.12401202 11.467
 24 124.404701  65.327655    42.981    42.752  3 53055.12399788  9.386
 25 124.379358  65.335177    41.632    41.631  7 53090.12403481 10.035
 26 124.401400  65.327180    41.191    41.138  3 53125.12400581 15.799
 27 124.388261  65.328080    47.605    47.605  2 53160.12406649 50.555
 29 124.390185  65.324698    44.580    44.580  2 53230.12405166 22.291
 30 124.379890  65.334718    45.263    45.148  6 53265.12402108 20.857
 31 124.386646  65.325346    42.828    42.828  2 53300.12407014 42.266
 32 124.388657  65.327045    42.429    42.429  2 53335.12403985 13.691
 33 124.379172  65.328735    42.377    42.373  3 53370.12397907 10.228
 35 124.379786  65.328463    42.268    42.279  3 53440.12399959  8.522
 36 124.395439  65.330571    43.662    43.894  3 53475.12406187 13.192
 37 124.389370  65.325178    46.896    46.896  2 53510.12407909 41.210
 38 124.383997  65.328461    45.462    45.433  3 53545.12409521 39.985
 40 124.380710  65.334126    45.509    45.252  6 53615.12402562 25.855
 41 124.402450  65.330716    42.827    42.827  2 53650.12403562 53.738
 42 124.383760  65.327453    41.867    41.892  3 53685.12404744 22.669
 43 124.383437  65.329404    42.175    42.198  3 53720.12397349 14.574
 44 124.409700  65.327689    43.101    43.304  4 53755.12389734 11.101
 45 124.395734  65.331423    42.003    41.968  3 53790.12392675 10.063
 46 124.412284  65.326731    43.754    43.886  4 53825.12388318  8.825
 47 124.396363  65.330671    41.679    41.728  3 53860.12397665 31.638
 48 124.399171  65.329150    47.472    47.612  3 53895.12399482 28.298
 49 124.382554  65.330132    43.903    43.897  3 53930.12404869 49.309
 50 124.381061  65.330423    42.176    42.167  3 53965.12402715 38.612
 51 124.412012  65.325915    45.291    45.215  4 54000.12398332 20.368
 52 124.402225  65.331040    42.036    42.036  2 54035.12402654 37.971
 53 124.394886  65.331469    42.668    42.630  3 54070.12402095 16.237
 54 124.382254  65.334476    42.763    42.769  4 54105.12397509 11.129
 55 124.400551  65.330641    43.280    43.280  2 54140.12395253  8.388
 56 124.382492  65.327930    42.513    42.528  3 54175.12395619  8.427
 57 124.396784  65.328572    45.811    45.177  3 54210.12395960 14.864
 58 124.395870  65.331086    49.845    49.856  3 54245.12398956 52.380
 59 124.389990  65.325617    45.458    45.458  2 54280.12400224 36.876
 60 124.387853  65.325754    43.655    43.655  2 54315.12400167 25.366
 61 124.382030  65.328427    44.122    43.366  3 54350.12397002 21.122
 62 124.400151  65.331069    42.513    42.513  2 54385.12393891 32.359
 63 124.383375  65.328503    41.631    41.631  2 54420.12391974 20.653
 64 124.404556  65.327776    43.032    42.515  3 54455.12391114 11.668
 65 124.386745  65.326775    42.210    42.210  2 54490.12392017 11.980
 66 124.399587  65.328966    42.682    42.595  3 54525.12392403  8.837
 67 124.382334  65.327319    42.646    42.570  3 54560.12392906  6.988
 68 124.394693  65.331395    46.454    47.736  3 54595.12391948 14.085
 69 124.394233  65.332331    46.601    46.602  3 54630.12393361 51.422
 70 124.388944  65.326945    44.851    44.851  2 54665.12394137 22.123
 71 124.382329  65.328072    45.226    44.968  3 54700.12391175 19.740
 72 124.403372  65.330950    44.527    44.527  2 54735.12389901 51.916
 73 124.386633  65.326236    41.997    41.997  2 54770.12389247 38.300
 74 124.399580  65.328990    42.414    42.276  3 54805.12389337 12.954
 75 124.389888  65.326662    42.289    42.289  2 54840.12388692 11.626
 76 124.398856  65.331797    42.532    42.532  2 54875.12389346  9.817
 77 124.380173  65.329105    42.283    42.113  3 54910.12389282  9.602
 78 124.397915  65.329358    44.644    45.254  3 54945.12388645 29.814
 79 124.389072  65.327712    47.027    47.027  2 54980.12391361 32.423
 80 124.387621  65.325238    45.218    45.218  2 55015.12391721 22.953
 81 124.389062  65.325512    42.875    42.875  2 55050.12391101 20.819
 82 124.381509  65.331727    44.752    44.671  5 55085.12387704 31.309
 83 124.400634  65.328153    43.062    42.969  3 55120.12384316 26.304
 84 124.383957  65.327552    41.976    41.935  3 55155.12383748 19.040
 85 124.401461  65.330164    42.983    42.661  4 55190.12383199 15.421
 86 124.386162  65.327768    42.315    42.315  2 55225.12383735 12.977
 87 124.392386  65.326624    42.214    42.214  2 55260.12382882 11.811
 88 124.382226  65.328656    42.307    42.342  3 55295.12382313 10.905
 89 124.387741  65.326482    41.730    41.730  3 55330.12381030 34.463
 90 124.385700  65.327636    45.021    44.860  3 55365.12380420 27.144
 91 124.402539  65.331035    45.661    45.661  2 55400.12381447 19.015
 92 124.394622  65.332141    42.912    42.967  3 55435.12381968 50.394
 93 124.381075  65.331576    44.486    44.044  5 55470.12377410 30.375
