# NaN NaN NaN ;Mean Elev.(m), Avg Gradient(m/km), RMS Gradient(m/km) - SRTM1     
#   52.296  -4.260   9.503 ;Mean Elev.(m), Avg Gradient(m/km), RMS Gradient(m/km) - ASTER GDEM
#   60.316  -3.631   9.792 ;Mean Elev.(m), Avg Gradient(m/km), RMS Gradient(m/km) - GMTED2010 
  7    82.844 52461.10255758 49.65 129.851957  62.579030 28.324
  7    82.832 52461.10255822 49.13 129.849407  62.575890 28.324
  7    82.783 52461.10255887 49.67 129.846867  62.572750 28.324
  7    82.922 52461.10255951 47.66 129.844327  62.569600 28.324
  7    82.811 52461.10256016 48.85 129.841777  62.566460 28.324
  8    82.783 52496.10254617 24.75 129.892677  62.637161 22.926
  8    82.510 52496.10254681 23.01 129.890127  62.634021 22.926
  8    80.538 52496.10254810 34.44 129.885027  62.627741 22.926
  8    80.655 52496.10254875 28.99 129.882477  62.624601 22.926
  8    85.062 52496.10255777 18.87 129.846808  62.580629 20.014
  8    84.055 52496.10255842 19.00 129.844258  62.577489 20.014
  8    84.403 52496.10255906 19.17 129.841718  62.574349 20.014
  8    86.190 52496.10255970 19.10 129.839178  62.571199 20.014
  8    86.520 52496.10256035 21.24 129.836628  62.568059 20.014
  9    82.295 52531.10254384 42.17 129.857243  62.577406 18.339
  9    82.516 52531.10254448 46.81 129.854703  62.574266 18.339
  9    82.287 52531.10254513 47.65 129.852153  62.571126 18.339
  9    82.234 52531.10254577 48.35 129.849613  62.567986 18.339
  9    82.313 52531.10254642 46.73 129.847063  62.564836 18.339
 10    80.234 52566.10256472 41.96 129.856926  62.576666 22.398
 10    80.411 52566.10256537 47.01 129.854386  62.573526 22.398
 10    80.238 52566.10256601 50.18 129.851836  62.570386 22.398
 10    80.259 52566.10256666 45.82 129.849296  62.567246 22.398
 10    80.192 52566.10256730 39.15 129.846746  62.564106 22.398
 11    79.814 52601.10256569 24.50 129.895078  62.653240  6.904
 11    79.683 52601.10256634 25.09 129.892518  62.650100  6.904
 11    79.475 52601.10256698 24.68 129.889968  62.646960  6.904
 11    79.135 52601.10256762 24.88 129.887418  62.643820  6.904
 11    79.234 52601.10256827 24.84 129.884858  62.640680  6.904
 11    79.408 52601.10256891 25.26 129.882308  62.637540  6.904
 11    79.578 52601.10256956 24.96 129.879758  62.634400  6.904
 11    79.599 52601.10257020 26.75 129.877198  62.631260  6.904
 11    79.810 52601.10257085 27.29 129.874648  62.628120  6.904
 11    79.653 52601.10257149 28.40 129.872098  62.624980  6.904
 11    79.784 52601.10257214 27.47 129.869548  62.621840  6.904
 11    82.131 52601.10258052 27.23 129.836433  62.581010 10.469
 11    79.670 52601.10258116 32.09 129.833893  62.577860 10.469
 11    79.727 52601.10258181 34.48 129.831343  62.574720 10.469
 11    79.847 52601.10258245 32.57 129.828803  62.571580 10.469
 12    80.321 52636.10254261 23.26 129.853045  62.579755  6.976
 12    80.274 52636.10254326 25.64 129.850495  62.576615  6.976
 12    80.182 52636.10254390 27.33 129.847955  62.573475  6.976
 12    80.103 52636.10254455 27.17 129.845405  62.570335  6.976
 12    80.089 52636.10254519 25.81 129.842865  62.567185  6.976
 13    78.707 52671.10253645 19.24 129.893565  62.642102  4.693
 13    78.527 52671.10253709 20.03 129.891015  62.638962  4.693
 13    79.130 52671.10253774 19.55 129.888455  62.635822  4.693
 13    79.324 52671.10253838 18.82 129.885905  62.632682  4.693
 13    79.697 52671.10253902 18.98 129.883355  62.629542  4.693
 13    79.733 52671.10253967 19.26 129.880805  62.626402  4.693
 13    80.042 52671.10254031 18.99 129.878245  62.623262  4.693
 13    80.367 52671.10254096 18.85 129.875695  62.620122  4.693
 13    81.405 52671.10254934 22.45 129.842585  62.579284  6.753
 13    79.153 52671.10254998 24.75 129.840035  62.576144  6.753
 13    78.948 52671.10255063 26.35 129.837495  62.573004  6.753
 13    79.028 52671.10255127 23.72 129.834955  62.569864  6.753
 14    83.216 52706.10254428 18.40 129.856072  62.579596  5.329
 14    82.662 52706.10254493 18.92 129.853532  62.576456  5.329
 14    82.240 52706.10254557 19.77 129.850982  62.573316  5.329
 14    79.553 52706.10254622 21.98 129.848442  62.570166  5.329
 14    80.792 52706.10254686 20.59 129.845892  62.567026  5.329
 15    80.639 52741.10256376 12.60 129.897185  62.650542  4.380
 15    81.778 52741.10256441 13.25 129.894625  62.647402  4.380
 15    79.477 52741.10256505 13.35 129.892075  62.644262  4.380
 15    78.878 52741.10256570 13.91 129.889525  62.641122  4.380
 15    79.425 52741.10256634 14.18 129.886965  62.637982  4.380
 15    79.580 52741.10256699 14.83 129.884415  62.634842  4.380
 15    79.383 52741.10256763 14.35 129.881865  62.631702  4.380
 15    79.435 52741.10256828 14.82 129.879305  62.628562  4.380
 15    80.047 52741.10256892 14.51 129.876755  62.625422  4.380
 15    80.711 52741.10256956 14.38 129.874205  62.622282  4.380
 15    82.618 52741.10257795 15.50 129.841085  62.581447  4.553
 15    81.854 52741.10257859 16.59 129.838545  62.578307  4.553
 15    82.067 52741.10257923 16.48 129.836005  62.575167  4.553
 15    82.336 52741.10257988 16.63 129.833455  62.572017  4.553
 16    85.280 52776.10250794 24.14 129.896665  62.652835 20.161
 16    79.148 52776.10251051 31.34 129.886445  62.640275 20.161
 16    79.126 52776.10251116 31.07 129.883895  62.637135 20.161
 16    79.151 52776.10251180 30.55 129.881345  62.633995 20.161
 16    79.135 52776.10251245 31.59 129.878795  62.630855 20.161
 16    79.397 52776.10251309 29.85 129.876245  62.627715 20.161
 16    79.650 52776.10251374 26.56 129.873695  62.624575 20.161
 16    83.970 52776.10252276 24.77 129.838039  62.580592 10.109
 16    84.497 52776.10252341 23.51 129.835499  62.577452 10.109
 16    84.741 52776.10252405 23.08 129.832959  62.574312 10.109
 16    85.925 52776.10252470 24.34 129.830409  62.571172 10.109
 17    83.684 52811.10259899 28.99 129.854110  62.579746 21.929
 17    83.451 52811.10259964 26.13 129.851560  62.576606 21.929
 17    83.251 52811.10260028 26.38 129.849020  62.573466 21.929
 17    82.905 52811.10260093 27.25 129.846470  62.570326 21.929
 17    86.587 52811.10260157 29.57 129.843930  62.567186 21.929
 19    84.042 52881.10268046 15.50 129.890084  62.635266 19.478
 19    83.932 52881.10268175 19.64 129.884984  62.628986 19.478
 19    83.630 52881.10268240 21.73 129.882434  62.625846 19.478
 19    83.238 52881.10268304 22.48 129.879874  62.622706 19.478
 19    83.818 52881.10268369 21.25 129.877324  62.619566 19.478
 19    82.553 52881.10269207 17.88 129.844208  62.578730 23.189
 19    84.497 52881.10269271 16.94 129.841658  62.575590 23.189
 19    85.693 52881.10269336 17.71 129.839118  62.572450 23.189
 19    86.117 52881.10269400 20.70 129.836578  62.569310 23.189
 20    80.374 52916.10264901 44.50 129.842265  62.581071 20.743
 20    80.397 52916.10264965 39.16 129.839725  62.577931 20.743
 20    80.456 52916.10265030 33.88 129.837185  62.574791 20.743
 20    80.238 52916.10265094 34.33 129.834635  62.571651 20.743
 21    79.885 52951.10260990 25.95 129.862036  62.575617  8.960
 21    79.939 52951.10261055 27.29 129.859496  62.572477  8.960
 21    79.980 52951.10261119 27.55 129.856946  62.569337  8.960
 22    79.969 52986.10262935 23.30 129.854968  62.579173  6.257
 22    79.725 52986.10262999 23.77 129.852428  62.576033  6.257
 22    79.753 52986.10263064 23.98 129.849878  62.572893  6.257
 22    79.682 52986.10263128 27.06 129.847338  62.569753  6.257
 22    79.810 52986.10263192 27.18 129.844788  62.566613  6.257
 23    78.777 53021.10260692 20.26 129.893137  62.640350  5.171
 23    78.802 53021.10260756 20.06 129.890587  62.637210  5.171
 23    79.481 53021.10260821 19.42 129.888037  62.634070  5.171
 23    79.416 53021.10260885 20.39 129.885477  62.630930  5.171
 23    79.351 53021.10260950 20.62 129.882927  62.627790  5.171
 23    79.290 53021.10261014 20.34 129.880377  62.624650  5.171
 23    79.480 53021.10261079 20.02 129.877827  62.621510  5.171
 23    81.696 53021.10261917 20.31 129.844712  62.580669  6.489
 23    82.140 53021.10261981 20.62 129.842172  62.577529  6.489
 23    82.402 53021.10262046 20.59 129.839622  62.574389  6.489
 23    82.349 53021.10262110 22.58 129.837082  62.571249  6.489
 23    82.878 53021.10262175 21.43 129.834542  62.568109  6.489
 24    79.619 53056.10260846 19.59 129.856924  62.577273  6.615
 24    78.469 53056.10260910 21.38 129.854374  62.574133  6.615
 24    78.187 53056.10260975 25.20 129.851834  62.570993  6.615
 24    78.344 53056.10261039 25.46 129.849284  62.567853  6.615
 24    78.477 53056.10261104 26.27 129.846744  62.564713  6.615
 25    82.679 53091.10263037 14.77 129.892961  62.658658  4.874
 25    82.278 53091.10263101 15.09 129.890401  62.655518  4.874
 25    82.549 53091.10263166 14.91 129.887851  62.652378  4.874
 25    81.157 53091.10263230 14.88 129.885291  62.649238  4.874
 25    81.382 53091.10263295 14.70 129.882741  62.646098  4.874
 25    80.679 53091.10263359 15.47 129.880191  62.642958  4.874
 25    80.404 53091.10263424 15.20 129.877631  62.639818  4.874
 25    80.101 53091.10263488 15.52 129.875081  62.636678  4.874
 25    80.031 53091.10263553 15.13 129.872531  62.633538  4.874
 25    79.666 53091.10263617 15.50 129.869981  62.630398  4.874
 25    79.823 53091.10263682 15.86 129.867431  62.627258  4.874
 25    80.001 53091.10263746 15.58 129.864881  62.624118  4.874
 25    80.074 53091.10263811 16.66 129.862331  62.620978  4.874
 25    82.985 53091.10264520 15.48 129.834309  62.586419  6.779
 25    83.835 53091.10264584 15.08 129.831769  62.583279  6.779
 25    83.992 53091.10264649 18.32 129.829219  62.580139  6.779
 25    84.879 53091.10264713 16.71 129.826679  62.576999  6.779
 25    85.102 53091.10264778 17.07 129.824139  62.573859  6.779
 26    83.915 53126.10261633 11.51 129.856526  62.578681  4.713
 26    82.948 53126.10261698 11.47 129.853976  62.575541  4.713
 26    86.116 53126.10261762 11.24 129.851436  62.572401  4.713
 26    86.502 53126.10261827 11.82 129.848886  62.569261  4.713
 26    86.820 53126.10261891 12.24 129.846346  62.566121  4.713
 27   115.225 53161.10266484  3.82 129.896453  62.646070 11.413
 27   115.242 53161.10266549  6.18 129.893903  62.642930 11.413
 27   115.053 53161.10266613  4.16 129.891343  62.639790 11.413
 27   102.907 53161.10266677  7.41 129.888793  62.636650 11.413
 27    83.673 53161.10266871 26.74 129.881133  62.627230 11.413
 27    83.504 53161.10266935 29.32 129.878583  62.624090 11.413
 27    83.288 53161.10267000 29.17 129.876033  62.620950 11.413
 27    85.014 53161.10267838 25.52 129.842899  62.580114 20.158
 27    84.976 53161.10267902 19.61 129.840359  62.576974 20.158
 28    82.975 53196.10266516 50.10 129.892043  62.632738 29.777
 28    83.095 53196.10267612 43.82 129.848717  62.579342 28.730
 28    82.994 53196.10267677 52.30 129.846167  62.576202 28.730
 28    83.102 53196.10267741 49.87 129.843627  62.573062 28.730
 28    83.101 53196.10267805 50.33 129.841087  62.569922 28.730
 28    83.015 53196.10267870 50.61 129.838537  62.566772 28.730
 29    84.087 53231.10266024 22.10 129.848447  62.578182 20.087
 29    84.221 53231.10266088 21.27 129.845897  62.575042 20.087
 29    86.012 53231.10266153 20.55 129.843357  62.571902 20.087
 29    86.575 53231.10266217 21.36 129.840817  62.568762 20.087
 30    84.307 53266.10261433 25.37 129.893961  62.658375 12.349
 30    84.340 53266.10261497 15.01 129.891401  62.655235 12.349
 30    83.088 53266.10261562 16.69 129.888851  62.652095 12.349
 30    83.306 53266.10261626 16.45 129.886301  62.648955 12.349
 30    82.924 53266.10261691 16.68 129.883741  62.645815 12.349
 30    82.548 53266.10261755 17.04 129.881191  62.642675 12.349
 30    82.051 53266.10261820 19.04 129.878641  62.639535 12.349
 30    81.633 53266.10261884 20.63 129.876091  62.636395 12.349
 30    81.704 53266.10261949 19.86 129.873531  62.633255 12.349
 30    81.623 53266.10262013 20.42 129.870981  62.630115 12.349
 30    81.759 53266.10262078 21.47 129.868431  62.626975 12.349
 30    82.090 53266.10262142 22.10 129.865881  62.623835 12.349
 30    82.578 53266.10262207 22.37 129.863331  62.620695 12.349
 30    85.110 53266.10262980 19.19 129.832783  62.583001 28.479
 30    84.759 53266.10263045 19.60 129.830233  62.579851 28.479
 30    85.710 53266.10263109 20.96 129.827693  62.576711 28.479
 30    85.773 53266.10263174 31.14 129.825153  62.573571 28.479
 31    81.141 53301.10266830 43.25 129.891256  62.637124 19.108
 31    81.198 53301.10266894 44.87 129.888706  62.633984 19.108
 31    81.153 53301.10266959 44.73 129.886146  62.630844 19.108
 31    81.624 53301.10267023 39.32 129.883596  62.627704 19.108
 31    81.003 53301.10267087 36.06 129.881046  62.624564 19.108
 31    80.863 53301.10267152 33.03 129.878486  62.621424 19.108
 31    81.432 53301.10267990 43.94 129.845358  62.580589 17.230
 31    81.439 53301.10268054 46.50 129.842808  62.577449 17.230
 31    81.373 53301.10268119 50.38 129.840268  62.574309 17.230
 31    81.382 53301.10268183 46.45 129.837718  62.571169 17.230
 31    81.733 53301.10268248 43.13 129.835178  62.568029 17.230
 32    79.475 53336.10263892 21.22 129.891097  62.637566  6.769
 32    80.307 53336.10263957 20.81 129.888547  62.634426  6.769
 32    80.712 53336.10264021 21.34 129.885997  62.631286  6.769
 32    80.550 53336.10264086 24.13 129.883447  62.628146  6.769
 32    80.715 53336.10264150 23.95 129.880887  62.625006  6.769
 32    80.598 53336.10264215 25.27 129.878337  62.621866  6.769
 32    80.534 53336.10265117 26.31 129.842672  62.577889  6.862
 32    80.579 53336.10265182 26.93 129.840132  62.574749  6.862
 32    80.595 53336.10265246 29.04 129.837582  62.571609  6.862
 32    80.751 53336.10265311 26.90 129.835042  62.568469  6.862
 33    80.450 53371.10257303 18.21 129.896079  62.654709  7.021
 33    80.515 53371.10257367 17.92 129.893529  62.651569  7.021
 33    80.400 53371.10257431 18.19 129.890979  62.648429  7.021
 33    80.504 53371.10257496 17.59 129.888419  62.645289  7.021
 33    80.336 53371.10257560 17.52 129.885869  62.642149  7.021
 33    80.771 53371.10257625 18.07 129.883319  62.639009  7.021
 33    80.729 53371.10257689 18.10 129.880759  62.635869  7.021
 33    80.914 53371.10257754 18.70 129.878209  62.632729  7.021
 33    81.126 53371.10257818 19.22 129.875659  62.629589  7.021
 33    80.896 53371.10257883 19.82 129.873109  62.626449  7.021
 33    80.704 53371.10257947 21.57 129.870559  62.623309  7.021
 33    80.947 53371.10258785 22.18 129.837460  62.582467  5.052
 33    81.310 53371.10258850 22.21 129.834910  62.579327  5.052
 33    80.921 53371.10258914 22.39 129.832370  62.576187  5.052
 33    81.188 53371.10258979 20.59 129.829830  62.573047  5.052
 35    80.062 53441.10259483 16.30 129.895089  62.653851  6.302
 35    79.505 53441.10259548 17.06 129.892539  62.650711  6.302
 35    79.758 53441.10259612 16.61 129.889979  62.647571  6.302
 35    80.065 53441.10259677 15.70 129.887429  62.644431  6.302
 35    80.137 53441.10259741 15.78 129.884879  62.641291  6.302
 35    80.155 53441.10259806 15.84 129.882319  62.638151  6.302
 35    80.292 53441.10259870 16.87 129.879769  62.635011  6.302
 35    80.334 53441.10259934 17.91 129.877219  62.631871  6.302
 35    80.319 53441.10259999 18.43 129.874669  62.628731  6.302
 35    80.347 53441.10260063 18.46 129.872119  62.625591  6.302
 35    80.318 53441.10260128 18.40 129.869569  62.622451  6.302
 35    80.139 53441.10260966 19.47 129.836459  62.581611  5.704
 35    79.812 53441.10261030 21.66 129.833919  62.578471  5.704
 35    80.025 53441.10261095 21.30 129.831379  62.575331  5.704
 35    79.711 53441.10261159 20.73 129.828839  62.572191  5.704
 36    83.251 53476.10266492 12.18 129.892055  62.635064  7.383
 36    81.320 53476.10266685 12.42 129.884395  62.625644  7.383
 36    83.238 53476.10267652 13.01 129.846158  62.578531  3.894
 36    82.811 53476.10267717 14.58 129.843618  62.575391  3.894
 36    80.744 53476.10267781 15.59 129.841068  62.572251  3.894
 36    82.106 53476.10267846 14.15 129.838528  62.569111  3.894
 38    83.163 53546.10269464 24.77 129.890189  62.643463 22.358
 38    83.072 53546.10269528 22.16 129.887629  62.640323 22.358
 38    82.892 53546.10269593 20.78 129.885079  62.637183 22.358
 38    82.881 53546.10269657 21.41 129.882529  62.634043 22.358
 38    82.952 53546.10269722 21.15 129.879969  62.630903 22.358
 38    82.853 53546.10269786 20.55 129.877419  62.627763 22.358
 38    82.538 53546.10269851 23.10 129.874869  62.624623 22.358
 38    84.309 53546.10270753 19.51 129.839198  62.580645 18.133
 38    84.604 53546.10270818 19.61 129.836658  62.577505 18.133
 38    85.883 53546.10270882 20.24 129.834108  62.574365 18.133
 39   104.243 53581.10266695  6.77 129.898110  62.650529 11.302
 39   103.616 53581.10266759  6.82 129.895560  62.647389 11.302
 39    81.866 53581.10267082 32.40 129.882790  62.631689 11.302
 39    81.487 53581.10267146 33.45 129.880240  62.628549 11.302
 39    81.600 53581.10267211 32.65 129.877690  62.625409 11.302
 39    82.098 53581.10267275 31.02 129.875140  62.622269 11.302
 39    84.012 53581.10268113 20.78 129.842022  62.581430 21.246
 39    84.585 53581.10268178 19.89 129.839482  62.578290 21.246
 39    83.411 53581.10268242 22.13 129.836932  62.575150 21.246
 40    81.397 53616.10262305 19.35 129.884767  62.645783  9.785
 40    82.239 53616.10262369 17.94 129.882217  62.642643  9.785
 40    81.827 53616.10262434 18.29 129.879667  62.639503  9.785
 40    80.987 53616.10262498 19.38 129.877107  62.636363  9.785
 40    81.148 53616.10262562 19.45 129.874557  62.633223  9.785
 40    81.439 53616.10262627 19.86 129.872007  62.630083  9.785
 40    80.964 53616.10262691 21.17 129.869457  62.626943  9.785
 40    81.416 53616.10262756 22.51 129.866907  62.623803  9.785
 40    81.726 53616.10262820 25.60 129.864357  62.620663  9.785
 40    84.823 53616.10263594 17.87 129.833802  62.582960 17.993
 40    85.439 53616.10263658 17.88 129.831252  62.579820 17.993
 40    85.685 53616.10263723 20.53 129.828712  62.576680 17.993
 40    85.834 53616.10263787 27.03 129.826172  62.573540 17.993
 41    79.624 53651.10265011 38.94 129.850969  62.577205 12.735
 41    79.537 53651.10265076 36.86 129.848419  62.574065 12.735
 41    79.519 53651.10265140 37.78 129.845879  62.570925 12.735
 41    79.635 53651.10265205 42.05 129.843339  62.567785 12.735
 42    80.426 53686.10264277 19.66 129.897694  62.649995  6.434
 42    80.106 53686.10264342 19.35 129.895144  62.646855  6.434
 42    79.890 53686.10264406 19.34 129.892584  62.643715  6.434
 42    79.899 53686.10264471 19.37 129.890034  62.640575  6.434
 42    80.178 53686.10264535 20.54 129.887484  62.637435  6.434
 42    80.283 53686.10264599 20.49 129.884924  62.634295  6.434
 42    80.142 53686.10264664 21.94 129.882374  62.631155  6.434
 42    80.295 53686.10264728 21.92 129.879824  62.628015  6.434
 42    80.429 53686.10264793 21.34 129.877274  62.624875  6.434
 42    80.305 53686.10264857 21.56 129.874714  62.621735  6.434
 42    80.328 53686.10265695 25.18 129.841597  62.580905 10.951
 42    80.314 53686.10265760 25.28 129.839047  62.577765 10.951
 42    80.373 53686.10265824 26.02 129.836507  62.574625 10.951
 42    80.393 53686.10265889 25.86 129.833967  62.571475 10.951
 43    80.946 53721.10256838 18.31 129.896640  62.652131  5.871
 43    80.290 53721.10256902 17.89 129.894090  62.648991  5.871
 43    80.148 53721.10256967 17.75 129.891530  62.645851  5.871
 43    80.005 53721.10257031 18.18 129.888980  62.642711  5.871
 43    80.211 53721.10257096 18.49 129.886430  62.639571  5.871
 43    80.270 53721.10257160 17.95 129.883870  62.636431  5.871
 43    80.133 53721.10257225 19.01 129.881320  62.633291  5.871
 43    80.326 53721.10257289 19.50 129.878770  62.630151  5.871
 43    80.345 53721.10257354 20.14 129.876220  62.627011  5.871
 43    80.195 53721.10257418 20.29 129.873670  62.623871  5.871
 43    80.192 53721.10258321 22.75 129.838014  62.579890  6.360
 43    80.134 53721.10258385 22.60 129.835474  62.576750  6.360
 43    80.329 53721.10258450 22.93 129.832934  62.573610  6.360
 43    80.338 53721.10258514 21.38 129.830394  62.570470  6.360
 44    79.428 53756.10251110 20.32 129.862178  62.577951  5.665
 44    79.735 53756.10251175 21.58 129.859628  62.574811  5.665
 44    79.844 53756.10251239 21.08 129.857088  62.571671  5.665
 44    79.623 53756.10251304 23.90 129.854538  62.568531  5.665
 44    79.611 53756.10251433 23.21 129.849458  62.562251  5.665
 45    79.254 53791.10252711 16.63 129.893018  62.635355  5.424
 45    80.746 53791.10253872 18.80 129.847143  62.578818  5.351
 45    78.639 53791.10253936 22.03 129.844603  62.575678  5.351
 45    78.776 53791.10254001 22.49 129.842053  62.572538  5.351
 45    78.666 53791.10254065 22.11 129.839513  62.569398  5.351
 46    83.420 53826.10249898 16.87 129.861876  62.575142  4.927
 46    82.877 53826.10249962 17.69 129.859336  62.572002  4.927
 46    78.335 53826.10250027 20.40 129.856786  62.568862  4.927
 47   118.573 53861.10257826  6.26 129.893275  62.634621  7.118
 47    79.360 53861.10258987 27.72 129.847388  62.578083 17.204
 47    86.114 53861.10259051 22.24 129.844838  62.574943 17.204
 47    86.792 53861.10259115 23.66 129.842298  62.571803 17.204
 48    87.103 53896.10260905 22.31 129.851984  62.579728 20.232
 48    86.951 53896.10260969 21.76 129.849434  62.576588 20.232
 48    86.776 53896.10261034 23.29 129.846894  62.573448 20.232
 48    87.096 53896.10261098 25.16 129.844344  62.570308 20.232
 48    87.390 53896.10261163 35.43 129.841804  62.567158 20.232
 49    85.623 53931.10264594 22.01 129.894315  62.652147 20.094
 49    83.283 53931.10264723 22.55 129.889205  62.645867 20.094
 49    83.103 53931.10264787 21.26 129.886645  62.642727 20.094
 49    82.904 53931.10264852 19.00 129.884095  62.639587 20.094
 49    82.730 53931.10264916 19.26 129.881535  62.636447 20.094
 49    82.574 53931.10264981 19.59 129.878985  62.633307 20.094
 49    81.898 53931.10265045 21.36 129.876435  62.630167 20.094
 49    81.687 53931.10265110 25.56 129.873885  62.627027 20.094
 49    81.904 53931.10265174 26.42 129.871335  62.623887 20.094
 49    84.927 53931.10266012 19.14 129.838199  62.583055 20.675
 49    85.836 53931.10266077 17.90 129.835659  62.579915 20.675
 49    86.567 53931.10266141 18.55 129.833109  62.576775 20.675
 49    86.628 53931.10266206 21.37 129.830569  62.573625 20.675
 50   103.153 53966.10262234  7.15 129.895127  62.653483 15.574
 50   101.306 53966.10262298 11.13 129.892577  62.650343 15.574
 50    82.433 53966.10262621 35.81 129.879807  62.634643 15.574
 50    82.255 53966.10262685 40.91 129.877257  62.631503 15.574
 50    82.376 53966.10262750 41.62 129.874707  62.628363 15.574
 50    82.685 53966.10262814 39.51 129.872147  62.625223 15.574
 50    82.731 53966.10262878 38.40 129.869597  62.622083 15.574
 50    83.235 53966.10263910 33.32 129.828857  62.571830 24.539
 52    79.804 54036.10263870 34.78 129.852697  62.578537 19.718
 52    80.141 54036.10263934 39.92 129.850157  62.575397 19.718
 52    80.013 54036.10263999 44.66 129.847607  62.572257 19.718
 52    79.840 54036.10264063 48.68 129.845067  62.569107 19.718
 52    79.944 54036.10264128 41.38 129.842517  62.565967 19.718
 53    81.443 54071.10262176 17.46 129.891593  62.634654  4.082
 53    80.023 54071.10262370 18.11 129.883933  62.625234  4.082
 53    84.000 54071.10263337 16.61 129.845715  62.578125  6.836
 53    84.510 54071.10263401 17.57 129.843175  62.574985  6.836
 53    85.066 54071.10263466 17.71 129.840635  62.571835  6.836
 53    85.578 54071.10263530 17.91 129.838085  62.568695  6.836
 54    84.437 54106.10257001 15.95 129.893889  62.655979  6.028
 54    84.360 54106.10257066 15.44 129.891328  62.652839  4.038
 54    84.459 54106.10257130 15.44 129.888778  62.649699  4.038
 54    81.600 54106.10257195 15.77 129.886228  62.646549  4.038
 54    81.517 54106.10257259 15.47 129.883668  62.643409  4.038
 54    80.867 54106.10257324 15.75 129.881118  62.640269  4.038
 54    80.515 54106.10257388 16.50 129.878568  62.637129  4.038
 54    80.406 54106.10257453 16.39 129.876018  62.633989  4.038
 54    80.435 54106.10257517 17.33 129.873468  62.630849  4.038
 54    80.480 54106.10257581 17.65 129.870918  62.627709  4.038
 54    80.520 54106.10257646 17.61 129.868358  62.624569  4.038
 54    80.439 54106.10257710 18.36 129.865818  62.621429  4.038
 54    84.136 54106.10258484 14.95 129.835253  62.583732  3.818
 54    84.290 54106.10258548 15.40 129.832713  62.580592  3.818
 54    85.006 54106.10258613 15.03 129.830173  62.577452  3.818
 54    85.307 54106.10258677 15.51 129.827623  62.574312  3.818
 55    83.818 54141.10256606 14.55 129.851196  62.578206  3.743
 55    83.878 54141.10256670 15.71 129.848646  62.575066  3.743
 55    84.020 54141.10256735 15.77 129.846106  62.571926  3.743
 55    84.692 54141.10256799 15.80 129.843566  62.568786  3.743
 55    84.941 54141.10256864 16.85 129.841016  62.565646  3.743
 56    84.377 54176.10255187 13.62 129.896254  62.650982  4.781
 56    84.014 54176.10255252 13.62 129.893704  62.647842  4.781
 56    83.156 54176.10255316 12.99 129.891144  62.644702  4.781
 56    81.564 54176.10255381 14.17 129.888594  62.641562  4.781
 56    80.890 54176.10255445 14.22 129.886043  62.638422  3.395
 56    80.510 54176.10255510 14.75 129.883493  62.635282  3.395
 56    80.208 54176.10255574 14.92 129.880943  62.632142  3.395
 56    80.159 54176.10255639 15.13 129.878383  62.628992  3.395
 56    79.967 54176.10255703 15.89 129.875833  62.625852  3.395
 56    80.321 54176.10255767 15.95 129.873283  62.622712  3.395
 56    84.143 54176.10256606 14.07 129.840173  62.581882  3.395
 56    83.980 54176.10256670 14.16 129.837633  62.578742  3.395
 56    84.621 54176.10256735 14.78 129.835088  62.575596  3.555
 56    84.767 54176.10256799 14.52 129.832538  62.572456  3.555
 57    83.646 54211.10256195 25.03 129.892842  62.632145  8.089
 57    84.198 54211.10257291 12.57 129.849503  62.578753 14.098
 57    84.764 54211.10257355 12.05 129.846953  62.575613 14.098
 57    85.693 54211.10257420 12.12 129.844413  62.572473 14.098
 57    86.448 54211.10257484 11.25 129.841863  62.569333 14.098
 57    86.645 54211.10257549 13.55 129.839323  62.566193 14.098
 58    85.273 54246.10259132 37.87 129.892437  62.634248 20.708
 58    85.459 54246.10260356 51.24 129.844009  62.574563 31.793
 58    85.547 54246.10260421 49.55 129.841459  62.571423 31.793
 58    85.385 54246.10260485 49.48 129.838919  62.568283 31.793
 60    83.551 54316.10260079 20.45 129.890509  62.635209 15.401
 60    83.421 54316.10260208 19.05 129.885409  62.628919 15.401
 60    82.131 54316.10260273 25.18 129.882859  62.625779 15.401
 60    82.143 54316.10260337 28.41 129.880299  62.622639 15.401
 60    84.053 54316.10261240 18.86 129.844639  62.578669 15.401
 60    85.212 54316.10261304 18.37 129.842091  62.575533 21.380
 60    86.253 54316.10261369 18.71 129.839551  62.572383 21.380
 61    85.435 54351.10256512 18.40 129.896563  62.651401 17.529
 61    83.901 54351.10256576 19.13 129.894013  62.648261 17.529
 61    81.200 54351.10256641 19.60 129.891453  62.645121 17.529
 61    80.218 54351.10256705 21.08 129.888903  62.641981 17.529
 61    80.130 54351.10256770 21.80 129.886353  62.638841 17.529
 61    80.482 54351.10256834 23.09 129.883802  62.635698 19.544
 61    80.681 54351.10256898 25.03 129.881242  62.632558 19.544
 61    80.736 54351.10256963 25.20 129.878692  62.629418 19.544
 61    80.708 54351.10257027 27.27 129.876142  62.626278 19.544
 61    80.522 54351.10257092 30.94 129.873592  62.623128 19.544
 61    84.057 54351.10257930 18.88 129.840482  62.582298 19.544
 61    84.611 54351.10257994 18.21 129.837932  62.579158 19.544
 61    85.276 54351.10258059 18.46 129.835392  62.576018 19.544
 61    85.937 54351.10258123 19.67 129.832847  62.572879 28.435
 61    86.140 54351.10258188 31.42 129.830307  62.569729 28.435
 62    84.001 54386.10255141 18.10 129.849630  62.577984 12.121
 62    84.563 54386.10255205 19.00 129.847090  62.574844 12.121
 62    85.560 54386.10255270 19.39 129.844540  62.571704 12.121
 62    86.076 54386.10255334 22.69 129.841998  62.568559 21.062
 63    85.285 54421.10251525 17.90 129.896195  62.649879  6.280
 63    84.527 54421.10251590 17.56 129.893635  62.646739  6.280
 63    83.006 54421.10251654 18.17 129.891085  62.643599  6.280
 63    82.293 54421.10251719 18.60 129.888535  62.640459  6.280
 63    80.875 54421.10251783 18.88 129.885975  62.637319  6.280
 63    80.481 54421.10251848 18.81 129.883425  62.634179  6.280
 63    80.317 54421.10251912 19.06 129.880875  62.631036  4.004
 63    80.559 54421.10251977 19.63 129.878325  62.627896  4.004
 63    80.341 54421.10252041 18.80 129.875775  62.624756  4.004
 63    83.478 54421.10252944 18.21 129.840105  62.580776  4.004
 63    84.045 54421.10253008 18.39 129.837565  62.577636  4.004
 63    84.723 54421.10253073 18.79 129.835025  62.574496  4.004
 63    85.214 54421.10253137 18.89 129.832485  62.571356  4.004
 64    83.806 54456.10252361 15.05 129.857796  62.578938  3.320
 64    83.862 54456.10252425 14.80 129.855256  62.575798  3.320
 64    83.891 54456.10252490 15.42 129.852706  62.572658  3.320
 64    85.012 54456.10252554 15.81 129.850161  62.569516  5.458
 64    85.280 54456.10252619 16.42 129.847621  62.566376  5.458
 65    82.014 54491.10251801 15.77 129.893492  62.641988  4.715
 65    79.886 54491.10251865 15.95 129.890932  62.638848  4.715
 65    80.430 54491.10251930 15.99 129.888382  62.635708  4.715
 65    79.896 54491.10251994 16.64 129.885832  62.632568  4.715
 65    79.620 54491.10252059 16.37 129.883282  62.629428  4.715
 65    79.964 54491.10252123 16.61 129.880732  62.626288  4.715
 65    80.263 54491.10252188 16.53 129.878172  62.623148  4.715
 65    83.406 54491.10253090 14.60 129.842511  62.579171  3.403
 65    83.773 54491.10253155 14.52 129.839971  62.576031  3.403
 65    84.545 54491.10253219 14.43 129.837421  62.572891  3.403
 65    84.725 54491.10253284 15.13 129.834881  62.569751  3.403
 66    84.317 54526.10253682 12.85 129.852068  62.578001  2.989
 66    83.996 54526.10253746 12.99 129.849518  62.574861  2.989
 66    83.563 54526.10253811 14.67 129.846978  62.571721  2.989
 66    84.292 54526.10253875 14.24 129.844428  62.568571  2.989
 66    85.941 54526.10253940 14.19 129.841888  62.565431  2.989
 67    85.389 54561.10252486 10.62 129.895993  62.650284  4.027
 67    84.041 54561.10252550 10.35 129.893443  62.647144  4.027
 67    83.402 54561.10252615 10.49 129.890883  62.644004  4.027
 67    82.712 54561.10252679 10.39 129.888333  62.640864  4.027
 67    81.523 54561.10252744 10.03 129.885783  62.637724  4.027
 67    81.272 54561.10252808 10.30 129.883223  62.634584  4.027
 67    80.567 54561.10252873 10.83 129.880673  62.631444  4.027
 67    81.141 54561.10252937 10.51 129.878123  62.628304  4.027
 67    81.298 54561.10253002 10.82 129.875573  62.625164  4.027
 67    84.024 54561.10253904  9.70 129.839912  62.581186  2.717
 67    84.207 54561.10253969 10.23 129.837362  62.578046  2.717
 67    84.573 54561.10254033  9.93 129.834822  62.574906  2.717
 67    85.045 54561.10254098 10.40 129.832282  62.571756  2.717
 68   118.527 54596.10252081  7.82 129.892051  62.635754  5.846
 68    79.942 54596.10253242 31.79 129.846166  62.579218 14.429
 68    79.561 54596.10253306 31.01 129.843626  62.576078 14.429
 68    79.859 54596.10253371 29.13 129.841076  62.572938 14.429
 68    79.826 54596.10253435 33.87 129.838536  62.569788 14.429
 69    84.299 54631.10253454 27.54 129.891981  62.636921 14.255
 69    84.518 54631.10253518 27.41 129.889431  62.633781 14.255
 69    84.608 54631.10253647 30.07 129.884321  62.627501 14.255
 69    84.703 54631.10253712 32.12 129.881771  62.624361 14.255
 69    84.547 54631.10253776 35.55 129.879221  62.621221 14.255
 69    85.518 54631.10254679 38.85 129.843554  62.577247 23.189
 69    85.559 54631.10254743 33.85 129.841004  62.574107 23.189
 69    86.017 54631.10254872 44.06 129.835924  62.567817 23.189
 70    81.785 54666.10254103 35.08 129.890247  62.635755 16.349
 70    82.299 54666.10254231 36.61 129.885147  62.629475 16.349
 70    82.361 54666.10254296 38.83 129.882587  62.626335 16.349
 70    82.102 54666.10254360 42.64 129.880037  62.623195 16.349
 70    81.317 54666.10254425 43.25 129.877487  62.620055 16.349
 70    81.712 54666.10255263 46.33 129.844363  62.579220 21.826
 70    81.833 54666.10255327 42.14 129.841823  62.576080 21.826
 70    81.785 54666.10255392 47.10 129.839283  62.572930 21.826
 70    81.792 54666.10255456 47.96 129.836733  62.569790 21.826
 71    82.518 54701.10250683 38.79 129.896543  62.650859 14.931
 71    82.496 54701.10250747 32.59 129.893993  62.647719 14.931
 71    82.329 54701.10250812 30.62 129.891443  62.644579 14.931
 71    81.910 54701.10250876 30.64 129.888883  62.641439 14.931
 71    81.961 54701.10250941 30.28 129.886333  62.638299 14.931
 71    82.046 54701.10251005 29.88 129.883783  62.635159 14.931
 71    81.993 54701.10251070 29.98 129.881233  62.632019 14.931
 71    82.053 54701.10251134 30.20 129.878683  62.628879 14.931
 71    82.119 54701.10251199 29.92 129.876123  62.625739 14.931
 71    82.256 54701.10251263 28.31 129.873573  62.622599 14.931
 71    82.952 54701.10252101 35.41 129.840464  62.581758 25.751
 71    82.974 54701.10252166 31.95 129.837924  62.578618 25.751
 71    82.672 54701.10252230 32.43 129.835374  62.575478 25.751
 71    82.897 54701.10252295 30.18 129.832834  62.572338 25.751
 72    83.365 54736.10251257 20.18 129.851821  62.576276 16.880
 72    84.799 54736.10251322 18.59 129.849281  62.573136 16.880
 72    86.522 54736.10251386 18.18 129.846741  62.569996 16.880
 73    80.645 54771.10248937 38.21 129.893972  62.641977 16.383
 73    81.038 54771.10249001 43.60 129.891422  62.638837 16.383
 73    80.772 54771.10249066 44.45 129.888862  62.635697 16.383
 73    80.461 54771.10249130 42.27 129.886312  62.632557 16.383
 73    80.937 54771.10249195 36.53 129.883762  62.629417 16.383
 73    80.624 54771.10249259 37.92 129.881212  62.626277 16.383
 73    80.528 54771.10250226 49.41 129.842990  62.579162 19.558
 73    80.998 54771.10250290 49.35 129.840450  62.576022 19.558
 73    80.529 54771.10250355 47.39 129.837910  62.572882 19.558
 73    80.494 54771.10250419 46.11 129.835360  62.569732 19.558
 74    80.285 54806.10250610 24.51 129.851624  62.577766  6.228
 74    80.367 54806.10250675 25.18 129.849074  62.574626  6.228
 74    80.280 54806.10250739 25.74 129.846534  62.571486  6.228
 74    80.358 54806.10250804 26.16 129.843984  62.568336  6.228
 74    80.367 54806.10250868 25.61 129.841444  62.565196  6.228
 75    80.987 54841.10248624 15.82 129.890385  62.634536  4.923
 75    80.819 54841.10248753 15.50 129.885285  62.628256  4.923
 75    80.766 54841.10248818 15.57 129.882725  62.625116  4.923
 75    80.934 54841.10248882 15.29 129.880175  62.621976  4.923
 75    80.708 54841.10249785 20.89 129.844508  62.578001  4.725
 75    80.534 54841.10249849 21.85 129.841968  62.574861  4.725
 75    80.462 54841.10249914 22.58 129.839428  62.571711  4.725
 75    80.662 54841.10249978 20.86 129.836878  62.568571  4.725
 76    80.116 54876.10249601 15.05 129.892863  62.633570  5.065
 76    80.452 54876.10250697 18.30 129.849528  62.580180  4.463
 76    79.942 54876.10250761 21.12 129.846978  62.577040  4.463
 76    79.883 54876.10250825 21.05 129.844438  62.573900  4.463
 76    79.938 54876.10250890 21.92 129.841888  62.570750  4.463
 76    80.320 54876.10250954 20.19 129.839348  62.567610  4.463
 77    81.827 54911.10248838 13.66 129.894864  62.652446  4.339
 77    81.455 54911.10248902 13.33 129.892314  62.649306  4.339
 77    81.153 54911.10248967 12.99 129.889754  62.646166  4.339
 77    80.906 54911.10249031 12.84 129.887204  62.643026  4.339
 77    80.697 54911.10249096 13.18 129.884654  62.639886  4.339
 77    80.718 54911.10249160 13.24 129.882094  62.636746  4.339
 77    80.187 54911.10249225 13.90 129.879544  62.633606  4.339
 77    80.576 54911.10249289 13.82 129.876994  62.630466  4.339
 77    80.614 54911.10249354 14.21 129.874444  62.627326  4.339
 77    80.756 54911.10249418 14.34 129.871894  62.624186  4.339
 77    79.724 54911.10250256 16.82 129.838781  62.583348  4.002
 77    80.033 54911.10250321 17.19 129.836231  62.580208  4.002
 77    79.780 54911.10250385 18.21 129.833691  62.577068  4.002
 77    82.336 54911.10250450 17.37 129.831151  62.573928  4.002
 77    79.524 54911.10250514 17.78 129.828611  62.570778  4.002
 78    84.811 54946.10249939 19.40 129.850530  62.579972 11.857
 78    85.670 54946.10250004 20.12 129.847990  62.576832 11.857
 78    86.206 54946.10250068 21.48 129.845440  62.573692 11.857
 78    86.836 54946.10250133 23.96 129.842900  62.570552 11.857
 78    86.467 54946.10250197 30.67 129.840350  62.567402 11.857
 79    83.245 54981.10251479 31.85 129.888516  62.633555  7.715
 79    83.301 54981.10251543 32.57 129.885956  62.630415  7.715
 79    83.507 54981.10251608 31.42 129.883406  62.627275  7.715
 79    84.187 54981.10251672 31.28 129.880856  62.624135  7.715
 79    84.361 54981.10251737 32.53 129.878306  62.620995  7.715
 79    84.313 54981.10252639 36.65 129.842640  62.577020 20.243
 79    84.280 54981.10252704 35.20 129.840090  62.573880 20.243
 79    84.633 54981.10252768 39.18 129.837550  62.570730 20.243
 79    85.170 54981.10252833 38.91 129.835010  62.567590 20.243
 80    86.031 55016.10251596 42.23 129.890972  62.635007 24.915
 80    85.462 55016.10251790 37.89 129.883312  62.625587 24.915
 80    85.299 55016.10251854 39.37 129.880762  62.622447 24.915
 80    84.500 55016.10252757 49.28 129.845092  62.578472 30.339
 80    85.085 55016.10252821 47.99 129.842552  62.575332 30.339
 80    84.241 55016.10252885 47.35 129.840012  62.572192 30.339
 80    84.291 55016.10252950 47.61 129.837462  62.569052 30.339
 81    81.464 55051.10251047 25.91 129.890708  62.634512 10.849
 81    81.679 55051.10251241 27.62 129.883048  62.625092 10.849
 81    82.265 55051.10252208 23.46 129.844830  62.577975 17.986
 81    82.902 55051.10252272 22.56 129.842290  62.574835 17.986
 81    85.250 55051.10252336 24.80 129.839750  62.571685 17.986
 81    86.078 55051.10252401 24.83 129.837200  62.568545 17.986
 82    81.450 55086.10247302 33.07 129.891795  62.649926 13.990
 82    81.112 55086.10247366 34.64 129.889245  62.646786 13.990
 82    81.182 55086.10247431 35.08 129.886695  62.643646 13.990
 82    81.229 55086.10247495 35.15 129.884135  62.640496 13.990
 82    81.318 55086.10247560 31.57 129.881585  62.637356 13.990
 82    81.237 55086.10247624 29.43 129.879035  62.634216 13.990
 82    81.557 55086.10247689 28.38 129.876485  62.631076 13.990
 82    81.325 55086.10247753 28.69 129.873935  62.627936 13.990
 82    81.668 55086.10247818 27.74 129.871385  62.624796 13.990
 82    82.648 55086.10247882 26.55 129.868835  62.621656 13.990
 82    82.057 55086.10248656 36.49 129.838264  62.583960 30.831
 82    82.054 55086.10248720 39.93 129.835724  62.580820 30.831
 82    82.066 55086.10248785 38.87 129.833184  62.577680 30.831
 82    82.225 55086.10248849 45.93 129.830634  62.574540 30.831
 82    82.009 55086.10248913 48.09 129.828094  62.571400 30.831
 83    81.512 55121.10245569 48.53 129.853673  62.578872 29.000
 83    81.540 55121.10245634 51.67 129.851133  62.575732 29.000
 83    81.442 55121.10245698 53.07 129.848583  62.572582 29.000
 83    81.679 55121.10245763 45.42 129.846043  62.569442 29.000
 83    81.581 55121.10245827 50.49 129.843493  62.566302 29.000
 84    79.503 55156.10243270 31.15 129.898277  62.651747  7.846
 84    79.854 55156.10243334 30.15 129.895727  62.648617  7.846
 84    79.949 55156.10243399 30.24 129.893167  62.645477  7.846
 84    80.074 55156.10243463 29.50 129.890617  62.642327  7.846
 84    79.996 55156.10243528 28.91 129.888067  62.639187  7.846
 84    79.701 55156.10243592 28.29 129.885507  62.636047  7.846
 84    79.661 55156.10243657 27.01 129.882957  62.632907  7.846
 84    80.142 55156.10243721 26.53 129.880407  62.629767  7.846
 84    79.342 55156.10243786 28.50 129.877857  62.626627  7.846
 84    79.526 55156.10243850 26.25 129.875307  62.623487  7.846
 84    79.307 55156.10244753 30.73 129.839646  62.579515  8.506
 84    79.228 55156.10244817 31.43 129.837096  62.576375  8.506
 84    79.047 55156.10244882 30.90 129.834556  62.573235  8.506
 84    78.963 55156.10244946 27.91 129.832006  62.570095  8.506
 85    80.184 55191.10244474 27.08 129.854312  62.580150  7.294
 85    80.206 55191.10244539 28.89 129.851772  62.577010  7.294
 85    80.178 55191.10244603 28.74 129.849222  62.573870  7.294
 85    80.147 55191.10244668 27.82 129.846682  62.570720  7.294
 85    80.303 55191.10244732 24.96 129.844132  62.567580  7.294
 86    79.499 55226.10243359 20.29 129.897865  62.649653  5.374
 86    79.541 55226.10243424 19.59 129.895305  62.646513  5.374
 86    79.778 55226.10243488 19.61 129.892755  62.643373  5.374
 86    79.710 55226.10243552 20.27 129.890205  62.640233  5.374
 86    79.491 55226.10243617 20.60 129.887645  62.637093  5.374
 86    79.356 55226.10243681 20.51 129.885095  62.633953  5.374
 86    79.149 55226.10243746 21.22 129.882545  62.630813  5.374
 86    79.280 55226.10243810 21.48 129.879995  62.627673  5.374
 86    78.722 55226.10243875 21.41 129.877445  62.624533  5.374
 86    78.404 55226.10243939 21.60 129.874895  62.621393  5.374
 86    79.558 55226.10244777 20.86 129.841779  62.580563  4.070
 86    79.573 55226.10244842 21.04 129.839229  62.577423  4.070
 86    79.778 55226.10244906 21.44 129.836689  62.574283  4.070
 86    79.580 55226.10244971 20.59 129.834149  62.571133  4.070
 87    79.107 55261.10244103 21.53 129.847768  62.578668  4.670
 87    79.275 55261.10244167 20.23 129.845218  62.575528  4.670
 87    79.353 55261.10244232 18.68 129.842678  62.572378  4.670
 87    79.175 55261.10244296 18.45 129.840138  62.569238  4.670
 88    78.712 55296.10241805 18.85 129.897782  62.652937  5.033
 88    79.028 55296.10241869 19.13 129.895226  62.649796  5.088
 88    79.512 55296.10241934 17.05 129.892666  62.646656  5.088
 88    79.824 55296.10241998 16.90 129.890116  62.643516  5.088
 88    79.586 55296.10242063 16.95 129.887556  62.640376  5.088
 88    79.601 55296.10242127 17.91 129.885006  62.637236  5.088
 88    79.307 55296.10242192 17.68 129.882456  62.634086  5.088
 88    79.211 55296.10242256 17.28 129.879906  62.630946  5.088
 88    79.050 55296.10242321 18.08 129.877356  62.627806  5.088
 88    78.873 55296.10242385 18.19 129.874806  62.624666  5.088
 88    80.693 55296.10243288 17.76 129.839135  62.580690  4.216
 88    79.057 55296.10243352 18.47 129.836595  62.577550  4.216
 88    78.863 55296.10243416 18.86 129.834055  62.574410  4.216
 88    81.811 55296.10243481 17.20 129.831515  62.571270  4.216
 89   102.354 55331.10240908  8.67 129.892641  62.639601 12.477
 89   102.251 55331.10240972 10.27 129.890081  62.636461 12.477
 89    99.503 55331.10241101 16.71 129.884981  62.630181 12.477
 89    80.629 55331.10241294 33.59 129.877321  62.620761 12.477
 90    83.469 55366.10240194 22.96 129.893224  62.642123 15.514
 90    83.516 55366.10240258 19.66 129.890674  62.638983 15.514
 90    85.140 55366.10240323 18.30 129.888114  62.635843 15.514
 90    84.527 55366.10240387 17.49 129.885564  62.632703 15.514
 90    83.525 55366.10240451 19.18 129.883014  62.629563 15.514
 90    83.197 55366.10240516 20.57 129.880464  62.626423 15.514
 90    83.380 55366.10240580 23.26 129.877914  62.623283 15.514
 90    83.508 55366.10241483 20.85 129.842250  62.579311 23.522
 90    85.514 55366.10241547 17.67 129.839700  62.576171 23.522
 90    86.291 55366.10241612 20.74 129.837160  62.573031 23.522
 90    86.634 55366.10241676 28.33 129.834620  62.569891 23.522
 91    83.088 55401.10242701 33.26 129.854282  62.580225 30.071
 91    80.775 55401.10242765 34.81 129.851732  62.577085 30.071
 91    80.918 55401.10242830 32.58 129.849192  62.573945 30.071
 91    81.056 55401.10242894 33.54 129.846642  62.570795 30.071
 91    81.178 55401.10242959 34.73 129.844102  62.567655 30.071
 92    80.364 55436.10241996 26.56 129.891622  62.636712 16.221
 92    81.956 55436.10242060 25.04 129.889062  62.633572 16.221
 92    82.144 55436.10242189 25.14 129.883962  62.627292 16.221
 92    81.434 55436.10242254 27.00 129.881412  62.624152 16.221
 92    82.279 55436.10242318 24.66 129.878862  62.621012 16.221
 92    81.395 55436.10243156 30.03 129.845741  62.580172 20.858
 92    81.458 55436.10243221 31.52 129.843201  62.577032 20.858
 92    81.752 55436.10243285 36.34 129.840651  62.573892 20.858
 92    81.933 55436.10243350 39.41 129.838111  62.570752 20.858
 92    82.302 55436.10243414 42.06 129.835571  62.567612 20.858
 93    79.922 55471.10236865 32.03 129.896117  62.654995 18.842
 93    80.492 55471.10236930 31.64 129.893557  62.651855 18.842
 93    80.047 55471.10236994 35.46 129.891007  62.648715 18.842
 93    80.475 55471.10237059 33.98 129.888457  62.645575 18.842
 93    80.521 55471.10237123 38.79 129.885897  62.642435 18.842
 93    80.555 55471.10237188 38.25 129.883347  62.639295 18.842
 93    81.054 55471.10237252 36.94 129.880797  62.636155 18.842
 93    81.007 55471.10237317 40.20 129.878247  62.633015 18.842
 93    81.092 55471.10237381 40.23 129.875697  62.629875 18.842
 93    81.232 55471.10237446 45.01 129.873147  62.626735 18.842
 93    80.897 55471.10237510 47.33 129.870597  62.623595 18.842
 93    81.206 55471.10238348 39.41 129.837485  62.582756 19.610
 93    80.769 55471.10238413 39.24 129.834945  62.579616 19.610
 93    80.580 55471.10238477 43.54 129.832405  62.576476 19.610
 93    81.005 55471.10238542 44.62 129.829855  62.573336 19.610
