# NaN NaN NaN ;Mean Elev.(m), Avg Gradient(m/km), RMS Gradient(m/km) - SRTM1     
#  -27.988 -28.043  53.365 ;Mean Elev.(m), Avg Gradient(m/km), RMS Gradient(m/km) - ASTER GDEM
#    1.103   5.539  54.080 ;Mean Elev.(m), Avg Gradient(m/km), RMS Gradient(m/km) - GMTED2010 
  7 126.884007  72.112751     3.932     4.388 21 52459.48760963 15.270
  9 126.818983  72.133171     3.083     4.024  7 52529.48758623 32.796
 10 126.879657  72.111753     3.174     3.123 21 52564.48760325 42.526
 11 126.881663  72.113506     2.091     2.438 19 52599.48763055 21.358
 12 126.869734  72.110406     2.872     3.052 23 52634.48758418 19.903
 13 126.880837  72.113191     2.505     2.787 19 52669.48759584 19.986
 14 126.874978  72.110877     2.697     2.848 22 52704.48758127 19.319
 15 126.886105  72.114196     2.296     2.502 20 52739.48761803 18.294
 16 126.914483  72.108938     1.716     1.607 22 52774.48756575 27.174
 17 126.913160  72.085198     8.703     8.801 19 52809.48763448 11.081
 18 126.868234  72.110961     0.118     0.604 22 52844.48769675 23.009
 19 126.873959  72.113357     3.229     3.625 22 52879.48773484 30.186
 20 126.906738  72.110261     2.939     3.142 22 52914.48769118 26.369
 21 126.915379  72.083699     1.137     1.575 19 52949.48764540 25.609
 22 126.878605  72.114392     0.934     0.952 20 52984.48767892 14.448
 23 126.910971  72.104051     1.038     1.119 20 53019.48766786 12.892
 24 126.871547  72.113263     1.757     1.827 22 53054.48765554 12.203
 25 126.885104  72.115434     1.660     1.899 19 53089.48769287 10.478
 26 126.873748  72.110375     2.009     2.306 22 53124.48766264  9.869
 27 126.873272  72.110929     5.524     5.536 22 53159.48772229 30.652
 28 126.886026  72.112911     5.556     6.239 21 53194.48771772 40.633
 29 126.902591  72.106928     3.722     3.866 20 53229.48770719 35.973
 30 126.910794  72.108764     3.319     3.574 23 53264.48767877 33.509
 31 126.915039  72.083830     5.665     5.752 19 53299.48771949 40.784
 32 126.884565  72.112005     2.807     2.915 21 53334.48769562 24.090
 33 126.909085  72.111389     2.885     2.845 21 53369.48763532 20.129
 34 126.874306  72.112564     3.328     3.508 22 53404.48766855 17.677
 35 126.905870  72.109964     3.449     3.385 22 53439.48765496 18.675
 36 126.870493  72.111335     3.396     3.651 23 53474.48771712 13.081
 37 126.883326  72.111062     4.631     4.596 21 53509.48773580 39.308
 38 126.885393  72.111037     6.457     6.336 21 53544.48775033 17.990
 40 126.902904  72.110938     5.869     5.894 21 53614.48768280 47.572
 41 126.875187  72.111672     3.284     3.764 22 53649.48769132 29.786
 42 126.880388  72.112857     2.389     2.344 21 53684.48770425 22.303
 43 126.908000  72.110182     2.666     2.607 21 53719.48762968 14.886
 44 126.874116  72.112065     2.922     3.221 22 53754.48755392 16.031
 45 126.902383  72.106853     2.448     2.516 20 53789.48758226 13.841
 46 126.913318  72.084484     2.796     2.376 20 53824.48753396 10.483
 47 126.871612  72.111641     3.065     3.387 22 53859.48763299 10.263
 49 126.875274  72.111156     0.482     1.508 22 53929.48770492 21.144
 50 126.885963  72.112298     3.158     3.457 21 53964.48768433 32.551
 51 126.804746  72.138903     3.644     3.644  2 53999.48764490 23.790
 52 126.875759  72.113114     5.064     4.999 22 54034.48768388 31.764
 53 126.885196  72.113472     3.508     3.703 20 54069.48767771 20.317
 54 126.908174  72.109936     3.686     3.671 21 54104.48763227 20.115
 55 126.873843  72.111348     3.387     3.475 22 54139.48760871 15.780
 56 126.911065  72.103533     3.308     3.263 20 54174.48761027 12.334
 57 126.874536  72.110535     3.274     3.657 22 54209.48761486 13.693
 58 126.878036  72.114014     4.521     4.532 20 54244.48764639 45.365
 59 126.884192  72.110896     7.150     7.076 21 54279.48765761 14.562
 60 126.884003  72.114716     3.119     3.421 19 54314.48765789 20.918
 61 126.902836  72.110267     3.191     3.358 22 54349.48762614 27.569
 62 126.874032  72.113267     3.049     3.210 21 54384.48759613 30.817
 63 126.901915  72.108385     2.378     2.407 21 54419.48757540 12.864
 64 126.887592  72.099991     2.402     2.687 22 54454.48756473  9.895
 65 126.884799  72.115285     2.688     2.952 19 54489.48757660  7.996
 66 126.875004  72.113238     3.048     3.263 22 54524.48758029  8.635
 67 126.899741  72.109849     3.160     3.325 21 54559.48758455  8.445
 68 126.883725  72.111383     3.085     3.281 21 54594.48757583  8.312
 69 126.880594  72.114062     8.726     8.689 20 54629.48759069  9.338
 70 126.881173  72.111446     1.588     3.116 22 54664.48759714 27.701
 71 126.904614  72.110062     3.911     4.997 22 54699.48756783 16.703
 72 126.871888  72.110630     5.282     5.909 22 54734.48755553 14.525
 73 126.903437  72.104510     4.375     4.391 20 54769.48754685 29.803
 74 126.871397  72.110829     2.827     2.810 23 54804.48754944 22.631
 75 126.882418  72.113351     3.066     3.086 19 54839.48754332 21.114
 76 126.871807  72.113761     3.190     3.459 22 54874.48755001 19.681
 77 126.901012  72.110684     3.416     3.648 21 54909.48754857 17.440
 78 126.873864  72.110735     3.147     3.465 22 54944.48754235 15.415
 79 126.899824  72.103443     7.184     7.227 20 54979.48756717 43.230
 80 126.881725  72.113726     1.335     0.665 19 55014.48757340 16.564
 81 126.884813  72.111884     3.735     3.777 21 55049.48756669 42.707
 82 126.906041  72.110789     4.309     4.309 22 55084.48753384 43.914
 83 126.873065  72.111956     3.152     3.689 22 55119.48749903 27.002
 84 126.886219  72.114312     2.616     2.968 20 55154.48749422 13.826
 85 126.871818  72.110782     3.050     3.256 23 55189.48748824 11.547
 86 126.900936  72.105548     3.338     3.243 20 55224.48749195 11.851
 87 126.879339  72.113069     2.932     3.082 20 55259.48748420 10.389
 88 126.901825  72.110311     2.844     3.141 21 55294.48747935  8.636
 89 126.883385  72.110923     1.294     1.001 21 55329.48746599 20.015
 91 126.872748  72.110837     4.239     4.825 22 55399.48747114 15.859
 92 126.902511  72.104562     2.972     3.225 20 55434.48747507 27.492
 93 126.912623  72.109015     2.951     3.207 22 55469.48743043 33.069
