# NaN NaN NaN ;Mean Elev.(m), Avg Gradient(m/km), RMS Gradient(m/km) - SRTM1     
#   50.194  -3.496  12.002 ;Mean Elev.(m), Avg Gradient(m/km), RMS Gradient(m/km) - ASTER GDEM
#   51.821  -3.728  16.919 ;Mean Elev.(m), Avg Gradient(m/km), RMS Gradient(m/km) - GMTED2010 
  8 129.159103  63.484795    70.236    70.291  3 52499.10637097 45.427
 10 129.169594  63.483485    70.151    69.676  3 52569.10638695 34.961
 11 129.156591  63.486247    72.114    72.046  3 52604.10637288 23.110
 12 129.171396  63.483133    72.549    72.217  3 52639.10635240 18.704
 13 129.159293  63.484739    72.576    72.617  3 52674.10634921 16.304
 14 129.170632  63.483267    72.905    72.702  3 52709.10636262 13.918
 15 129.155918  63.486941    71.954    72.064  3 52744.10639178 11.445
 17 129.172054  63.482507    73.345    73.345  2 52814.10641169 24.866
 18 129.172043  63.482746    70.569    70.569  2 52849.10646469 27.690
 19 129.161624  63.485739    70.615    70.603  3 52884.10650010 48.157
 20 129.158293  63.485414    70.884    70.046  3 52919.10645670 27.637
 21 129.178931  63.481274    69.697    69.630  3 52954.10641993 26.505
 22 129.174657  63.483097    72.746    72.746  2 52989.10642785 17.382
 23 129.164537  63.483938    72.525    72.696  3 53024.10641292 14.441
 24 129.175720  63.482869    72.354    72.354  2 53059.10640935 14.309
 26 129.176042  63.482352    71.640    71.640  2 53129.10641885 10.914
 28 129.165424  63.483309    73.157    73.304  3 53199.10648776 27.802
 29 129.167412  63.483205    71.930    71.238  3 53234.10645791 25.810
 31 129.165245  63.485274    70.368    70.346  3 53304.10648515 27.326
 32 129.160157  63.485531    72.885    72.650  3 53339.10645425 11.239
 33 129.154809  63.486024    73.065    73.179  3 53374.10638651 11.507
 35 129.151845  63.486411    72.926    72.926  2 53444.10641175  9.600
 36 129.164583  63.483912    72.622    72.622  2 53479.10648923  2.350
 37 129.163381  63.483351    73.491    73.507  3 53514.10649744 37.798
 38 129.156606  63.485734    72.091    72.030  3 53549.10651594 48.392
 39 129.161576  63.485306    73.066    73.066  2 53584.10647987 20.657
 41 129.169047  63.483924    69.761    69.881  3 53654.10646099 48.899
 42 129.160746  63.485920    70.958    70.958  2 53689.10645756 18.050
 43 129.155346  63.487384    72.545    72.565  3 53724.10638206 14.531
 44 129.179493  63.481081    72.889    72.889  2 53759.10632321 14.550
 45 129.162025  63.483501    72.641    72.324  3 53794.10634331 13.628
 46 129.179394  63.481679    73.069    73.069  2 53829.10631695 13.010
 47 129.168937  63.485143    74.771    74.610  3 53864.10639748 25.181
 48 129.166978  63.484478    75.861    75.871  3 53899.10642246 50.000
 49 129.154494  63.485156    72.408    72.245  3 53934.10646712 26.647
 50 129.154514  63.485058    73.336    73.524  3 53969.10643817 20.681
 51 129.178887  63.480764    72.477    72.477  2 54004.10641052 50.476
 52 129.172624  63.483659    73.465    73.465  2 54039.10644362 17.010
 53 129.163595  63.485248    73.165    73.233  3 54074.10643820 14.118
 55 129.169825  63.482803    73.427    73.727  3 54144.10637564 12.199
 57 129.168269  63.483930    71.952    70.670  3 54214.10638319 10.397
 58 129.165594  63.483319    75.939    76.016  3 54249.10641115 30.520
 59 129.163981  63.484439    73.686    73.762  3 54284.10641908 20.576
 60 129.163186  63.483358    72.698    72.042  3 54319.10641688 24.856
 61 129.157278  63.486624    71.413    71.013  3 54354.10638008 27.853
 62 129.166716  63.484244    71.045    70.442  3 54389.10635681 28.125
 63 129.159614  63.485190    73.226    73.305  3 54424.10633026 15.772
 64 129.173201  63.483095    73.596    73.596  2 54459.10633201 14.442
 65 129.160899  63.485612    73.149    73.149  2 54494.10633459 12.980
 66 129.171541  63.483916    73.176    73.176  2 54529.10634475 11.285
 67 129.155047  63.485883    73.613    73.663  3 54564.10634163  8.167
 68 129.164660  63.483253    70.006    70.004  3 54599.10634044 43.844
 69 129.162977  63.483878    73.312    73.310  3 54634.10635324 47.251
 70 129.162136  63.485560    71.064    71.064  2 54669.10635778 25.163
 71 129.158870  63.485895    72.245    72.007  3 54704.10632178 23.506
 72 129.169788  63.482698    71.404    71.404  2 54739.10632034 49.180
 73 129.160513  63.484894    70.045    70.045  2 54774.10630329 27.293
 74 129.172610  63.483256    72.446    72.446  2 54809.10631369 13.148
 75 129.161385  63.485870    72.071    71.741  3 54844.10630100 11.266
 76 129.166992  63.484720    72.496    72.527  3 54879.10631693 10.768
 77 129.154881  63.486609    72.888    72.879  3 54914.10630521  8.992
 78 129.165200  63.483042    70.064    70.017  3 54949.10630929 42.118
 79 129.164229  63.484832    74.779    74.796  3 54984.10633421 52.373
 80 129.164253  63.484324    72.128    72.128  2 55019.10633082 50.763
 81 129.163185  63.485478    73.938    74.067  3 55054.10632657 19.162
 82 129.155746  63.486979    70.705    70.651  3 55089.10628740 47.547
 83 129.168325  63.482943    70.430    70.423  3 55124.10626403 47.352
 84 129.158671  63.485990    71.991    71.991  2 55159.10624855 20.238
 85 129.171298  63.482076    71.806    71.806  2 55194.10625399 17.016
 87 129.166186  63.483472    72.271    72.218  3 55264.10624930 12.927
 88 129.157664  63.486527    72.271    72.119  3 55299.10623343 11.803
 89 129.161891  63.485455    71.940    71.581  3 55334.10622658 30.497
 90 129.162821  63.484840    74.006    74.006  2 55369.10621808 18.861
 91 129.169929  63.482667    71.692    70.949  3 55404.10623483 33.477
 92 129.161671  63.484735    71.047    71.073  3 55439.10623626 23.806
 93 129.154668  63.485143    72.424    72.938  3 55474.10618320 23.231
