# NaN NaN NaN ;Mean Elev.(m), Avg Gradient(m/km), RMS Gradient(m/km) - SRTM1     
#   85.591  -8.744  33.464 ;Mean Elev.(m), Avg Gradient(m/km), RMS Gradient(m/km) - ASTER GDEM
#   84.000  -8.679  33.833 ;Mean Elev.(m), Avg Gradient(m/km), RMS Gradient(m/km) - GMTED2010 
  8 128.689441  61.290162    94.754    94.754  2 52499.51526859 45.534
 10 128.681542  61.287063    93.710    93.710  2 52569.51528521 47.947
 11 128.689163  61.287943    93.331    93.331  2 52604.51526728 20.190
 12 128.673917  61.286880    93.521    93.521  2 52639.51524937 15.551
 13 128.688008  61.289712    93.163    93.163  2 52674.51524489 13.720
 14 128.677026  61.287702    93.153    93.153  2 52709.51526088 13.025
 18 128.676005  61.287556    96.947    96.947  2 52849.51536199 33.035
 21 128.679108  61.287782    93.437    93.437  2 52954.51531690 29.553
 22 128.690413  61.288810    93.384    93.384  2 52989.51532643 19.665
 29 128.695497  61.290925    97.389    97.614  3 53234.51535520 26.433
 35 128.696527  61.290102    95.225    95.225  2 53444.51530780  8.905
 38 128.682065  61.288323    97.888    97.888  2 53549.51541326 24.980
 40 128.693465  61.291111    96.720    96.720  2 53619.51533269 45.521
 70 128.686060  61.287551    97.870    97.870  2 54669.51525444 42.865
 73 128.689180  61.290694    93.480    93.480  2 54774.51519931 33.291
 76 128.680408  61.287930    93.623    93.623  2 54879.51521391 13.853
 77 128.690529  61.289997    93.727    93.727  2 54914.51520155 12.145
 82 128.691990  61.289623   102.461   102.461  2 55089.51518373 39.742
 84 128.688765  61.288807    93.832    93.832  2 55159.51514457 23.677
 86 128.691263  61.288678    93.893    93.893  2 55229.51514675 15.486
 88 128.693118  61.289189    94.071    94.071  2 55299.51512977 11.135
 91 128.680196  61.288441    94.282    94.282  2 55404.51513181 34.595
 92 128.688403  61.290392    96.198    96.198  2 55439.51513324 45.947
 93 128.694141  61.290599    94.071    94.071  2 55474.51507890 34.977
