# NaN NaN NaN ;Mean Elev.(m), Avg Gradient(m/km), RMS Gradient(m/km) - SRTM1     
#  102.543  -3.731  69.937 ;Mean Elev.(m), Avg Gradient(m/km), RMS Gradient(m/km) - ASTER GDEM
#   94.000  -3.069  70.016 ;Mean Elev.(m), Avg Gradient(m/km), RMS Gradient(m/km) - GMTED2010 
  8   105.888 52489.52514212 43.47 125.457364  60.801050 21.178
  8   111.397 52489.52514277 41.02 125.455064  60.804210 21.178
  8   106.155 52489.52514341 41.09 125.452774  60.807370 21.178
  8   105.452 52489.52514406 41.44 125.450484  60.810530 21.178
  8   108.823 52489.52514470 38.13 125.448184  60.813690 21.178
  8   106.540 52489.52514535 40.28 125.445894  60.816850 21.178
  9   109.237 52524.52511863 28.97 125.460639  60.799386 12.977
  9   109.482 52524.52511927 29.54 125.458349  60.802546 12.977
  9   109.249 52524.52511992 31.07 125.456049  60.805706 12.977
  9   110.056 52524.52512056 30.88 125.453759  60.808866 12.977
  9   110.251 52524.52512121 34.58 125.451469  60.812036 12.977
  9   110.986 52524.52512185 37.97 125.449169  60.815196 12.977
  9   107.499 52524.52512250 44.45 125.446879  60.818356 12.977
 10   103.640 52559.52516796 19.13 125.445427  60.796995 18.787
 10   104.759 52559.52516860 18.61 125.443137  60.800165 18.787
 10   105.155 52559.52516925 22.23 125.440837  60.803325 18.787
 10   105.600 52559.52516989 25.99 125.438547  60.806485 18.787
 10   106.325 52559.52517054 27.60 125.436247  60.809645 18.787
 10   106.092 52559.52517118 31.09 125.433957  60.812805 18.787
 11   103.451 52594.52517225 18.92 125.447867  60.797342 16.027
 11   104.311 52594.52517289 21.22 125.445567  60.800502 16.027
 11   104.261 52594.52517354 24.88 125.443277  60.803662 16.027
 11   105.328 52594.52517418 21.91 125.440987  60.806822 16.027
 11   104.659 52594.52517483 19.26 125.438687  60.809982 16.027
 11   104.151 52594.52517547 18.43 125.436397  60.813142 16.027
 13   103.328 52664.52513399 10.78 125.451462  60.798273  9.576
 13   104.671 52664.52513464 11.30 125.449172  60.801433  9.576
 13   105.060 52664.52513528 11.24 125.446872  60.804603  9.576
 13   105.542 52664.52513593 11.38 125.444582  60.807763  9.576
 13   106.283 52664.52513657 10.39 125.442292  60.810923  9.576
 13   106.274 52664.52513722 10.25 125.439992  60.814083  9.576
 14   105.827 52699.52510840 10.09 125.445115  60.799655  8.161
 14   105.632 52699.52510905 10.25 125.442815  60.802815  8.161
 14   106.422 52699.52510969 10.30 125.440525  60.805985  8.161
 14   108.075 52699.52511033  8.60 125.438225  60.809145  8.161
 14   106.885 52699.52511098  9.39 125.435935  60.812305  8.161
 14   106.730 52699.52511162  8.67 125.433635  60.815465  8.161
 15   102.647 52734.52513658 15.71 125.459590  60.801861  6.625
 15   103.113 52734.52513722 15.31 125.457300  60.805021  6.625
 15   104.076 52734.52513787 13.30 125.455000  60.808181  6.625
 15   104.362 52734.52513851 14.55 125.452710  60.811341  6.625
 15   104.775 52734.52513916 12.57 125.450410  60.814501  6.625
 15   104.934 52734.52513980 11.66 125.448120  60.817671  6.625
 18   115.584 52839.52522464  4.87 125.440762  60.806350 11.829
 18   114.847 52839.52522529 12.02 125.438462  60.809510 11.829
 18   116.529 52839.52522593 21.23 125.436162  60.812670 11.829
 19   108.888 52874.52526245 33.50 125.448158  60.798903 13.194
 19   111.406 52874.52526309 30.71 125.445868  60.802063 13.194
 19   107.520 52874.52526374 29.82 125.443568  60.805233 13.194
 19   107.825 52874.52526438 30.58 125.441278  60.808393 13.194
 19   107.549 52874.52526503 29.29 125.438978  60.811553 13.194
 19   107.130 52874.52526567 43.33 125.436688  60.814713 13.194
 21   103.652 52944.52517446 42.14 125.446176  60.798940 20.807
 21   103.916 52944.52517511 45.20 125.443886  60.802100 20.807
 21   103.807 52944.52517575 44.93 125.441586  60.805260 20.807
 21   103.772 52944.52517640 40.24 125.439296  60.808430 20.807
 21   104.056 52944.52517704 28.49 125.436996  60.811590 20.807
 21   104.761 52944.52517769 24.47 125.434696  60.814750 20.807
 22   104.986 52979.52522661 17.90 125.446726  60.799173 13.571
 22   104.770 52979.52522725 18.05 125.444426  60.802343 13.571
 22   105.250 52979.52522790 18.45 125.442136  60.805503 13.571
 22   104.819 52979.52522854 18.48 125.439836  60.808663 13.571
 22   104.989 52979.52522919 17.91 125.437546  60.811823 13.571
 22   105.218 52979.52522983 15.71 125.435246  60.814983 13.571
 23   105.191 53014.52522408 10.64 125.454704  60.799255  9.846
 23   104.806 53014.52522473 11.70 125.452414  60.802415  9.846
 23   104.877 53014.52522537 12.02 125.450114  60.805575  9.846
 23   105.419 53014.52522602 11.49 125.447824  60.808735  9.846
 23   104.825 53014.52522666 11.68 125.445534  60.811895  9.846
 23   106.554 53014.52522731 10.61 125.443234  60.815065  9.846
 24   104.786 53049.52519666 10.57 125.445629  60.796853  8.770
 24   105.507 53049.52519731  9.37 125.443339  60.800013  8.770
 24   106.445 53049.52519795 10.45 125.441039  60.803173  8.770
 24   106.696 53049.52519859  9.35 125.438749  60.806343  8.770
 24   107.034 53049.52519924  8.78 125.436449  60.809503  8.770
 24   107.471 53049.52519988 10.08 125.434159  60.812663  8.770
 25   105.661 53084.52523260 11.07 125.449950  60.798445 10.189
 25   106.590 53084.52523324 10.82 125.447660  60.801605 10.189
 25   106.646 53084.52523389  9.75 125.445370  60.804775 10.189
 25   107.001 53084.52523453 11.03 125.443070  60.807935 10.189
 25   108.273 53084.52523518 10.44 125.440780  60.811095 10.189
 25   111.398 53084.52523582 10.38 125.438480  60.814255 10.189
 26   113.757 53119.52520452  6.09 125.437646  60.805277 11.622
 26   113.059 53119.52520516  9.40 125.435346  60.808437 11.622
 26   112.773 53119.52520581  9.11 125.433056  60.811597 11.622
 29   110.797 53224.52525709 42.19 125.457708  60.800024 14.056
 29   111.937 53224.52525774 42.26 125.455408  60.803184 14.056
 29   111.467 53224.52525838 40.81 125.453118  60.806344 14.056
 29   109.523 53224.52525903 40.84 125.450828  60.809504 14.056
 29   112.601 53224.52525967 42.88 125.448528  60.812674 14.056
 29   110.896 53224.52526032 41.11 125.446238  60.815834 14.056
 29   112.582 53224.52526096 39.94 125.443938  60.818994 14.056
 30   112.698 53259.52523240  9.27 125.455337  60.801769 17.708
 30   113.026 53259.52523304 10.07 125.453037  60.804929 17.708
 30   114.653 53259.52523369 11.41 125.450747  60.808089 17.708
 30   114.846 53259.52523433 13.21 125.448457  60.811259 17.708
 30   115.772 53259.52523498 16.78 125.446157  60.814419 17.708
 30   114.899 53259.52523562 15.88 125.443867  60.817579 17.708
 32   327.229 53329.52523145 11.48 125.453226  60.800144 18.033
 32   326.062 53329.52523210 11.89 125.450926  60.803304 18.033
 32   328.745 53329.52523274 11.90 125.448636  60.806464 18.033
 32   324.495 53329.52523338 12.17 125.446336  60.809624 18.033
 32   326.131 53329.52523403 12.46 125.444046  60.812784 18.033
 32   325.135 53329.52523467 12.92 125.441746  60.815944 18.033
 33   112.237 53364.52518377  6.79 125.456491  60.809161  6.549
 33   122.104 53364.52518441  9.42 125.454201  60.812321  6.549
 35   105.692 53434.52519647 10.83 125.460743  60.800089 13.210
 35   105.178 53434.52519712 10.19 125.458453  60.803259 13.210
 35   105.992 53434.52519776 10.74 125.456153  60.806419 13.210
 35   105.737 53434.52519841 10.45 125.453863  60.809579 13.210
 35   105.708 53434.52519905 11.54 125.451573  60.812739 13.210
 35   105.703 53434.52519970 13.19 125.449273  60.815899 13.210
 35   105.554 53434.52520034 13.85 125.446983  60.819059 13.210
 39   110.656 53574.52527813 17.62 125.452243  60.801041  7.543
 39   110.786 53574.52527877 19.27 125.449953  60.804201  7.543
 39   110.747 53574.52527942 17.86 125.447653  60.807361  7.543
 39   109.463 53574.52528006 19.65 125.445363  60.810521  7.543
 39   110.677 53574.52528071 18.56 125.443063  60.813681  7.543
 39   110.367 53574.52528135 20.35 125.440773  60.816841  7.543
 40   107.556 53609.52522798 12.68 125.461287  60.799999 10.736
 40   106.919 53609.52522862 14.45 125.458997  60.803169 10.736
 40   107.357 53609.52522927 16.23 125.456707  60.806329 10.736
 40   107.874 53609.52522991 19.19 125.454407  60.809489 10.736
 40   107.471 53609.52523055 22.46 125.452117  60.812649 10.736
 40   107.142 53609.52523120 28.72 125.449827  60.815809 10.736
 40   106.642 53609.52523184 29.83 125.447527  60.818969 10.736
 41   109.185 53644.52523312 25.66 125.434402  60.809447 18.535
 41   109.518 53644.52523376 31.64 125.432102  60.812607 18.535
 42   104.720 53679.52524828 29.78 125.449157  60.798866 19.542
 42   107.612 53679.52524892 32.60 125.446867  60.802026 19.542
 42   104.824 53679.52524957 32.24 125.444567  60.805196 19.542
 42   105.880 53679.52525021 30.16 125.442277  60.808356 19.542
 42   105.439 53679.52525086 26.07 125.439987  60.811516 19.542
 42   104.777 53679.52525150 23.77 125.437687  60.814676 19.542
 43   104.704 53714.52517679 15.06 125.461313  60.802482 12.945
 43   104.553 53714.52517744 16.11 125.459023  60.805652 12.945
 43   104.805 53714.52517808 14.79 125.456723  60.808812 12.945
 43   104.882 53714.52517873 14.87 125.454433  60.811972 12.945
 44   105.190 53749.52509178 13.81 125.445924  60.797516 12.290
 44   105.568 53749.52509242 14.33 125.443634  60.800686 12.290
 44   107.402 53749.52509307 13.85 125.441334  60.803846 12.290
 44   107.264 53749.52509371 14.59 125.439044  60.807006 12.290
 44   107.276 53749.52509436 13.73 125.436744  60.810166 12.290
 44   106.642 53749.52509500 15.09 125.434454  60.813326 12.290
 45   107.437 53784.52512233 10.51 125.458367  60.799542 11.041
 45   104.704 53784.52512297 11.27 125.456067  60.802712 11.041
 45   106.584 53784.52512362 11.07 125.453777  60.805872 11.041
 45   106.272 53784.52512426 10.74 125.451487  60.809032 11.041
 45   106.329 53784.52512491  9.81 125.449187  60.812192 11.041
 45   106.132 53784.52512555 11.75 125.446897  60.815352 11.041
 45   106.958 53784.52512619 10.72 125.444597  60.818512 11.041
 46   105.606 53819.52508315 10.77 125.467196  60.802758 10.472
 46   105.156 53819.52508379 10.64 125.464906  60.805918 10.472
 46   104.637 53819.52508444 12.72 125.462606  60.809078 10.472
 46   106.280 53819.52508508 10.58 125.460316  60.812238 10.472
 46   106.090 53819.52508573 10.73 125.458026  60.815408 10.472
 48   119.616 53889.52517585  7.20 125.448065  60.811492  6.880
 48   111.878 53889.52517650 12.71 125.445765  60.814652  6.880
 48   117.088 53889.52517714 22.88 125.443471  60.817820 18.364
 50   110.547 53959.52522961 10.95 125.450785  60.797965 22.790
 50   111.512 53959.52523026 11.50 125.448495  60.801125 22.790
 50   113.658 53959.52523090 12.91 125.446195  60.804285 22.790
 50   113.770 53959.52523155 14.84 125.443905  60.807445 22.790
 50   114.220 53959.52523219 19.36 125.441615  60.810605 22.790
 50   116.346 53959.52523284 26.69 125.439315  60.813775 22.790
 53   108.290 54064.52521421  7.75 125.457988  60.799651  7.768
 53   107.873 54064.52521485 10.05 125.455698  60.802811  7.768
 53   105.232 54064.52521550 11.10 125.453398  60.805971  7.768
 53   105.737 54064.52521614  9.11 125.451108  60.809131  7.768
 53   106.470 54064.52521678  9.49 125.448818  60.812291  7.768
 53   106.853 54064.52521743  9.24 125.446518  60.815461  7.768
 53   106.329 54064.52521807  9.90 125.444228  60.818621  7.768
 54   106.754 54099.52518034  6.80 125.459099  60.801240  7.259
 54   106.724 54099.52518099  6.95 125.456809  60.804400  7.259
 54   106.818 54099.52518163  7.30 125.454509  60.807560  7.259
 54   109.590 54099.52518228  6.60 125.452219  60.810720  7.259
 54   108.468 54099.52518292  7.15 125.449929  60.813880  7.259
 54   109.512 54099.52518357  8.05 125.447629  60.817050  7.259
 55   108.225 54134.52513922  5.79 125.444561  60.798017  7.599
 55   108.668 54134.52513987  6.66 125.442271  60.801177  7.599
 55   110.216 54134.52514051  6.72 125.439971  60.804337  7.599
 55   108.369 54134.52514116  8.69 125.437681  60.807507  7.599
 55   107.506 54134.52514180 12.08 125.435381  60.810667  7.599
 55   111.764 54134.52514245  8.79 125.433091  60.813827  7.599
 57   115.060 54204.52514361  7.77 125.442950  60.798932 11.887
 57   115.919 54204.52514426  8.34 125.440660  60.802092 11.887
 57   115.179 54204.52514490 11.56 125.438360  60.805252 11.887
 57   115.104 54204.52514554 12.46 125.436064  60.808418 14.961
 57   113.992 54204.52514619 16.76 125.433774  60.811578 14.961
 57   112.679 54204.52514683 16.43 125.431474  60.814738 14.961
 61   120.415 54344.52517567  2.53 125.451357  60.814424  9.826
 61   121.258 54344.52517632  8.39 125.449061  60.817587 17.217
 62   110.805 54379.52513227 14.46 125.446534  60.799027 18.578
 62   110.884 54379.52513292 13.87 125.444244  60.802187 18.578
 62   112.224 54379.52513356 14.68 125.441944  60.805347 18.578
 62   114.338 54379.52513421 17.14 125.439654  60.808507 18.578
 62   112.743 54379.52513485 20.04 125.437354  60.811667 18.578
 62   116.190 54379.52513550 24.23 125.435064  60.814827 18.578
 63   104.204 54414.52512099 38.92 125.454887  60.799820 19.056
 63   104.293 54414.52512163 40.15 125.452587  60.802980 19.056
 63   104.267 54414.52512227 36.06 125.450297  60.806140 19.056
 63   103.553 54414.52512292 39.83 125.448007  60.809300 19.056
 63   104.204 54414.52512356 28.72 125.445707  60.812460 19.056
 63   103.209 54414.52512421 25.76 125.443417  60.815620 19.056
 64   105.629 54449.52509918 17.14 125.444731  60.797233 13.538
 64   105.620 54449.52509983 18.21 125.442441  60.800393 13.538
 64   105.838 54449.52510047 17.88 125.440141  60.803553 13.538
 64   105.802 54449.52510111 19.33 125.437851  60.806713 13.538
 64   106.047 54449.52510176 19.38 125.435551  60.809873 13.538
 64   105.946 54449.52510240 19.46 125.433261  60.813033 13.538
 65   104.926 54484.52511528 13.31 125.454025  60.798242 11.195
 65   105.841 54484.52511592 14.58 125.451725  60.801402 11.195
 65   105.972 54484.52511657 14.48 125.449435  60.804562 11.195
 65   105.878 54484.52511721 14.32 125.447145  60.807722 11.195
 65   107.181 54484.52511786 14.17 125.444845  60.810882 11.195
 65   106.662 54484.52511850 14.05 125.442555  60.814052 11.195
 65   106.282 54484.52511914 12.75 125.440255  60.817212 11.195
 66   105.744 54519.52511411  3.85 125.443237  60.804484  3.769
 66   113.513 54519.52511475 11.37 125.440947  60.807644  3.769
 66   119.891 54519.52511540 11.64 125.438647  60.810804  3.769
 66   112.751 54519.52511604  8.49 125.436353  60.813971 12.048
 68   104.277 54589.52510903 28.64 125.448771  60.799021 16.337
 68   103.992 54589.52510968 29.66 125.446481  60.802181 16.337
 68   107.402 54589.52511032 29.01 125.444181  60.805341 16.337
 68   106.158 54589.52511097 29.68 125.441891  60.808501 16.337
 68   106.951 54589.52511161 30.80 125.439591  60.811671 16.337
 68   107.057 54589.52511226 31.08 125.437300  60.814831 10.111
 70   109.706 54659.52513449 28.35 125.449759  60.798929 13.802
 70   109.953 54659.52513513 27.43 125.447459  60.802089 13.802
 70   109.772 54659.52513578 27.54 125.445169  60.805249 13.802
 70   109.806 54659.52513642 29.11 125.442869  60.808409 13.802
 70   108.389 54659.52513707 36.63 125.440579  60.811569 13.802
 70   109.135 54659.52513771 38.12 125.438279  60.814729 13.802
 73   104.330 54764.52509192 40.71 125.452700  60.798081 18.462
 73   107.432 54764.52509257 43.73 125.450410  60.801251 18.462
 73   105.437 54764.52509321 44.05 125.448110  60.804411 18.462
 73   104.543 54764.52509386 46.41 125.445820  60.807571 18.462
 73   104.839 54764.52509450 43.93 125.443520  60.810731 18.462
 73   105.684 54764.52509514 27.91 125.441230  60.813891 18.462
 73   106.678 54764.52509579 26.59 125.438930  60.817051 18.462
 74   104.673 54799.52508360 17.33 125.439146  60.803360 12.296
 74   105.667 54799.52508424 17.84 125.436846  60.806520 12.296
 74   105.684 54799.52508488 18.30 125.434556  60.809680 12.296
 74   105.724 54799.52508553 15.46 125.432258  60.812844  5.607
 75   105.052 54834.52508333 13.42 125.452702  60.799752 10.969
 75   105.314 54834.52508397 14.28 125.450402  60.802912 10.969
 75   105.589 54834.52508462 13.65 125.448112  60.806072 10.969
 75   105.834 54834.52508526 14.66 125.445822  60.809232 10.969
 75   106.753 54834.52508591 13.50 125.443522  60.812392 10.969
 75   106.683 54834.52508655 12.89 125.441232  60.815552 10.969
 76   106.515 54869.52507974  9.30 125.443848  60.799366 10.029
 76   107.242 54869.52508039 10.01 125.441548  60.802526 10.029
 76   108.090 54869.52508103  9.80 125.439258  60.805686 10.029
 76   107.239 54869.52508167  9.78 125.436958  60.808846 10.029
 76   107.538 54869.52508232  9.46 125.434662  60.812013  4.937
 77   111.320 54904.52509243  6.68 125.456688  60.801161 14.819
 77   111.531 54904.52509307  7.45 125.454398  60.804321 14.819
 77   113.528 54904.52509371  6.88 125.452098  60.807481 14.819
 77   111.188 54904.52509436  7.87 125.449808  60.810641 14.819
 77   112.097 54904.52509500  8.22 125.447518  60.813801 14.819
 77   111.516 54904.52509565  8.35 125.445218  60.816961 14.819
 78   115.579 54939.52507354  5.79 125.438058  60.811199 13.546
 78   112.356 54939.52507418 13.11 125.435768  60.814359 13.546
 81   108.273 55044.52510493 20.68 125.450395  60.800568 18.950
 81   108.605 55044.52510558 19.98 125.448105  60.803728 18.950
 81   111.562 55044.52510622 19.96 125.445815  60.806888 18.950
 81   115.642 55044.52510687 21.11 125.443515  60.810048 18.950
 81   109.136 55044.52510751 27.46 125.441225  60.813208 18.950
 81   108.050 55044.52510816 35.83 125.438925  60.816368 18.950
 82   107.751 55079.52508119 15.46 125.457566  60.802275  8.567
 82   108.354 55079.52508184 18.10 125.455276  60.805435  8.567
 82   109.538 55079.52508248 17.26 125.452976  60.808595  8.567
 82   110.533 55079.52508313 19.19 125.450686  60.811755  8.567
 82   111.769 55079.52508377 29.34 125.448396  60.814915  8.567
 82   109.810 55079.52508442 34.02 125.446096  60.818075  8.567
 84   104.709 55149.52503683 17.65 125.451072  60.800070 12.692
 84   104.276 55149.52503748 17.97 125.448772  60.803230 12.692
 84   105.786 55149.52503812 17.82 125.446482  60.806390 12.692
 84   106.114 55149.52503877 17.15 125.444182  60.809550 12.692
 84   106.113 55149.52503941 16.25 125.441892  60.812710 12.692
 84   106.178 55149.52504006 17.14 125.439592  60.815870 12.692
 85   104.766 55184.52501996 14.35 125.445175  60.796769 11.792
 85   108.331 55184.52502060 14.87 125.442875  60.799929 11.792
 85   105.615 55184.52502125 16.58 125.440585  60.803089 11.792
 85   105.894 55184.52502189 16.80 125.438285  60.806249 11.792
 85   106.133 55184.52502254 19.83 125.435995  60.809409 11.792
 85   107.105 55184.52502318 17.81 125.433699  60.812576  5.734
 86   105.034 55219.52503482 13.97 125.453156  60.800646 10.910
 86   105.656 55219.52503547 13.83 125.450856  60.803806 10.910
 86   105.982 55219.52503611 14.28 125.448566  60.806966 10.910
 86   106.610 55219.52503676 12.84 125.446276  60.810126 10.910
 86   106.802 55219.52503740 12.83 125.443976  60.813286 10.910
 86   107.173 55219.52503805 12.62 125.441686  60.816446 10.910
 87   105.922 55254.52501637 11.60 125.446831  60.799877 11.733
 87   107.056 55254.52501702 10.55 125.444531  60.803037 11.733
 87   107.111 55254.52501766 10.77 125.442241  60.806197 11.733
 87   108.197 55254.52501830 11.16 125.439941  60.809357 11.733
 87   108.126 55254.52501895  9.85 125.437651  60.812523  5.443
 87   107.917 55254.52501959 11.40 125.435351  60.815683  5.443
 88   105.347 55289.52502424 10.99 125.459003  60.800011 11.299
 88   105.562 55289.52502488 10.24 125.456713  60.803181 11.299
 88   106.191 55289.52502553 11.16 125.454413  60.806341 11.299
 88   106.154 55289.52502617 11.44 125.452123  60.809501 11.299
 88   107.689 55289.52502682 10.94 125.449833  60.812661 11.299
 88   107.716 55289.52502746 13.11 125.447533  60.815821 11.299
 88   109.318 55289.52502811 10.48 125.445243  60.818981 11.299
 91   110.146 55394.52500554 41.00 125.446564  60.799651 11.108
 91   110.171 55394.52500619 39.54 125.444274  60.802811 11.108
 91   109.343 55394.52500683 41.67 125.441974  60.805971 11.108
 91   109.563 55394.52500748 41.46 125.439684  60.809131 11.108
 91   105.796 55394.52500812 40.74 125.437384  60.812291 11.108
 91   106.529 55394.52500877 41.54 125.435088  60.815458  8.373
 92   112.853 55429.52501684 35.77 125.451356  60.800470 22.153
 92   113.164 55429.52501749 39.15 125.449066  60.803630 22.153
 92   114.408 55429.52501813 39.46 125.446776  60.806790 22.153
 92   112.379 55429.52501878 39.04 125.444476  60.809950 22.153
 92   112.971 55429.52501942 31.80 125.442186  60.813110 22.153
 92   112.227 55429.52502007 37.18 125.439886  60.816270 22.153
 93   105.050 55464.52497888 16.90 125.462830  60.800382 14.513
 93   105.236 55464.52497952 18.28 125.460540  60.803542 14.513
 93   105.321 55464.52498017 21.14 125.458250  60.806712 14.513
 93   106.322 55464.52498081 21.51 125.455950  60.809872 14.513
 93   106.469 55464.52498145 25.45 125.453660  60.813032 14.513
