# NaN NaN NaN ;Mean Elev.(m), Avg Gradient(m/km), RMS Gradient(m/km) - SRTM1     
#   11.000  -1.813  16.314 ;Mean Elev.(m), Avg Gradient(m/km), RMS Gradient(m/km) - ASTER GDEM
#   17.916   1.078  14.246 ;Mean Elev.(m), Avg Gradient(m/km), RMS Gradient(m/km) - GMTED2010 
  7 123.885730  68.454629    21.162    21.079  8 52477.51079307 19.533
  8 123.895758  68.466944    19.079    19.208  9 52512.51073798 26.623
  9 123.884589  68.447993    17.972    17.992  9 52547.51077294 40.356
 10 123.887106  68.457427    18.318    18.504  8 52582.51078224 24.842
 11 123.892226  68.461871    23.348    23.426  9 52617.51075567 15.357
 12 123.889009  68.457588    22.695    22.633  9 52652.51072975 13.808
 13 123.894437  68.463762    22.440    22.853  9 52687.51072823 11.333
 14 123.886452  68.457123    29.414    25.249  9 52722.51077451 10.514
 15 123.887514  68.456969    61.368    61.205  6 52757.51079657  2.333
 16 123.882792  68.450073    19.662    19.641  9 52792.51074717 28.698
 17 123.884542  68.452894    20.984    20.925  9 52827.51081580 25.658
 18 123.886093  68.455503    21.307    21.417  9 52862.51086142 20.400
 19 123.888835  68.459218    21.430    21.528  9 52897.51089175 20.898
 20 123.893455  68.463681    16.634    16.601  9 52932.51083875 46.575
 21 123.885182  68.451114    23.533    23.496  9 52967.51084122 16.160
 22 123.886726  68.454733    23.719    23.661  9 53002.51086715 11.384
 23 123.891728  68.463540    22.718    22.588 10 53037.51081772  9.814
 24 123.880522  68.463196    56.948    55.587  4 53072.51084331  1.091
 25 123.891113  68.467667    58.613    58.176  8 53107.51081913  2.052
 26 123.885179  68.453083    20.880    21.124  9 53142.51085029  7.295
 27 123.888382  68.457457    25.697    25.581  9 53177.51087467 26.124
 28 123.887007  68.457632    21.734    21.871  9 53212.51089486 19.784
 29 123.893134  68.461771    23.450    21.969  9 53247.51086423 18.333
 30 123.885053  68.445601    19.130    19.124  9 53282.51085098 53.345
 31 123.887569  68.456058    21.493    21.489  9 53317.51085580 17.669
 32 123.893695  68.464104    22.262    22.308  9 53352.51082279 13.055
 33 123.885615  68.446787    24.323    24.363  9 53387.51081255 10.576
 34 123.889352  68.463371    23.555    23.538  9 53422.51081665  9.928
 35 123.891257  68.445607    68.822    68.822  2 53457.51081880  0.943
 37 123.889225  68.460634    74.093    74.870  9 53527.51088658  4.397
 38 123.888497  68.457039    22.980    22.947  9 53562.51091513 18.648
 39 123.893787  68.464823    22.842    22.651 10 53597.51085616 18.384
 40 123.885981  68.441935    21.778    21.286  9 53632.51084759 19.399
 41 123.885217  68.454649    15.872    15.819  9 53667.51087215 43.006
 42 123.890265  68.464473    19.692    19.604  9 53702.51081953 17.050
 43 123.899702  68.470926    25.406    22.862 10 53737.51073019 12.469
 47 123.886815  68.455809    16.581    16.561  9 53877.51079552 42.689
 48 123.883396  68.453357    27.133    26.962  9 53912.51084686 13.733
 49 123.886510  68.455020    18.807    18.789  8 53947.51086220 45.409
 50 123.890929  68.463473    23.547    23.765  9 53982.51080603 16.775
 51 123.884714  68.450442    20.635    20.579  9 54017.51083109 32.221
 52 123.890692  68.460525    21.325    21.074  9 54052.51082805 18.000
 53 123.890185  68.462811    22.092    21.954  9 54087.51082034 15.369
 54 123.899264  68.470528    25.181    23.379 10 54122.51074524 11.034
 55 123.887460  68.457717    24.509    24.546  8 54157.51078147 10.129
 56 123.896529  68.466730    23.893    23.975  9 54192.51074402  8.536
 57 123.875428  68.465018    28.431    28.431  2 54227.51079498  6.142
 58 123.886621  68.457325    29.189    29.192  8 54262.51081240 52.396
 59 123.889015  68.459834    22.497    22.200  8 54297.51081753 24.936
 60 123.890173  68.463468    21.527    21.594  9 54332.51080842 23.461
 61 123.893850  68.467151    21.767    21.832  9 54367.51075006 25.179
 62 123.889900  68.459370    16.358    16.311  9 54402.51075057 45.187
 63 123.893040  68.463004    20.481    19.928  9 54437.51070825 11.611
 64 123.887508  68.454692    23.857    23.649  9 54472.51073505  9.396
 65 123.893940  68.466207    60.753    60.572 10 54507.51072010  1.405
 66 123.887997  68.460073    71.338    71.646  4 54542.51075056  0.578
 68 123.889009  68.459223    27.067    27.043  9 54612.51074142 33.871
 69 123.887685  68.458303    25.582    24.292  8 54647.51074823 15.656
 70 123.889509  68.461083    21.012    21.129  9 54682.51074937 19.681
 71 123.894433  68.467045    24.277    22.766  9 54717.51069827 16.900
 72 123.886262  68.455176    18.601    18.618  8 54752.51072059 26.900
 73 123.893742  68.462652    19.215    18.281  9 54787.51068767 17.476
 74 123.886491  68.454296    22.607    22.426  9 54822.51071481 13.922
 75 123.891231  68.465152    21.590    21.057  9 54857.51068421 11.609
 76 123.888181  68.460285    22.920    22.758  9 54892.51071850 10.305
 77 123.895536  68.465468    23.893    21.604  9 54927.51068226  8.990
 78 123.886670  68.456184    17.755    17.304  9 54962.51071721 28.333
 79 123.888092  68.457274    28.907    27.563  9 54997.51073817 15.942
 80 123.888181  68.459398    20.695    20.706  8 55032.51072807 51.758
 81 123.891021  68.463101    21.936    22.071  9 55067.51071735 17.718
 82 123.894264  68.467267    24.034    23.278  9 55102.51065735 18.293
 83 123.885656  68.457943    16.193    16.231  9 55137.51066294 46.078
 84 123.894449  68.463526    18.142    17.605  9 55172.51062522 18.380
 85 123.886822  68.455080    22.461    22.375  8 55207.51065667 14.968
 86 123.893123  68.466778    20.986    20.798  9 55242.51063051 12.639
 87 123.890733  68.460210    22.359    22.906  9 55277.51065135 11.648
 88 123.893881  68.465551    16.890    17.766  9 55312.51061584 15.162
 89 123.889546  68.460694    29.269    29.267  8 55347.51062158 52.219
 90 123.888994  68.462817    22.502    22.467  9 55382.51061298 53.298
 91 123.885688  68.455762    20.724    20.861  9 55417.51063993 18.280
 92 123.892138  68.464152    24.040    22.419 10 55452.51062286 17.172
 93 123.896403  68.468485    15.830    15.732  9 55487.51054554 44.248
