# NaN NaN NaN ;Mean Elev.(m), Avg Gradient(m/km), RMS Gradient(m/km) - SRTM1     
#    8.859   0.049   1.480 ;Mean Elev.(m), Avg Gradient(m/km), RMS Gradient(m/km) - ASTER GDEM
#    1.000  -0.064   1.197 ;Mean Elev.(m), Avg Gradient(m/km), RMS Gradient(m/km) - GMTED2010 
  7 128.244452  72.152423     1.403     1.328  6 52456.48363794  8.243
 10 128.236784  72.151004     0.843     0.840  5 52561.48363919 43.661
 12 128.236170  72.149316     0.562     0.532  5 52631.48359075 26.883
 15 128.252020  72.154495     0.364     0.389  7 52736.48362377 25.983
 16 128.259173  72.156015     0.458     0.456  7 52771.48359849 28.125
 17 128.232754  72.147477     2.764     2.858  5 52806.48364686 19.807
 18 128.238259  72.148478     0.726     0.718  5 52841.48370643 12.714
 19 128.240515  72.149925     0.395     0.410  5 52876.48374536 34.187
 20 128.258217  72.156823     0.378     0.304  8 52911.48370829 34.137
 23 128.251790  72.154321     0.466     0.491  7 53016.48369717 24.263
 24 128.235933  72.149401     0.454     0.389  5 53051.48367436 22.436
 25 128.247848  72.153278     0.423     0.407  6 53086.48371124 21.209
 26 128.234748  72.150330     0.346     0.393  5 53121.48368128 17.352
 28 128.248566  72.153427     9.132     9.383  6 53191.48372820 11.491
 29 128.251223  72.154116    -0.020     0.120  7 53226.48373215 36.654
 30 128.254638  72.155450     0.234     0.226  8 53261.48370607 42.292
 31 128.233683  72.147983     1.218     1.245  5 53296.48373887 37.789
 32 128.243146  72.153688     0.518     0.467  6 53331.48371186 29.839
 34 128.238373  72.151222     0.546     0.458  5 53401.48368530 25.757
 35 128.257848  72.153743     0.484     0.414  8 53436.48367463 27.888
 36 128.235807  72.149225     0.638     0.605  5 53471.48372483 26.522
 37 128.244069  72.151587     0.738     0.703  6 53506.48375844 42.710
 38 128.244474  72.151896     4.094     1.355  5 53541.48376320 12.016
 39 128.250483  72.154449    -1.534    -1.429  8 53576.48375300 23.323
 40 128.260205  72.153977    11.632    12.148  8 53611.48370439 16.883
 41 128.235546  72.149346    -2.416    -2.417  4 53646.48370852 20.872
 42 128.244245  72.152849     0.123     0.093  6 53681.48372503 20.747
 43 128.256599  72.156089     0.321     0.336  8 53716.48365286 19.803
 44 128.238059  72.148473     0.323     0.196  5 53751.48357046 19.263
 45 128.251443  72.154129     0.365     0.408  7 53786.48360126 19.206
 46 128.264910  72.158548     0.410     0.404  5 53821.48355772 18.350
 47 128.233823  72.151174     0.335     0.277  5 53856.48364608 14.648
 48 128.245589  72.152253     0.403     1.887  6 53891.48365805 24.765
 49 128.235270  72.150170     0.820     0.759  5 53926.48371997 18.576
 50 128.246753  72.153730     0.070     0.178  7 53961.48370595 36.129
 52 128.238706  72.150320     1.082     1.146  5 54031.48369993 32.434
 53 128.248133  72.154867     0.387     0.379  7 54066.48369420 23.816
 54 128.257427  72.154813     0.552     0.552  8 54101.48365588 25.223
 55 128.234961  72.150728     0.219     0.190  5 54136.48362113 23.653
 56 128.253683  72.154165     0.388     0.330  8 54171.48363230 18.972
 57 128.236979  72.148158     0.425     0.341  5 54206.48362572 20.298
 58 128.246023  72.151816     0.577     0.584  6 54241.48365916 37.571
 59 128.242945  72.153358     1.735     1.726  6 54276.48367426 10.345
 61 128.259044  72.154843    -1.026    -0.926  8 54346.48364867 31.482
 62 128.238488  72.150221     0.162     0.144  5 54381.48361156 34.094
 63 128.251673  72.153651     0.250     0.303  7 54416.48359756 23.187
 64 128.234671  72.148858     0.208     0.241  4 54451.48358022 20.037
 65 128.248365  72.151946     0.282     0.231  6 54486.48359384 21.719
 66 128.240883  72.150398     0.307     0.199  5 54521.48359361 21.251
 67 128.253306  72.154662     0.404     0.431  7 54556.48360480 18.385
 68 128.240810  72.152011     0.193     0.110  5 54591.48359002 17.426
 69 128.245620  72.154039     3.688     3.681  6 54626.48360604 16.903
 70 128.241561  72.151996    -1.396    -2.100  5 54661.48361371 22.369
 71 128.255517  72.153699    -0.132    -0.006  8 54696.48359026 25.615
 72 128.236919  72.150453    11.252    13.343  4 54731.48356954 10.066
 73 128.247659  72.151662     0.803     0.815  6 54766.48356888 34.558
 74 128.236460  72.148619     0.278     0.181  5 54801.48356305 24.959
 75 128.246077  72.152738     0.438     0.456  7 54836.48356132 26.068
 76 128.236392  72.149881     0.278     0.278  4 54871.48356147 22.205
 77 128.257368  72.153713     0.412     0.382  8 54906.48356912 23.121
 78 128.237218  72.150381     0.297     0.288  4 54941.48355416 19.315
 79 128.242487  72.152357     1.562     1.566  6 54976.48358274 36.078
 80 128.246779  72.153416     1.348     1.300  7 55011.48359207 10.838
 81 128.244155  72.151941    -1.244    -1.554  6 55046.48358357 29.514
 82 128.256987  72.155446    -0.147     0.021  8 55081.48355675 33.837
 83 128.240911  72.149553     0.204     0.052  5 55116.48351513 31.146
 84 128.248458  72.151882     0.373     0.410  6 55151.48351376 22.357
 85 128.235169  72.150033     0.287     0.193  5 55186.48350145 21.066
 86 128.248503  72.152896     0.448     0.447  7 55221.48351232 22.169
 87 128.241051  72.150847     0.346     0.242  5 55256.48349738 19.554
 88 128.255659  72.155112     0.516     0.463  8 55291.48350117 22.244
 89 128.243800  72.151377     0.493     0.443  6 55326.48348236 31.041
 90 128.250206  72.153161     5.279     4.778  7 55361.48347897 11.242
 91 128.235220  72.151814    -0.980    -1.210  5 55396.48348586 22.406
 92 128.246716  72.152033    -0.066    -0.015  6 55431.48349411 31.312
 93 128.261182  72.155952     0.315     0.327  7 55466.48345458 37.862
