# NaN NaN NaN ;Mean Elev.(m), Avg Gradient(m/km), RMS Gradient(m/km) - SRTM1     
#   21.681  -1.018   3.635 ;Mean Elev.(m), Avg Gradient(m/km), RMS Gradient(m/km) - ASTER GDEM
#   27.579  -1.781   7.010 ;Mean Elev.(m), Avg Gradient(m/km), RMS Gradient(m/km) - GMTED2010 
  7    48.014 52460.12395052 22.25 124.395208  65.327960 18.572
  7    44.207 52460.12395116 18.77 124.392168  65.324860 18.572
  9    44.761 52530.12392647 21.56 124.411811  65.333347 15.813
  9    43.856 52530.12392776 19.35 124.405711  65.327147 15.813
  9    43.481 52530.12392840 19.85 124.402661  65.324047 15.813
  9    43.286 52530.12392905 28.53 124.399621  65.320947 15.813
 10    42.052 52565.12394478 46.09 124.411697  65.332189 15.833
 10    42.060 52565.12394606 40.68 124.405607  65.325989 15.833
 10    41.928 52565.12394671 44.41 124.402557  65.322889 15.833
 11    41.677 52600.12397186 22.95 124.383800  65.332354  4.491
 11    41.722 52600.12397250 24.40 124.380750  65.329254  4.491
 11    41.567 52600.12397315 24.13 124.377710  65.326154  4.491
 12    42.462 52635.12392722 16.63 124.408698  65.338181  3.578
 12    41.486 52635.12392787 19.49 124.405648  65.335081  3.578
 12    41.909 52635.12392980 19.02 124.396508  65.325781  3.578
 12    41.752 52635.12393045 19.42 124.393458  65.322681  3.578
 13    41.662 52670.12393913 17.02 124.387814  65.327630  3.195
 13    41.708 52670.12393977 16.96 124.384764  65.324530  3.195
 14    43.205 52705.12392649 15.36 124.411024  65.335454  3.090
 14    41.641 52705.12392842 15.53 124.401874  65.326154  3.090
 14    41.507 52705.12392907 16.14 124.398834  65.323054  3.090
 15    41.931 52740.12396376 10.43 124.385655  65.328958  2.203
 15    41.782 52740.12396440 10.60 124.382615  65.325858  2.203
 16    41.825 52775.12391080 36.53 124.384722  65.331171 22.951
 16    41.755 52775.12391145 31.37 124.381682  65.328071 22.951
 16    41.922 52775.12391209 34.12 124.378642  65.324971 22.951
 17    47.660 52810.12398369 23.73 124.406967  65.334954 16.809
 17    47.594 52810.12398563 25.66 124.397827  65.325654 16.809
 17    46.843 52810.12398627 22.30 124.394777  65.322554 16.809
 18    43.938 52845.12403935 28.19 124.410664  65.337194 19.250
 18    43.931 52845.12403999 27.50 124.407614  65.334094 19.250
 18    43.910 52845.12404193 48.37 124.398474  65.324794 19.250
 18    43.802 52845.12404257 46.08 124.395424  65.321694 19.250
 19    43.389 52880.12407918 21.52 124.391271  65.328057 10.750
 19    42.574 52880.12407982 22.50 124.388221  65.324957 10.750
 20    45.335 52915.12403629 31.07 124.388539  65.331399 16.338
 20    44.867 52915.12403693 19.90 124.385489  65.328299 16.338
 20    42.709 52915.12403758 20.59 124.382449  65.325199 16.338
 21    44.465 52950.12399484 17.50 124.417138  65.332554  2.962
 21    43.954 52950.12399548 17.93 124.414088  65.329454  2.962
 21    43.402 52950.12399613 18.05 124.411048  65.326354  2.962
 21    41.114 52950.12399677 19.47 124.407998  65.323254  2.962
 21    40.861 52950.12399742 18.75 124.404948  65.320154  2.962
 22    43.381 52985.12401905 12.80 124.407191  65.335081  2.390
 22    42.177 52985.12402098 13.36 124.398051  65.325781  2.390
 22    41.771 52985.12402162 13.63 124.395011  65.322681  2.390
 23    41.857 53020.12401170 11.71 124.386532  65.328284  2.573
 23    41.828 53020.12401234 11.21 124.383492  65.325184  2.573
 24    43.549 53055.12399680  9.56 124.409778  65.332822  2.079
 24    42.752 53055.12399809  9.39 124.403688  65.326622  2.079
 24    42.643 53055.12399874  9.20 124.400638  65.323522  2.079
 25    41.848 53090.12403159  8.93 124.394596  65.350682  2.159
 25    41.581 53090.12403223  8.72 124.391546  65.347582  2.159
 25    41.573 53090.12403288  9.44 124.388496  65.344482  2.159
 25    41.806 53090.12403481  9.86 124.379354  65.335175  2.830
 25    41.592 53090.12403546  9.86 124.376314  65.332075  2.830
 25    41.532 53090.12403610 10.72 124.373264  65.328975  2.830
 25    41.490 53090.12403675 11.86 124.370224  65.325875  2.830
 26    41.138 53125.12400430 13.60 124.408513  65.334413  6.304
 26    41.339 53125.12400624 16.88 124.399363  65.325113  6.304
 26    41.096 53125.12400688 16.27 124.396323  65.322013  6.304
 27    47.587 53160.12406617 50.35 124.389781  65.329630 41.240
 27    47.622 53160.12406681 50.75 124.386741  65.326530 41.240
 29    44.615 53230.12405134 20.28 124.391710  65.326253 20.024
 29    44.545 53230.12405198 23.66 124.388660  65.323143 20.024
 30    46.676 53265.12401817 20.19 124.393598  65.348670 17.944
 30    47.167 53265.12401882 24.75 124.390548  65.345570 17.944
 30    44.973 53265.12402075 19.45 124.381412  65.336268 13.172
 30    45.115 53265.12402140 18.62 124.378362  65.333168 13.172
 30    44.639 53265.12402204 18.81 124.375322  65.330068 13.172
 30    43.005 53265.12402269 19.59 124.372282  65.326968 13.172
 31    42.744 53300.12406982 43.92 124.388171  65.326896 20.032
 31    42.912 53300.12407046 39.56 124.385121  65.323796 20.032
 32    42.359 53335.12403953 13.99 124.390182  65.328595  3.124
 32    42.499 53335.12404018 13.37 124.387132  65.325495  3.124
 33    42.373 53370.12397842 10.34 124.382212  65.331835  2.213
 33    42.424 53370.12397907 10.05 124.379172  65.328735  2.213
 33    42.334 53370.12397971 10.29 124.376132  65.325635  2.213
 35    42.137 53440.12399895  8.64 124.382826  65.331563  2.298
 35    42.279 53440.12399959  8.20 124.379786  65.328463  2.298
 35    42.388 53440.12400024  8.71 124.376746  65.325363  2.298
 36    43.113 53475.12405993 10.89 124.404582  65.339871  3.838
 36    43.980 53475.12406251 15.31 124.392392  65.327471  3.838
 36    43.894 53475.12406316 12.13 124.389342  65.324371  3.838
 37    46.888 53510.12407876 41.21 124.390890  65.326728 40.644
 37    46.904 53510.12407941 41.21 124.387850  65.323628 40.644
 38    45.534 53545.12409456 43.91 124.387040  65.331561 25.202
 38    45.419 53545.12409521 35.42 124.384000  65.328461 25.202
 38    45.433 53545.12409585 32.58 124.380950  65.325361 25.202
 40    47.093 53615.12402271 26.32 124.394416  65.348077 26.625
 40    47.226 53615.12402336 27.55 124.391366  65.344977 26.625
 40    44.824 53615.12402529 26.77 124.382232  65.335677 22.069
 40    44.818 53615.12402594 25.76 124.379182  65.332577 22.069
 40    44.638 53615.12402658 23.08 124.376142  65.329477 22.069
 40    44.452 53615.12402723 24.11 124.373102  65.326367 22.069
 41    42.821 53650.12403434 53.46 124.408540  65.336916 36.483
 41    42.832 53650.12403691 54.00 124.396360  65.324516 36.483
 42    41.892 53685.12404680 24.41 124.386803  65.330553  5.471
 42    41.939 53685.12404744 22.42 124.383763  65.327453  5.471
 42    41.769 53685.12404809 20.17 124.380713  65.324353  5.471
 43    42.088 53720.12397285 14.52 124.386484  65.332511  2.467
 43    42.240 53720.12397349 14.89 124.383434  65.329401  2.467
 43    42.198 53720.12397414 14.29 124.380394  65.326301  2.467
 44    44.083 53755.12389605 11.60 124.415798  65.333889  2.031
 44    43.979 53755.12389669 11.05 124.412748  65.330789  2.031
 44    42.630 53755.12389798 10.65 124.406648  65.324589  2.031
 44    41.713 53755.12389863 11.05 124.403608  65.321489  2.031
 45    42.155 53790.12392482 10.63 124.404871  65.340723  2.090
 45    41.885 53790.12392740  9.95 124.392691  65.328323  2.090
 45    41.968 53790.12392804  9.54 124.389641  65.325223  2.090
 46    44.418 53825.12388221  9.00 124.416859  65.331381  2.086
 46    44.294 53825.12388286  8.62 124.413809  65.328281  2.086
 46    43.478 53825.12388350  8.88 124.410759  65.325181  2.086
 46    42.826 53825.12388415  8.79 124.407709  65.322081  2.086
 47    41.413 53860.12397472 22.38 124.405506  65.339975 23.621
 47    41.728 53860.12397730 34.47 124.393316  65.327569 14.762
 47    41.895 53860.12397794 31.47 124.390266  65.324469 14.762
 48    47.612 53895.12399289 25.73 124.408308  65.338450 26.474
 48    47.962 53895.12399547 27.19 124.396128  65.326050 26.474
 48    46.842 53895.12399611 30.53 124.393078  65.322950 26.474
 49    43.958 53930.12404804 49.95 124.385597  65.333232 33.526
 49    43.897 53930.12404869 47.04 124.382557  65.330132 33.526
 49    43.855 53930.12404933 50.27 124.379507  65.327032 35.430
 50    42.252 53965.12402651 39.85 124.384108  65.333523 26.273
 50    42.167 53965.12402715 32.45 124.381058  65.330423 26.273
 50    42.110 53965.12402780 40.16 124.378018  65.327323 26.273
 51    45.925 54000.12398235 19.71 124.416586  65.330566 26.887
 51    45.604 54000.12398299 18.63 124.413537  65.327465 20.997
 51    44.810 54000.12398364 19.80 124.410487  65.324365 20.997
 51    44.827 54000.12398428 22.39 124.407437  65.321265 20.997
 52    41.849 54035.12402525 29.88 124.408318  65.337238  8.298
 52    42.223 54035.12402783 40.63 124.396133  65.324842 12.153
 53    42.601 54070.12401902 16.48 124.404027  65.340774  3.209
 53    42.630 54070.12402160 16.17 124.391835  65.328367  2.987
 53    42.771 54070.12402224 16.05 124.388795  65.325267  2.987
 54    42.844 54105.12397268 10.97 124.393674  65.346101  2.411
 54    42.673 54105.12397526 11.26 124.381494  65.333701  2.411
 54    42.798 54105.12397590 11.06 124.378444  65.330601  2.411
 54    42.739 54105.12397655 11.22 124.375404  65.327501  2.411
 55    43.355 54140.12395124  8.55 124.406648  65.336844  1.956
 55    43.205 54140.12395382  8.22 124.394455  65.324439  1.883
 56    42.528 54175.12395554  8.45 124.385539  65.331037  2.182
 56    42.402 54175.12395619  8.38 124.382489  65.327927  2.182
 56    42.609 54175.12395683  8.45 124.379449  65.324827  2.182
 57    45.160 54210.12395766 16.74 124.405921  65.337872  6.224
 57    45.177 54210.12396024 13.94 124.393741  65.325472  6.224
 57    47.095 54210.12396089 13.00 124.390691  65.322372  6.224
 58    49.856 54245.12398763 50.90 124.405010  65.340386 44.266
 58    49.865 54245.12399020 53.66 124.392820  65.327986 44.266
 58    49.812 54245.12399085 52.14 124.389780  65.324886 44.266
 59    45.464 54280.12400191 35.55 124.391515  65.327167 18.706
 59    45.453 54280.12400256 37.89 124.388465  65.324067 18.706
 60    43.486 54315.12400134 25.58 124.389378  65.327304 17.612
 60    43.824 54315.12400199 25.14 124.386328  65.324204 17.612
 61    45.701 54350.12396937 21.04 124.385077  65.331530 17.013
 61    43.300 54350.12397002 20.11 124.382027  65.328430 17.013
 61    43.366 54350.12397066 22.01 124.378987  65.325320 17.013
 62    42.595 54385.12393762 34.91 124.406243  65.337267 20.718
 62    42.431 54385.12394020 25.38 124.394059  65.324870 16.828
 63    41.503 54420.12391942 21.08 124.384900  65.330053  4.514
 63    41.759 54420.12392006 20.18 124.381850  65.326953  4.514
 64    44.076 54455.12390963 11.30 124.411669  65.335011  2.265
 64    42.506 54455.12391157 11.89 124.402519  65.325708  2.144
 64    42.515 54455.12391221 11.79 124.399479  65.322608  2.144
 65    42.294 54490.12391984 10.89 124.388270  65.328325  2.449
 65    42.126 54490.12392049 12.85 124.385220  65.325225  2.449
 66    43.370 54525.12392252  8.19 124.406694  65.336199  2.218
 66    42.595 54525.12392446  9.37 124.397554  65.326899  2.218
 66    42.079 54525.12392510  8.87 124.394514  65.323799  2.218
 67    42.570 54560.12392842  6.99 124.385381  65.330419  1.785
 67    42.408 54560.12392906  7.22 124.382331  65.327319  1.785
 67    42.960 54560.12392971  6.74 124.379291  65.324219  1.785
 68    43.694 54595.12391755 11.90 124.403833  65.340695  7.427
 68    47.933 54595.12392013 14.17 124.391643  65.328295  7.427
 68    47.736 54595.12392077 15.47 124.388603  65.325195  7.427
 69    46.602 54630.12393168 50.56 124.403373  65.341631 44.774
 69    46.592 54630.12393426 52.47 124.391183  65.329231 44.774
 69    46.609 54630.12393490 51.00 124.388143  65.326131 44.774
 70    44.319 54665.12394104 23.62 124.390464  65.328495 13.785
 70    45.383 54665.12394169 19.82 124.387424  65.325395 13.785
 71    45.805 54700.12391110 22.04 124.385376  65.331172 22.576
 71    44.968 54700.12391175 17.85 124.382326  65.328072 22.576
 71    44.904 54700.12391239 17.90 124.379286  65.324972 22.576
 72    44.456 54735.12389772 52.63 124.409467  65.337150 40.738
 72    44.598 54735.12390030 51.06 124.397277  65.324750 40.738
 73    42.020 54770.12389215 38.65 124.388153  65.327786 14.281
 73    41.974 54770.12389279 37.92 124.385113  65.324686 14.281
 74    42.775 54805.12389187 12.80 124.406693  65.336223  2.357
 74    42.276 54805.12389380 12.73 124.397543  65.326923  2.357
 74    42.191 54805.12389444 13.31 124.394503  65.323823  2.357
 75    42.206 54840.12388659 11.73 124.391413  65.328212  2.195
 75    42.373 54840.12388724 11.52 124.388363  65.325112  2.195
 76    42.821 54875.12389217  9.56 124.404951  65.337997  2.029
 76    42.242 54875.12389475 10.06 124.392761  65.325597  2.029
 77    42.089 54910.12389217  9.72 124.383213  65.332205  2.106
 77    42.113 54910.12389282  9.67 124.380173  65.329105  2.106
 77    42.646 54910.12389346  9.41 124.377133  65.326005  2.106
 78    45.254 54945.12388451 25.86 124.407055  65.338658 20.984
 78    47.258 54945.12388709 28.78 124.394865  65.326258 20.984
 78    41.420 54945.12388774 32.39 124.391825  65.323158 20.984
 79    47.230 54980.12391329 32.93 124.390597  65.329262 24.572
 79    46.824 54980.12391393 31.85 124.387547  65.326162 24.572
 80    45.119 55015.12391689 23.12 124.389141  65.326788 11.904
 80    45.317 55015.12391754 22.78 124.386101  65.323688 11.904
 81    42.735 55050.12391069 21.55 124.390582  65.327062 13.052
 81    43.015 55050.12391133 19.94 124.387542  65.323962 13.052
 82    47.427 55085.12387446 34.81 124.393687  65.344133 21.443
 82    45.044 55085.12387640 25.24 124.384553  65.334834 23.498
 82    44.870 55085.12387704 23.05 124.381503  65.331734 23.498
 82    43.123 55085.12387769 24.66 124.378463  65.328624 23.498
 82    43.295 55085.12387833 34.63 124.375423  65.325524 23.498
 83    43.510 55120.12384166 28.43 124.407741  65.335386 18.775
 83    42.709 55120.12384359 23.67 124.398601  65.326086 18.775
 83    42.969 55120.12384424 25.46 124.395561  65.322986 18.775
 84    41.920 55155.12383684 19.22 124.387004  65.330652  3.609
 84    42.072 55155.12383748 19.60 124.383954  65.327552  3.609
 84    41.935 55155.12383813 18.18 124.380914  65.324452  3.609
 85    44.537 55190.12383038 15.63 124.409079  65.337914  2.492
 85    43.024 55190.12383102 15.42 124.406029  65.334814  2.492
 85    42.298 55190.12383296 15.15 124.396889  65.325514  2.492
 85    42.075 55190.12383360 15.47 124.393849  65.322414  2.492
 86    42.115 55225.12383703 13.35 124.387682  65.329318  2.273
 86    42.515 55225.12383767 12.57 124.384642  65.326218  2.273
 87    42.298 55260.12382850 11.72 124.393906  65.328174  2.145
 87    42.131 55260.12382914 11.90 124.390866  65.325074  2.145
 88    42.153 55295.12382249 11.15 124.385273  65.331756  2.166
 88    42.342 55295.12382313 10.51 124.382223  65.328656  2.166
 88    42.426 55295.12382378 11.03 124.379183  65.325556  2.166
 89    41.641 55330.12380965 31.56 124.390788  65.329582 19.199
 89    41.730 55330.12381030 32.12 124.387738  65.326482 19.199
 89    41.820 55330.12381094 37.26 124.384698  65.323382 19.199
 90    46.025 55365.12380355 31.28 124.388747  65.330736 24.602
 90    44.179 55365.12380420 21.34 124.385697  65.327636 24.602
 90    44.860 55365.12380484 18.77 124.382657  65.324536 24.602
 91    46.980 55400.12381318 19.08 124.408634  65.337235 14.131
 91    44.341 55400.12381576 18.95 124.396444  65.324835 14.131
 92    42.800 55435.12381775 51.44 124.403759  65.341441 28.738
 92    42.970 55435.12382033 50.14 124.391579  65.329041 28.738
 92    42.967 55435.12382097 49.34 124.388529  65.325941 28.738
 93    47.075 55470.12377152 34.25 124.393249  65.343983 19.685
 93    45.240 55470.12377345 26.25 124.384119  65.334683 19.685
 93    45.111 55470.12377410 23.40 124.381069  65.331573 19.685
 93    42.477 55470.12377474 24.53 124.378029  65.328473 19.685
 93    42.528 55470.12377539 32.71 124.374989  65.325373 19.685
