# NaN NaN NaN ;Mean Elev.(m), Avg Gradient(m/km), RMS Gradient(m/km) - SRTM1     
#   -6.997   2.298  22.856 ;Mean Elev.(m), Avg Gradient(m/km), RMS Gradient(m/km) - ASTER GDEM
#   10.650   2.484  21.940 ;Mean Elev.(m), Avg Gradient(m/km), RMS Gradient(m/km) - GMTED2010 
  7 127.230919  70.647540     7.347     7.230  8 52446.49330681 13.172
  8 127.237537  70.652043     7.634     7.670  6 52481.49329819 42.328
 10 127.225798  70.645219     4.261     4.241  8 52551.49329796 25.251
 11 127.243368  70.655269     6.067     5.828  7 52586.49327303 13.250
 12 127.244877  70.656330     7.363     7.007  6 52621.49324799 10.121
 15 127.240973  70.649942    18.083    13.907  6 52726.49327794  4.190
 16 127.241277  70.653810     8.970     8.691  7 52761.49329446  5.265
 18 127.232525  70.648551     9.676     9.709  7 52831.49332178 23.419
 19 127.238591  70.653251     4.752     4.834  6 52866.49336586 30.426
 21 127.247852  70.657235     5.958     5.961  6 52936.49333296 27.767
 22 127.232397  70.649183     2.732     2.513  8 52971.49335756 19.157
 23 127.235431  70.650868     5.333     5.363  7 53006.49337076 13.762
 24 127.227044  70.644276     3.955     4.029  9 53041.49332258 11.332
 25 127.238547  70.652990     5.923     5.935  6 53076.49335651 10.627
 26 127.225208  70.644410     4.819     5.000  8 53111.49332566  7.483
 27 127.234299  70.649109     9.363     9.319  7 53146.49336932 16.649
 28 127.240582  70.652984    16.996    16.854  6 53181.49337604  9.138
 29 127.237777  70.651608     6.819     5.969  7 53216.49339889 19.529
 30 127.244316  70.656636     6.608     6.602  7 53251.49337804 48.205
 31 127.225690  70.644974     6.303     6.310  8 53286.49337083 47.369
 32 127.241509  70.653341     4.990     4.913  7 53321.49334805 22.248
 33 127.249813  70.657716     5.642     6.148  6 53356.49331709 18.300
 34 127.227639  70.646765     7.626     7.416  8 53391.49332906 11.191
 35 127.243338  70.656684     6.319     6.261  6 53426.49332647  8.438
 36 127.232149  70.648401     7.783     7.744  7 53461.49333744  6.957
 37 127.231237  70.648668     9.623     9.626  7 53496.49341559 16.101
 38 127.242265  70.655182    15.959    15.944  7 53531.49339486 10.016
 40 127.247573  70.656040     7.015     6.951  6 53601.49336320 40.117
 41 127.230569  70.644982     8.004     8.004  8 53636.49335911 39.659
 42 127.234743  70.648639     5.507     5.482  7 53671.49338055 25.922
 43 127.249122  70.657145     5.873     5.973  6 53706.49331375 16.080
 44 127.257973  70.660570     7.173     7.215  6 53741.49322686 15.749
 45 127.238081  70.652361     6.022     5.774  7 53776.49324942  8.280
 46 127.252721  70.658984     8.152     7.610  6 53811.49322924  6.734
 47 127.230196  70.647114     4.645     4.479  7 53846.49327717  6.576
 48 127.234748  70.652675     4.838     4.862  7 53881.49330128 35.319
 49 127.232086  70.650864    13.319    13.349  7 53916.49336104 48.614
 50 127.233497  70.651536     9.072     9.581  7 53951.49336748 23.241
 52 127.230153  70.649222     6.921     6.937  7 54021.49334413 42.934
 53 127.241447  70.653029     5.581     5.577  7 54056.49333614 17.542
 54 127.245144  70.657305     6.147     6.095  6 54091.49332145 13.936
 55 127.230994  70.645190     8.117     8.288  8 54126.49325153  9.128
 56 127.238169  70.653277     7.723     8.788  7 54161.49328907  7.458
 57 127.231149  70.647907     7.582     7.617  8 54196.49325397  6.423
 58 127.234567  70.652117     8.858     9.318  7 54231.49330206 13.173
 60 127.239022  70.652834     9.873     9.849  7 54301.49332424 18.470
 61 127.242285  70.654925     6.788     6.783  7 54336.49331207 50.219
 62 127.234010  70.648436     7.386     7.125  7 54371.49325598 28.990
 63 127.238951  70.654014     6.252     6.142  7 54406.49325678 23.697
 64 127.228362  70.644849     6.251     5.114  8 54441.49321423  8.800
 65 127.238780  70.651786     4.914     4.877  7 54476.49324437 13.486
 67 127.241764  70.653558     6.728     6.830  6 54546.49325879  6.369
 68 127.237624  70.651555     6.090     6.022  7 54581.49322666  9.267
 69 127.243294  70.649811   128.609   127.961  4 54616.49324746  5.870
 70 127.235212  70.652076    10.738    10.959  7 54651.49326087 17.211
 71 127.242469  70.654886     6.910     6.771  7 54686.49325318 28.012
 72 127.228171  70.647332     9.304     9.275  8 54721.49320586 14.774
 73 127.238921  70.652161     5.613     5.606  6 54756.49322759 43.304
 74 127.228123  70.645787     4.491     4.243  8 54791.49319896 16.898
 75 127.235945  70.650579     5.897     5.458  7 54826.49322454 10.712
 76 127.231529  70.647210     5.281     5.225  8 54861.49319280  8.429
 78 127.232102  70.647690     6.614     6.199  8 54931.49318990  4.901
 79 127.237440  70.652334     8.572     8.805  7 54966.49322613 22.347
 80 127.235182  70.652040    14.144    14.138  7 55001.49324604 11.527
 81 127.237610  70.652624     7.486     7.497  7 55036.49323211 17.991
 82 127.243644  70.655545     6.376     6.439  7 55071.49322053 35.282
 83 127.230831  70.646246     4.641     4.698  8 55106.49316320 26.114
 84 127.239911  70.652840     5.819     5.792  7 55141.49317004 22.567
 85 127.227806  70.646693     4.257     3.958  8 55176.49313279 13.504
 86 127.235909  70.652806     5.074     5.096  7 55211.49316480  9.829
 87 127.233960  70.647680     5.566     5.292  7 55246.49313664  7.823
 88 127.242506  70.652961     5.580     5.566  7 55281.49315844  8.256
 90 127.242523  70.653302    18.741    18.788  7 55351.49313041 30.623
 91 127.231284  70.646630     8.423     8.478  7 55386.49312467 20.251
 92 127.237830  70.653163     5.852     5.851  7 55421.49314873 38.850
 93 127.244624  70.656021     7.421     7.190  7 55456.49312384 18.876
