# NaN NaN NaN ;Mean Elev.(m), Avg Gradient(m/km), RMS Gradient(m/km) - SRTM1     
#  102.426  -9.429  16.574 ;Mean Elev.(m), Avg Gradient(m/km), RMS Gradient(m/km) - ASTER GDEM
#   86.089  -9.630  22.468 ;Mean Elev.(m), Avg Gradient(m/km), RMS Gradient(m/km) - GMTED2010 
  7 126.524136  61.080234    99.394    96.732  5 52448.10888944 15.365
  8 126.525770  61.080336   102.696   103.166  4 52483.10887791 13.757
  9 126.525657  61.081006   102.996   102.941  5 52518.10883548 13.812
 10 126.536960  61.082210   103.932   103.925  4 52553.10888478 41.510
 12 126.524593  61.080505    99.552    99.582  5 52623.10882177 18.069
 13 126.538175  61.082730    98.695    98.739  4 52658.10883607 14.383
 15 126.538195  61.083304    98.317    98.323  4 52728.10885758 10.602
 16 126.511998  61.080001   100.064    98.806  5 52763.10887192 20.746
 17 126.552533  61.085389   105.134   105.160  5 52798.10884002 36.434
 18 126.551311  61.085069   106.918   104.818  4 52833.10891085 14.810
 19 126.544522  61.083533   103.462   103.568  4 52868.10895392 34.847
 20 126.529224  61.081845   101.800   101.799  4 52903.10897033 28.466
 21 126.518356  61.080499    99.096    99.140  5 52938.10890855 41.210
 22 126.537677  61.082892    99.585    99.552  4 52973.10894159 19.860
 23 126.526434  61.081037   101.118    99.722  4 53008.10895121 12.991
 24 126.542585  61.083516   100.968    99.934  4 53043.10890686 10.292
 25 126.523583  61.079685    99.349    99.171  5 53078.10894150  8.574
 26 126.538734  61.082582    99.576    99.606  4 53113.10891086  3.579
 28 126.540778  61.082529   107.096   107.256  5 53183.10895486 22.895
 29 126.531430  61.081902   105.718   105.502  4 53218.10897952 14.054
 30 126.517368  61.080087   101.287   101.290  4 53253.10895799 38.000
 31 126.537583  61.082241   100.837   100.835  4 53288.10895787 42.244
 32 126.541070  61.082724   100.769   100.744  4 53323.10893359 19.471
 33 126.530356  61.081608   100.454   100.480  5 53358.10889873 12.551
 34 126.543010  61.083200   100.468   100.437  5 53393.10891368  9.255
 35 126.530861  61.081675   100.115    99.938  4 53428.10890892  7.253
 37 126.526739  61.080321   105.113   105.041  4 53498.10899889 28.497
 38 126.533675  61.081839   107.932   108.422  5 53533.10898061 34.999
 39 126.523164  61.080745   105.450   105.724  4 53568.10899986 18.475
 40 126.523352  61.079215   103.839   105.008  3 53603.10894559 36.021
 41 126.539957  61.083052   103.919   104.133  4 53638.10894252 12.362
 42 126.529930  61.081804    99.155    99.150  4 53673.10896363 46.085
 43 126.529959  61.081183   100.645    99.519  5 53708.10889514 12.381
 44 126.518090  61.079114    99.497    99.528  5 53743.10880693  9.889
 45 126.541093  61.082622   101.375   100.852  5 53778.10883248  7.387
 46 126.519866  61.079371   100.960   100.898  4 53813.10880894  6.191
 47 126.539591  61.083372   101.175   100.982  5 53848.10886342  2.234
 49 126.524427  61.080555   105.509   105.415  4 53918.10894577 16.646
 52 126.544635  61.084347   102.008   102.045  4 54023.10892747 36.180
 53 126.543650  61.083445   105.057   105.201  4 54058.10892030 12.865
 54 126.522489  61.079600   104.072   104.460  5 54093.10890224 10.452
 55 126.548261  61.083603   101.444   101.219  4 54128.10883771  8.578
 56 126.528610  61.080712    99.945    99.950  4 54163.10887130  7.139
 59 126.537398  61.085949   218.089   218.089  2 54268.10890222  7.590
 60 126.535396  61.082797   102.196   101.663  4 54303.10890682 26.481
 61 126.529258  61.081073   103.206   102.970  5 54338.10889283 18.393
 62 126.540501  61.082608   102.091   102.040  5 54373.10883994 45.311
 63 126.531047  61.081714    99.172    99.195  5 54408.10883823 42.795
 64 126.549319  61.084318    99.658    99.660  4 54443.10880006 21.888
 65 126.535548  61.082531    99.832    99.834  5 54478.10882718 19.861
 66 126.547176  61.083478    99.242    99.208  4 54513.10881544 15.454
 67 126.529301  61.081706    98.636    98.578  4 54548.10884123 12.339
 68 126.536919  61.081718    98.930    98.753  4 54583.10881151 10.413
 70 126.531124  61.080428   105.165   104.890  3 54653.10884447 15.924
 72 126.546458  61.082757   105.141   105.821  3 54723.10879102 16.792
 73 126.530682  61.081003   102.732   102.662  4 54758.10880960 16.208
 74 126.546659  61.084503    98.679    98.645  4 54793.10878431 39.281
 75 126.535668  61.081532   100.338   100.369  5 54828.10880743 20.925
 76 126.544750  61.083653    99.752    99.721  4 54863.10877856 13.890
 77 126.528904  61.081494    99.308    99.274  5 54898.10880778 12.232
 78 126.540206  61.082843    99.141    99.071  5 54933.10877359 10.926
 80 126.530776  61.080870   106.062   106.207  4 55003.10882860 20.206
 81 126.534992  61.082076   103.072   103.623  5 55038.10881491 22.187
 82 126.526676  61.080726   105.009   104.704  4 55073.10880099 14.093
 84 126.529210  61.081113    99.464    99.473  5 55143.10875240 26.858
 85 126.548686  61.083932   100.119   100.129  4 55178.10871878 18.822
 86 126.532636  61.081605    99.806    99.912  5 55213.10874674 16.436
 87 126.542453  61.083439    99.091    99.146  5 55248.10872002 14.643
 88 126.528151  61.081179    98.916    98.954  4 55283.10874065 12.733
 89 126.530169  61.079310   102.410   102.656  3 55318.10871057 22.117
 90 126.530066  61.081060   117.733   124.108  3 55353.10871326 36.971
 91 126.541918  61.083350   104.666   104.577  5 55388.10870967 36.299
 92 126.531794  61.078841   101.947   101.947  2 55423.10873119 38.505
 93 126.527248  61.081456   105.531   104.656  5 55458.10870322 12.614
