# NaN NaN NaN ;Mean Elev.(m), Avg Gradient(m/km), RMS Gradient(m/km) - SRTM1     
#  102.029  -4.540  32.010 ;Mean Elev.(m), Avg Gradient(m/km), RMS Gradient(m/km) - ASTER GDEM
#   96.977  -4.996  29.865 ;Mean Elev.(m), Avg Gradient(m/km), RMS Gradient(m/km) - GMTED2010 
  7 125.656626  60.868949   107.704   107.733  7 52467.11091044 39.733
  8 125.649031  60.865400   108.354   108.835  5 52502.11090298 13.627
  9 125.674851  60.873588   108.427   108.199  5 52537.11088647  8.755
 22 125.672885  60.878889   259.710   259.710  2 52992.11096832  0.307
 28 125.654109  60.862806   107.167   107.167  2 53202.11102130 26.906
 29 125.658628  60.868705   107.131   106.576  6 53237.11098924 45.035
 39 125.656612  60.868923   106.088   105.588  7 53587.11099965 15.076
 41 125.663395  60.869724   106.535   106.568  6 53657.11099325 14.286
 47 125.662719  60.870316   256.673   257.493  7 53867.11092664  6.884
 49 125.644673  60.863143   108.383   109.367  5 53937.11099657 17.312
 58 125.660456  60.870641   257.829   259.386  6 54252.11094041  4.317
 59 125.656379  60.866999   109.954   110.037  5 54287.11094647 13.190
 60 125.654439  60.862444   103.106   103.106  2 54322.11094452 35.552
 63 125.654723  60.868854   242.583   242.583  2 54427.11085263  0.339
 68 125.660832  60.869681   260.385   259.960  6 54602.11086949  2.036
 69 125.656186  60.868894   110.109   110.123  7 54637.11088138 12.723
 70 125.654257  60.867953   104.356   104.356  7 54672.11088498 46.651
 73 125.655921  60.869168   103.892   103.827  6 54777.11082591 37.347
 78 125.661089  60.870484   265.523   266.169  6 54952.11083952  2.408
 79 125.658113  60.869292   257.108   257.108  2 54987.11086436  0.780
 80 125.656167  60.867276   107.914   108.515  6 55022.11085741 17.700
 81 125.655543  60.867944   108.969   109.108  6 55057.11085345 12.898
 84 125.652684  60.867527   230.922   230.922  2 55162.11077172  2.222
 91 125.665712  60.871795   104.719   104.079  6 55407.11076238 28.759
 92 125.651368  60.862609   116.125   116.966  3 55442.11076363 32.165
 93 125.646424  60.866396   102.580   102.566  6 55477.11070444 41.421
