# NaN NaN NaN ;Mean Elev.(m), Avg Gradient(m/km), RMS Gradient(m/km) - SRTM1     
#   38.036 -12.165  82.798 ;Mean Elev.(m), Avg Gradient(m/km), RMS Gradient(m/km) - ASTER GDEM
#   33.235  -5.486  73.284 ;Mean Elev.(m), Avg Gradient(m/km), RMS Gradient(m/km) - GMTED2010 
  8 126.894403  64.178032    59.180    59.865  7 52505.11421334 22.202
  9 126.913995  64.173156    57.658    57.552  6 52540.11419650 45.278
 10 126.896069  64.175610    55.276    55.099  6 52575.11424189 42.729
 11 126.893480  64.175906    59.709    59.757  7 52610.11420253 18.932
 12 126.902987  64.174471    58.747    58.813  7 52645.11419260 17.731
 13 126.898407  64.175996    59.851    59.951  7 52680.11416873 14.657
 16 126.913545  64.176449    57.768    57.714  3 52785.11418469 44.018
 17 126.906138  64.171595    61.637    62.200  7 52820.11426104 17.036
 18 126.905492  64.173635    58.199    57.462  7 52855.11430899 22.998
 20 126.889929  64.181017    60.270    60.624  7 52925.11429453 25.410
 21 126.913979  64.173397    58.271    58.555  6 52960.11426252 21.286
 22 126.901495  64.174909    58.887    59.034  7 52995.11429703 13.530
 23 126.891416  64.180102    60.998    60.783  7 53030.11425967  9.741
 24 126.905176  64.173568    59.882    59.912  7 53065.11426778  9.753
 25 126.888564  64.182487    61.350    61.368  8 53100.11427304  7.268
 28 126.897482  64.176042    61.083    61.507  7 53205.11433659 18.395
 31 126.897754  64.175331    56.092    56.104  6 53310.11431913 32.448
 32 126.895998  64.177527    60.662    60.667  7 53345.11428492  8.825
 33 126.908461  64.164838    57.709    57.709  2 53380.11423796  8.520
 34 126.902026  64.174067    60.273    60.370  7 53415.11426257  7.474
 35 126.908526  64.164813    57.831    57.831  2 53450.11425770  7.470
 36 126.895585  64.175194    61.064    60.782  7 53485.11434144  9.887
 37 126.896659  64.173093    63.070    63.345  6 53520.11433737 19.373
 38 126.893308  64.178683    60.254    60.241  7 53555.11435973 46.666
 39 126.896793  64.175533    60.586    60.675  6 53590.11430364 19.713
 40 126.906187  64.173586    59.732    59.693  7 53625.11428442 46.820
 41 126.901689  64.174202    56.413    56.444  7 53660.11431092 46.157
 42 126.892901  64.177156    56.748    56.673  7 53695.11428467 32.524
 43 126.892406  64.180055    60.288    60.262  7 53730.11420701 16.026
 45 126.894090  64.176943    60.062    60.115  7 53800.11417895 12.769
 46 126.912703  64.173817    59.494    59.693  6 53835.11418052 11.122
 47 126.902171  64.175160    56.629    56.674  7 53870.11424082 31.936
 48 126.897661  64.174545    62.500    62.500  7 53905.11427616 43.691
 49 126.892535  64.178677    57.821    57.831  7 53940.11430800 46.830
 50 126.890783  64.180491    60.009    60.011  8 53975.11426612 48.909
 51 126.912460  64.172203    61.834    61.884  6 54010.11426367 16.066
 52 126.906496  64.171987    55.542    55.568  7 54045.11428161 24.798
 53 126.894869  64.178564    59.845    59.729  7 54080.11427408 15.746
 54 126.888823  64.181483    60.659    60.716  7 54115.11420857 11.074
 56 126.890048  64.180695    61.284    61.350  7 54185.11419977  7.829
 57 126.899518  64.170496    57.753    57.847  5 54220.11423246 12.846
 58 126.893864  64.170239    63.410    63.209  3 54255.11425643 23.360
 59 126.898329  64.173962    61.383    61.744  7 54290.11425825 18.284
 60 126.897934  64.174677    59.503    59.083  7 54325.11425570 27.579
 61 126.888802  64.179873    59.223    59.112  7 54360.11420859 42.661
 62 126.900999  64.173715    56.470    56.458  7 54395.11419588 39.606
 63 126.895116  64.178723    55.903    55.897  7 54430.11415886 20.028
 64 126.905861  64.174367    57.702    58.409  7 54465.11417545 16.457
 65 126.896397  64.177509    60.794    60.759  7 54500.11417077 10.398
 66 126.899586  64.174062    60.574    60.491  7 54535.11419031  7.790
 67 126.891244  64.178669    61.168    61.162  7 54570.11417358  6.673
 68 126.897187  64.171485    75.008    62.222  4 54605.11418493 23.884
 69 126.894638  64.174622    65.448    61.587  5 54640.11419453 42.309
 70 126.897366  64.176348    59.373    59.800  7 54675.11419644 20.867
 71 126.892388  64.177459    58.873    58.868  7 54710.11415301 41.396
 72 126.900798  64.174759    60.013    59.731  7 54745.11416383 22.451
 73 126.895929  64.174819    55.088    55.128  7 54780.11413769 38.750
 74 126.904015  64.174732    60.072    60.089  7 54815.11415692 11.806
 75 126.893654  64.175862    60.069    60.105  7 54850.11413605 10.472
 76 126.899413  64.173927    59.990    59.947  7 54885.11416110  9.066
 77 126.888875  64.182924    61.512    61.541  8 54920.11413661  7.502
 78 126.897244  64.169595    57.878    57.194  4 54955.11415686 26.737
 79 126.897399  64.175331    62.933    62.915  7 54990.11417959 47.717
 80 126.895519  64.175246    58.582    58.598  7 55025.11417108 36.840
 81 126.897883  64.175778    60.681    60.536  7 55060.11416489 18.265
 82 126.889105  64.180786    58.977    58.973  7 55095.11411616 44.753
 83 126.900702  64.175482    56.869    56.857  7 55130.11410703 46.900
 84 126.895056  64.175391    56.986    56.201  7 55165.11407889 22.473
 85 126.901791  64.175207    57.902    58.530  7 55200.11409867 20.051
 86 126.891297  64.177744    56.959    55.936  7 55235.11408427 17.081
 87 126.897514  64.173506    58.092    59.242  7 55270.11409370 13.697
 88 126.888983  64.177844    61.625    58.884  6 55305.11406496 13.941
 89 126.898755  64.174895    64.401    64.446  7 55340.11406485 45.447
 90 126.895951  64.175958    61.642    61.665  7 55375.11405707 16.139
 91 126.901716  64.173411    59.748    59.821  8 55410.11407923 28.675
 92 126.897049  64.175442    60.626    60.411  7 55445.11407343 18.518
 93 126.889572  64.181922    58.977    59.094  8 55480.11400770 28.027
