# NaN NaN NaN ;Mean Elev.(m), Avg Gradient(m/km), RMS Gradient(m/km) - SRTM1     
#   81.890  -3.341  11.039 ;Mean Elev.(m), Avg Gradient(m/km), RMS Gradient(m/km) - ASTER GDEM
#   70.900  -5.447  13.307 ;Mean Elev.(m), Avg Gradient(m/km), RMS Gradient(m/km) - GMTED2010 
  7 129.221279  61.512441    93.515    93.530 10 52445.51334851 46.012
  8 129.228281  61.515591    92.312    92.299 11 52480.51334086 42.562
  9 129.246557  61.514531    92.314    91.610  9 52515.51328978 23.033
 10 129.219330  61.510959    91.810    91.803 10 52550.51333644 50.773
 11 129.243887  61.511841    90.321    90.180  8 52585.51331067 38.169
 12 129.234921  61.520404    90.296    90.208 13 52620.51329402 26.558
 15 129.230045  61.517265    90.356    90.008 11 52725.51332133 16.604
 16 129.228130  61.517727    90.365    90.235 11 52760.51333910 23.849
 17 129.225597  61.516606    94.807    94.070 11 52795.51329618 17.987
 18 129.227559  61.515452    93.731    93.874 11 52830.51336253 47.630
 19 129.233879  61.517884    92.458    92.458 12 52865.51340674 51.332
 20 129.231783  61.518833    91.524    91.492 12 52900.51343577 49.713
 21 129.241990  61.513958    90.553    90.655 10 52935.51337668 46.454
 22 129.226182  61.514053    90.863    90.889 11 52970.51339766 23.252
 23 129.226937  61.514645    90.912    90.900 11 53005.51341344 19.566
 24 129.219798  61.509458    90.770    90.877  9 53040.51336305 17.475
 25 129.229498  61.518066   430.266   429.938 11 53075.51339680 15.095
 26 129.218102  61.509773    91.135    90.963 10 53110.51336568 13.433
 28 129.233328  61.518027    96.650    96.655 12 53180.51341941 36.155
 29 129.228850  61.516781    93.388    91.555 11 53215.51344159 26.867
 30 129.235561  61.520742    92.098    91.319 13 53250.51341653 28.320
 31 129.218989  61.511089    95.637    96.366 10 53285.51340998 22.465
 32 129.235064  61.517829    91.259    91.170 13 53320.51339148 26.036
 33 129.246823  61.515203    92.598    92.012  8 53355.51335942 15.378
 34 129.223038  61.510947    93.410    91.829 10 53390.51336876 13.480
 35 129.241527  61.514389    94.245    92.965  9 53425.51336615 12.314
 36 129.226699  61.516178    92.963    92.149 11 53460.51337435 10.555
 37 129.222207  61.513785    91.129    91.216 10 53495.51345692 36.257
 38 129.235508  61.520593    94.321    94.250 13 53530.51343402 38.833
 39 129.228256  61.517817    94.443    94.372 11 53565.51346184 22.033
 41 129.220872  61.512136    91.391    91.375 10 53635.51340073 50.752
 42 129.225031  61.514708    90.375    90.387 10 53670.51342226 44.937
 43 129.245555  61.514709    90.707    90.716  8 53705.51335593 19.078
 44 129.253330  61.516779    92.320    92.284  7 53740.51326825 16.993
 45 129.230679  61.519684    91.493    91.308 12 53775.51329073 14.899
 46 129.248603  61.514281    93.401    92.696  7 53810.51327063 13.669
 47 129.222330  61.514216    94.282    92.712 10 53845.51331677 13.279
 48 129.228838  61.518565    96.579    96.588 10 53880.51334370 46.960
 49 129.224635  61.514389    95.592    95.592 10 53915.51340106 22.365
 50 129.225745  61.514787    91.087    91.115 11 53950.51340954 45.625
 51 129.242457  61.513886    93.890    93.252 10 53985.51334526 32.766
 52 129.224923  61.515229    91.842    91.806 11 54020.51338483 43.072
 53 129.235459  61.519350    90.712    90.629 13 54055.51337645 26.047
 54 129.242461  61.513517    91.698    91.502  9 54090.51336224 21.613
 55 129.223516  61.512780    91.529    91.233 10 54125.51329129 17.602
 56 129.230659  61.517326    91.915    92.147 11 54160.51333065 15.728
 57 129.223890  61.514695    91.982    92.100 11 54195.51329326 14.251
 58 129.228425  61.517582    93.503    93.199 11 54230.51334358 44.254
 59 129.229208  61.518322    96.172    96.186 12 54265.51336126 41.505
 60 129.230991  61.518934    94.179    94.229 12 54300.51336569 22.423
 61 129.235879  61.517997    93.423    93.263 13 54335.51335418 26.449
 63 129.233119  61.517361    90.298    90.327 12 54405.51329847 43.366
 64 129.221738  61.511433    93.504    91.264 10 54440.51325533 20.192
 65 129.229489  61.518697    92.493    91.690 12 54475.51328607 18.134
 66 129.223725  61.513457    94.787    95.797 11 54510.51327043 15.286
 67 129.233334  61.517819    93.552    92.899 12 54545.51330016 14.557
 68 129.229929  61.517517    94.497    94.373 11 54580.51326695 12.629
 69 129.231626  61.518517    94.732    94.702 12 54615.51328971 50.193
 70 129.227982  61.516324    95.492    94.713 11 54650.51330164 16.658
 71 129.234062  61.519723    93.880    93.882 13 54685.51329576 50.608
 72 129.223175  61.513630    95.928    95.950 10 54720.51324579 38.777
 73 129.229885  61.517520    91.598    91.606 12 54755.51326967 49.057
 74 129.223095  61.511160    90.697    90.716 10 54790.51323865 32.254
 75 129.228455  61.515899    91.366    91.445 11 54825.51326585 20.171
 76 129.224083  61.514154    91.216    91.143 11 54860.51323264 16.815
 77 129.231050  61.519571    91.337    91.094 12 54895.51326737 14.949
 78 129.223796  61.513812    91.649    91.502 10 54930.51323081 13.711
 79 129.229822  61.517413    96.150    96.059 11 54965.51326767 35.006
 80 129.228047  61.517257    95.900    95.914 11 55000.51328769 45.795
 81 129.230036  61.517538    93.109    92.926 12 55035.51327319 40.824
 82 129.235009  61.520691    92.951    92.835 13 55070.51326329 40.951
 83 129.217332  61.520216    92.655    92.612  6 55105.51320591 46.048
 84 129.231478  61.517731    91.000    90.997 12 55140.51321134 35.026
 85 129.223104  61.513197    92.286    91.605 11 55175.51317216 19.885
 86 129.229320  61.516958    91.153    91.052 12 55210.51320637 18.073
 87 129.225031  61.514538    92.333    91.054 10 55245.51317802 14.691
 88 129.233327  61.518087    91.947    91.532 13 55280.51320023 12.588
 89 129.229344  61.516467    90.732    90.732 11 55315.51316631 44.726
 90 129.234317  61.517827    95.308    95.510 13 55350.51317170 22.732
 91 129.223126  61.514204    94.990    94.985 10 55385.51316517 39.730
 92 129.230411  61.517874    93.334    93.038 11 55420.51319031 23.505
 93 129.237770  61.518571    92.478    92.492 10 55455.51316662 47.001
 94 129.248593  61.515765    90.828    90.948  8 55490.51308374 47.165
