# NaN NaN NaN ;Mean Elev.(m), Avg Gradient(m/km), RMS Gradient(m/km) - SRTM1     
#   38.036 -12.165  82.798 ;Mean Elev.(m), Avg Gradient(m/km), RMS Gradient(m/km) - ASTER GDEM
#   33.235  -5.486  73.284 ;Mean Elev.(m), Avg Gradient(m/km), RMS Gradient(m/km) - GMTED2010 
  8    62.950 52505.11421140 23.37 126.902850  64.187382 16.797
  8    61.964 52505.11421205 16.72 126.900030  64.184272 16.797
  8    57.094 52505.11421269 23.59 126.897220  64.181152 16.797
  8    57.267 52505.11421334 23.70 126.894400  64.178032 16.797
  8    57.630 52505.11421398 21.28 126.891590  64.174912 16.797
  8    57.813 52505.11421463 22.30 126.888770  64.171792 16.797
  8    59.542 52505.11421527 21.17 126.885960  64.168672 16.797
  9    57.612 52540.11419489 47.61 126.921041  64.180956 18.640
  9    57.986 52540.11419554 49.64 126.918221  64.177836 18.640
  9    58.041 52540.11419618 41.41 126.915401  64.174716 18.640
  9    57.324 52540.11419683 40.30 126.912581  64.171596 18.640
  9    57.491 52540.11419747 40.13 126.909771  64.168476 18.640
  9    57.491 52540.11419812 42.48 126.906951  64.165356 18.640
 10    55.150 52575.11424028 47.54 126.903112  64.183406 13.749
 10    55.234 52575.11424093 46.43 126.900292  64.180286 13.749
 10    55.109 52575.11424157 38.64 126.897472  64.177166 13.749
 10    54.989 52575.11424222 34.64 126.894662  64.174046 13.749
 10    54.844 52575.11424286 30.24 126.891842  64.170936 13.749
 10    56.328 52575.11424351 26.98 126.889032  64.167816 13.749
 11    62.249 52610.11420060 19.08 126.901924  64.185266  3.603
 11    61.553 52610.11420124 19.19 126.899114  64.182146  3.603
 11    60.782 52610.11420189 19.51 126.896294  64.179026  3.603
 11    59.860 52610.11420253 19.24 126.893484  64.175906  3.603
 11    58.658 52610.11420318 18.95 126.890664  64.172786  3.603
 11    57.795 52610.11420382 18.62 126.887854  64.169666  3.603
 11    57.062 52610.11420447 17.70 126.885034  64.166546  3.603
 12    62.317 52645.11419067 18.27 126.911438  64.183825  3.523
 12    61.769 52645.11419131 18.23 126.908618  64.180705  3.523
 12    61.169 52645.11419196 17.82 126.905798  64.177595  3.523
 12    56.375 52645.11419260 17.77 126.902988  64.174475  3.523
 12    56.251 52645.11419325 17.94 126.900168  64.171355  3.523
 12    56.477 52645.11419389 17.03 126.897358  64.168235  3.523
 12    56.868 52645.11419454 16.85 126.894538  64.165115  3.523
 13    62.512 52680.11416680 15.20 126.906851  64.185351  3.782
 13    61.962 52680.11416745 14.98 126.904041  64.182229  3.231
 13    61.207 52680.11416809 14.92 126.901221  64.179109  3.231
 13    59.905 52680.11416873 14.84 126.898411  64.175999  3.231
 13    59.667 52680.11416938 14.17 126.895591  64.172879  3.231
 13    56.767 52680.11417002 14.36 126.892781  64.169759  3.231
 13    56.937 52680.11417067 13.98 126.889961  64.166639  3.231
 16    57.714 52785.11418404 47.81 126.916365  64.179569 18.739
 16    57.687 52785.11418469 41.46 126.913545  64.176449 18.739
 16    57.903 52785.11418533 31.06 126.910725  64.173329 18.739
 17    62.392 52820.11425911 21.18 126.914587  64.180949 15.351
 17    62.251 52820.11425976 12.66 126.911777  64.177829 15.351
 17    61.442 52820.11426040 14.33 126.908957  64.174719 15.351
 17    59.811 52820.11426104 15.01 126.906137  64.171599 15.351
 17    60.927 52820.11426169 15.50 126.903317  64.168479 15.351
 17    62.151 52820.11426233 15.65 126.900507  64.165359 15.351
 17    62.487 52820.11426298 18.64 126.897687  64.162239 15.351
 18    62.149 52855.11430705 26.78 126.913946  64.182985 19.038
 18    57.325 52855.11430770 23.72 126.911126  64.179875 19.038
 18    57.172 52855.11430834 22.93 126.908306  64.176755 19.038
 18    57.052 52855.11430899 22.58 126.905486  64.173635 19.038
 18    57.366 52855.11430963 21.19 126.902676  64.170515 19.038
 18    58.662 52855.11431028 19.60 126.899856  64.167395 19.038
 18    57.667 52855.11431092 19.23 126.897046  64.164275 19.038
 20    62.850 52925.11429259 27.67 126.898373  64.190367 15.509
 20    62.133 52925.11429324 25.11 126.895563  64.187257 15.509
 20    61.555 52925.11429388 24.62 126.892743  64.184137 15.509
 20    60.547 52925.11429453 25.11 126.889933  64.181017 15.509
 20    56.516 52925.11429517 25.87 126.887113  64.177897 15.509
 20    59.139 52925.11429582 24.80 126.884303  64.174777 15.509
 20    59.149 52925.11429646 23.45 126.881483  64.171657 15.509
 21    62.460 52960.11426091 19.82 126.921025  64.181192  4.508
 21    61.579 52960.11426156 20.69 126.918205  64.178072  4.508
 21    56.604 52960.11426220 21.69 126.915385  64.174952  4.508
 21    56.597 52960.11426285 21.84 126.912565  64.171842  4.508
 21    56.213 52960.11426349 22.09 126.909755  64.168722  4.508
 21    56.170 52960.11426413 21.19 126.906935  64.165602  4.508
 22    63.050 52995.11429510 12.83 126.909945  64.184269  2.869
 22    61.968 52995.11429574 13.01 126.907125  64.181149  2.869
 22    60.932 52995.11429639 14.01 126.904315  64.178029  2.869
 22    56.178 52995.11429703 14.13 126.901495  64.174909  2.869
 22    57.694 52995.11429768 13.50 126.898675  64.171789  2.869
 22    56.006 52995.11429832 13.91 126.895865  64.168669  2.869
 22    56.380 52995.11429897 13.13 126.893045  64.165549  2.869
 23    64.201 53030.11425774  9.60 126.899860  64.189462  3.301
 23    63.008 53030.11425838  9.54 126.897050  64.186342  3.301
 23    62.647 53030.11425903  8.84 126.894230  64.183222  3.301
 23    61.667 53030.11425967  9.21 126.891420  64.180102  3.301
 23    59.659 53030.11426032 10.06 126.888600  64.176982  3.301
 23    58.504 53030.11426096 10.43 126.885790  64.173862  3.301
 23    57.298 53030.11426161 10.28 126.882970  64.170742  3.301
 24    62.986 53065.11426584  9.76 126.913622  64.182928  2.682
 24    62.069 53065.11426649  9.08 126.910812  64.179808  2.682
 24    61.368 53065.11426713  9.19 126.907992  64.176688  2.682
 24    60.040 53065.11426778  9.91 126.905172  64.173568  2.682
 24    58.959 53065.11426842  9.93 126.902362  64.170448  2.682
 24    57.072 53065.11426907 10.56 126.899542  64.167328  2.682
 24    56.676 53065.11426971  9.67 126.896732  64.164208  2.682
 25    64.283 53100.11427079  6.33 126.898422  64.193402  2.769
 25    63.144 53100.11427143  7.40 126.895606  64.190280  1.993
 25    62.790 53100.11427208  7.63 126.892786  64.187160  1.993
 25    61.761 53100.11427272  7.67 126.889966  64.184050  1.993
 25    61.087 53100.11427337  7.14 126.887156  64.180930  1.993
 25    60.173 53100.11427401  7.22 126.884336  64.177810  1.993
 25    59.286 53100.11427466  7.26 126.881526  64.174690  1.993
 25    58.277 53100.11427530  7.36 126.878706  64.171570  1.993
 28    62.130 53205.11433465 23.17 126.905930  64.185399 15.016
 28    62.318 53205.11433530 13.84 126.903110  64.182279 15.016
 28    61.392 53205.11433594 14.40 126.900300  64.179159 15.016
 28    60.528 53205.11433659 15.99 126.897475  64.176037 18.311
 28    59.104 53205.11433723 17.88 126.894665  64.172927 18.311
 28    61.221 53205.11433788 16.62 126.891855  64.169807 18.311
 28    60.889 53205.11433852 18.89 126.889035  64.166687 18.311
 31    56.273 53310.11431752 36.42 126.904801  64.183125 12.117
 31    56.235 53310.11431816 35.09 126.901981  64.180005 12.117
 31    56.219 53310.11431881 32.13 126.899161  64.176895 12.117
 31    56.134 53310.11431945 28.67 126.896341  64.173775 12.117
 31    55.973 53310.11432010 25.35 126.893531  64.170655 12.117
 31    55.717 53310.11432074 23.37 126.890721  64.167535 12.117
 32    63.209 53345.11428298  8.42 126.904449  64.186881  2.211
 32    62.344 53345.11428363  9.26 126.901629  64.183761  2.211
 32    61.654 53345.11428427  8.80 126.898809  64.180641  2.211
 32    60.767 53345.11428492  9.03 126.895999  64.177531  2.211
 32    59.873 53345.11428556  8.75 126.893179  64.174411  2.211
 32    58.973 53345.11428621  8.75 126.890369  64.171291  2.211
 32    57.817 53345.11428685  8.72 126.887549  64.168171  2.211
 33    58.080 53380.11423764  8.58 126.909866  64.166398  2.532
 33    57.337 53380.11423828  8.46 126.907056  64.163278  2.532
 34    62.623 53415.11426064  7.72 126.910472  64.183421  2.140
 34    62.215 53415.11426128  7.73 126.907662  64.180301  2.140
 34    61.379 53415.11426193  7.63 126.904842  64.177181  2.140
 34    60.690 53415.11426257  7.21 126.902022  64.174071  2.140
 34    59.178 53415.11426321  7.52 126.899212  64.170951  2.140
 34    58.221 53415.11426386  7.51 126.896392  64.167831  2.140
 34    57.603 53415.11426450  6.94 126.893582  64.164711  2.140
 35    58.329 53450.11425737  7.49 126.909936  64.166373  2.570
 35    57.332 53450.11425802  7.45 126.907116  64.163253  2.570
 36    63.443 53485.11433951  7.06 126.904035  64.184554 11.191
 36    59.867 53485.11434015  7.49 126.901215  64.181434 11.191
 36    60.539 53485.11434080  8.08 126.898405  64.178314 11.191
 36    60.160 53485.11434144  9.61 126.895585  64.175194 11.191
 36    61.026 53485.11434208 10.28 126.892765  64.172074 11.191
 36    60.897 53485.11434273 11.39 126.889955  64.168954 11.191
 36    61.518 53485.11434337 12.43 126.887135  64.165834 11.191
 37    63.187 53520.11433576 15.35 126.903701  64.180883 12.277
 37    62.068 53520.11433640 16.18 126.900881  64.177773 12.277
 37    61.444 53520.11433705 16.62 126.898061  64.174653 12.277
 37    63.520 53520.11433769 17.23 126.895251  64.171533 12.277
 37    63.974 53520.11433834 18.96 126.892441  64.168413 12.277
 37    64.228 53520.11433898 24.25 126.889621  64.165293 12.277
 38    60.446 53555.11435780 44.75 126.901759  64.188037 31.349
 38    60.290 53555.11435844 48.83 126.898939  64.184917 31.349
 38    60.211 53555.11435909 47.00 126.896119  64.181807 31.349
 38    60.262 53555.11435973 46.50 126.893309  64.178687 31.349
 38    60.188 53555.11436037 45.54 126.890489  64.175567 31.349
 38    60.192 53555.11436102 46.80 126.887679  64.172447 31.349
 38    60.192 53555.11436166 46.04 126.884859  64.169327 31.349
 39    62.126 53590.11430203 19.18 126.903833  64.183327 17.831
 39    61.611 53590.11430267 15.96 126.901013  64.180207 17.831
 39    60.600 53590.11430332 18.79 126.898203  64.177097 17.831
 39    59.101 53590.11430396 20.73 126.895383  64.173977 17.831
 39    59.804 53590.11430461 20.37 126.892573  64.170857 17.831
 39    60.276 53590.11430525 21.35 126.889753  64.167737 17.831
 40    59.654 53625.11428248 46.74 126.914644  64.182940 24.065
 40    59.953 53625.11428313 46.74 126.911824  64.179820 24.065
 40    59.569 53625.11428377 47.45 126.909004  64.176710 24.065
 40    59.693 53625.11428442 44.30 126.906184  64.173590 24.065
 40    59.817 53625.11428506 44.91 126.903364  64.170470 24.065
 40    59.725 53625.11428571 48.43 126.900554  64.167350 24.065
 40    59.716 53625.11428635 47.71 126.897734  64.164230 24.065
 41    56.533 53660.11430899 43.75 126.910139  64.183552 22.947
 41    56.500 53660.11430963 48.33 126.907319  64.180442 22.947
 41    56.349 53660.11431028 49.96 126.904509  64.177322 22.947
 41    56.473 53660.11431092 48.00 126.901689  64.174202 22.947
 41    56.415 53660.11431157 39.41 126.898869  64.171082 22.947
 41    56.415 53660.11431221 36.65 126.896059  64.167962 22.947
 41    56.204 53660.11431286 43.34 126.893239  64.164842 22.947
 42    56.388 53695.11428273 23.50 126.901347  64.186510 12.587
 42    56.470 53695.11428338 25.09 126.898537  64.183390 12.587
 42    56.708 53695.11428402 26.29 126.895717  64.180270 12.587
 42    56.964 53695.11428467 35.55 126.892897  64.177160 12.587
 42    56.762 53695.11428531 31.73 126.890087  64.174040 12.587
 42    56.984 53695.11428595 32.31 126.887267  64.170920 12.587
 42    56.958 53695.11428660 36.78 126.884457  64.167800 12.587
 43    62.630 53730.11420508 15.39 126.900852  64.189405  3.161
 43    62.137 53730.11420572 15.63 126.898032  64.186295  3.161
 43    61.521 53730.11420637 16.16 126.895222  64.183175  3.161
 43    60.178 53730.11420701 16.22 126.892402  64.180055  3.161
 43    59.928 53730.11420766 16.15 126.889592  64.176935  3.161
 43    58.169 53730.11420830 16.65 126.886782  64.173815  3.161
 43    57.451 53730.11420895 15.86 126.883962  64.170695  3.161
 45    62.532 53800.11417701 13.15 126.902539  64.186293  2.916
 45    62.037 53800.11417766 12.92 126.899719  64.183183  2.916
 45    61.322 53800.11417830 12.04 126.896899  64.180063  2.916
 45    60.488 53800.11417895 12.76 126.894089  64.176943  2.916
 45    59.730 53800.11417959 13.03 126.891279  64.173823  2.916
 45    57.097 53800.11418024 12.56 126.888459  64.170703  2.916
 45    57.228 53800.11418088 12.83 126.885649  64.167583  2.916
 46    62.106 53835.11417891 10.02 126.919748  64.181613  2.664
 46    61.664 53835.11417955 10.01 126.916928  64.178493  2.664
 46    61.149 53835.11418020 10.29 126.914108  64.175373  2.664
 46    57.581 53835.11418084 11.69 126.911298  64.172253  2.664
 46    57.185 53835.11418149 12.08 126.908478  64.169143  2.664
 46    57.281 53835.11418213 12.05 126.905658  64.166023  2.664
 47    56.966 53870.11423889 27.43 126.910618  64.184519  7.350
 47    56.651 53870.11423953 30.82 126.907808  64.181399  7.350
 47    56.541 53870.11424018 31.58 126.904991  64.178280 13.050
 47    56.769 53870.11424082 31.89 126.902171  64.175160 13.050
 47    56.577 53870.11424147 33.34 126.899351  64.172040 13.050
 47    56.533 53870.11424211 32.79 126.896541  64.168920 13.050
 47    56.367 53870.11424276 33.28 126.893721  64.165810 13.050
 48    62.376 53905.11427422 42.64 126.906111  64.183905 25.227
 48    62.502 53905.11427487 42.34 126.903291  64.180785 25.227
 48    62.458 53905.11427551 42.61 126.900481  64.177665 25.227
 48    62.502 53905.11427616 43.42 126.897661  64.174545 25.227
 48    62.475 53905.11427680 45.62 126.894841  64.171425 25.227
 48    62.560 53905.11427745 43.78 126.892031  64.168305 25.227
 48    62.628 53905.11427809 44.42 126.889211  64.165185 25.227
 49    57.906 53940.11430607 50.84 126.900991  64.188034 10.503
 49    57.850 53940.11430671 49.03 126.898171  64.184914 10.503
 49    57.766 53940.11430735 46.80 126.895351  64.181794 10.503
 49    57.859 53940.11430800 45.55 126.892533  64.178673 30.224
 49    57.868 53940.11430864 40.55 126.889713  64.175553 30.224
 49    57.742 53940.11430929 40.41 126.886903  64.172443 30.224
 49    57.757 53940.11430993 44.76 126.884083  64.169323 30.224
 50    59.870 53975.11426386 47.67 126.900636  64.191409 11.365
 50    60.230 53975.11426451 48.37 126.897826  64.188289 11.365
 50    59.993 53975.11426515 47.37 126.895006  64.185169 11.365
 50    59.778 53975.11426580 50.34 126.892186  64.182049 11.365
 50    60.075 53975.11426644 48.57 126.889376  64.178929 11.365
 50    60.026 53975.11426709 50.60 126.886558  64.175813 24.466
 50    60.046 53975.11426773 49.03 126.883748  64.172693 24.466
 50    60.055 53975.11426838 48.17 126.880928  64.169573 24.466
 51    63.362 54010.11426206 17.77 126.919505  64.179999 10.668
 51    62.931 54010.11426270 14.69 126.916686  64.176883 10.861
 51    62.567 54010.11426335 14.00 126.913866  64.173763 10.861
 51    61.557 54010.11426399 15.68 126.911046  64.170643 10.861
 51    60.338 54010.11426464 16.46 126.908236  64.167523 10.861
 51    60.248 54010.11426528 16.71 126.905416  64.164413 10.861
 52    55.516 54045.11427967 23.73 126.914946  64.181343  6.156
 52    55.714 54045.11428032 27.24 126.912126  64.178223  6.156
 52    55.632 54045.11428096 26.62 126.909312  64.175105  8.392
 52    55.608 54045.11428161 25.26 126.906492  64.171985  8.392
 52    55.563 54045.11428225 23.29 126.903682  64.168865  8.392
 52    55.391 54045.11428290 23.09 126.900862  64.165755  8.392
 52    55.373 54045.11428354 21.32 126.898052  64.162635  8.392
 53    62.276 54080.11427215 16.96 126.903323  64.187921  3.611
 53    61.767 54080.11427279 16.33 126.900503  64.184801  3.611
 53    60.590 54080.11427344 17.03 126.897683  64.181681  3.611
 53    60.028 54080.11427408 15.01 126.894868  64.178558  4.037
 53    59.180 54080.11427473 14.36 126.892048  64.175448  4.037
 53    58.006 54080.11427537 14.93 126.889238  64.172328  4.037
 53    57.066 54080.11427602 14.72 126.886428  64.169208  4.037
 54    62.946 54115.11420664 11.79 126.897269  64.190833  4.344
 54    62.310 54115.11420728 11.08 126.894449  64.187723  4.344
 54    61.199 54115.11420793 11.83 126.891639  64.184603  4.344
 54    60.810 54115.11420857 11.21 126.888819  64.181483  4.344
 54    60.129 54115.11420922 10.48 126.886009  64.178363  4.344
 54    59.122 54115.11420986 10.21 126.883188  64.175244  3.030
 54    58.095 54115.11421051 10.64 126.880378  64.172124  3.030
 56    63.965 54185.11419783  7.65 126.898492  64.190055  2.170
 56    62.579 54185.11419848  7.69 126.895682  64.186935  2.170
 56    62.150 54185.11419912  8.17 126.892862  64.183815  2.170
 56    61.437 54185.11419977  7.87 126.890052  64.180695  2.170
 56    60.522 54185.11420041  7.54 126.887232  64.177575  2.170
 56    59.599 54185.11420106  7.79 126.884422  64.174455  2.170
 56    58.735 54185.11420170  8.06 126.881602  64.171335  2.170
 57    57.923 54220.11423117  8.42 126.905153  64.176736  9.890
 57    56.945 54220.11423181 11.52 126.902333  64.173616  9.890
 57    56.571 54220.11423246 13.93 126.899523  64.170496  9.890
 57    58.391 54220.11423310 13.77 126.896703  64.167376  9.890
 57    58.934 54220.11423374 14.25 126.893883  64.164256  9.890
 58    63.164 54255.11425579 22.64 126.896677  64.173359  8.704
 58    63.209 54255.11425643 23.31 126.893867  64.170239  8.704
 58    63.858 54255.11425708 24.02 126.891047  64.167119  8.704
 59    62.001 54290.11425632 20.64 126.906780  64.183322 20.791
 59    61.709 54290.11425696 13.97 126.903960  64.180202 20.791
 59    61.027 54290.11425761 13.83 126.901140  64.177082 20.791
 59    60.662 54290.11425825 14.16 126.898330  64.173962 20.791
 59    60.373 54290.11425890 15.91 126.895510  64.170842 20.791
 59    61.779 54290.11425954 18.28 126.892700  64.167722 20.791
 59    62.128 54290.11426019 22.41 126.889880  64.164602 20.791
 60    63.361 54325.11425377 22.24 126.906385  64.184037 16.421
 60    58.661 54325.11425441 21.35 126.903565  64.180917 16.421
 60    59.466 54325.11425506 21.57 126.900745  64.177797 16.421
 60    58.288 54325.11425570 22.22 126.897935  64.174677 16.421
 60    58.291 54325.11425635 31.69 126.895115  64.171557 16.421
 60    58.318 54325.11425699 32.31 126.892305  64.168437 16.421
 60    60.139 54325.11425764 23.36 126.889485  64.165317 16.421
 61    58.599 54360.11420665 36.26 126.897246  64.189233 12.684
 61    58.853 54360.11420730 39.13 126.894426  64.186113 12.684
 61    59.103 54360.11420794 39.56 126.891616  64.182993 12.684
 61    59.956 54360.11420859 39.90 126.888806  64.179873 12.684
 61    59.729 54360.11420923 45.12 126.885986  64.176753 12.684
 61    58.823 54360.11420988 46.69 126.883176  64.173633 12.684
 61    59.499 54360.11421052 42.74 126.880356  64.170513 12.684
 62    56.461 54395.11419395 38.85 126.909450  64.183075 19.660
 62    56.431 54395.11419459 41.04 126.906630  64.179955 19.660
 62    56.464 54395.11419524 40.10 126.903810  64.176835 19.660
 62    56.622 54395.11419588 41.14 126.901000  64.173715 19.660
 62    56.419 54395.11419653 39.33 126.898180  64.170595 19.660
 62    56.439 54395.11419717 33.36 126.895370  64.167475 19.660
 62    56.455 54395.11419782 39.81 126.892550  64.164355 19.660
 63    56.004 54430.11415693 19.53 126.903562  64.188077  5.207
 63    56.045 54430.11415757 20.76 126.900742  64.184957  5.207
 63    56.038 54430.11415822 21.21 126.897932  64.181847  5.207
 63    55.936 54430.11415886 19.78 126.895112  64.178727  5.207
 63    55.892 54430.11415951 20.19 126.892302  64.175607  5.207
 63    55.729 54430.11416015 19.71 126.889482  64.172487  5.207
 63    55.676 54430.11416080 18.48 126.886672  64.169367  5.207
 64    62.406 54465.11417351 15.07 126.914311  64.183727  3.993
 64    61.767 54465.11417416 16.04 126.911491  64.180607  3.993
 64    55.906 54465.11417480 16.65 126.908681  64.177487  3.993
 64    56.112 54465.11417545 17.21 126.905861  64.174367  3.993
 64    55.884 54465.11417609 17.59 126.903041  64.171247  3.993
 64    55.748 54465.11417674 17.01 126.900231  64.168127  3.993
 64    56.092 54465.11417738 14.89 126.897411  64.165007  3.993
 65    63.802 54500.11416883  9.81 126.904843  64.186863  3.137
 65    62.760 54500.11416948 10.20 126.902023  64.183743  3.137
 65    61.767 54500.11417012 10.27 126.899213  64.180633  3.137
 65    60.700 54500.11417077 10.19 126.896393  64.177513  3.137
 65    59.812 54500.11417141 10.87 126.893583  64.174393  3.137
 65    58.981 54500.11417206 10.73 126.890763  64.171273  3.137
 65    57.737 54500.11417270 10.62 126.887953  64.168153  3.137
 66    63.678 54535.11418838  7.48 126.908035  64.183418  2.216
 66    62.802 54535.11418902  7.40 126.905215  64.180298  2.043
 66    61.529 54535.11418967  7.33 126.902405  64.177178  2.043
 66    60.674 54535.11419031  8.23 126.899585  64.174058  2.043
 66    59.428 54535.11419096  7.97 126.896765  64.170938  2.043
 66    57.994 54535.11419160  8.13 126.893955  64.167828  2.043
 66    57.913 54535.11419225  7.90 126.891145  64.164708  2.043
 67    64.301 54570.11417165  6.22 126.899695  64.188029  1.868
 67    62.834 54570.11417230  6.81 126.896875  64.184909  1.868
 67    62.044 54570.11417294  6.72 126.894055  64.181789  1.868
 67    61.145 54570.11417358  6.78 126.891245  64.178669  1.868
 67    60.295 54570.11417423  6.56 126.888425  64.175549  1.868
 67    59.460 54570.11417487  6.71 126.885615  64.172429  1.868
 67    58.098 54570.11417552  6.88 126.882805  64.169309  1.868
 68   115.050 54605.11418251  0.77 126.907745  64.183185  9.223
 68    60.539 54605.11418509 22.64 126.896485  64.170705  9.223
 68    61.009 54605.11418574 24.79 126.893665  64.167585  9.223
 68    63.436 54605.11418638 26.92 126.890855  64.164465  9.223
 69    81.569 54640.11419259 16.17 126.903085  64.183982 12.722
 69    61.407 54640.11419388 38.69 126.897455  64.177742 12.722
 69    60.635 54640.11419453 44.31 126.894635  64.174622 12.722
 69    61.930 54640.11419517 42.02 126.891825  64.171502 12.722
 69    61.701 54640.11419582 45.41 126.889005  64.168382 12.722
 70    62.264 54675.11419451 23.60 126.905817  64.185708 11.552
 70    61.964 54675.11419515 18.04 126.902997  64.182588 11.552
 70    57.464 54675.11419580 19.26 126.900177  64.179468 11.552
 70    57.923 54675.11419644 19.29 126.897367  64.176348 11.552
 70    58.146 54675.11419709 19.76 126.894547  64.173228 11.552
 70    58.164 54675.11419773 22.14 126.891737  64.170108 11.552
 70    59.688 54675.11419838 21.28 126.888917  64.166988 11.552
 71    58.808 54710.11415108 45.00 126.900829  64.186819 27.534
 71    58.855 54710.11415172 42.31 126.898019  64.183699 27.534
 71    58.846 54710.11415237 42.64 126.895199  64.180579 27.534
 71    58.873 54710.11415301 37.27 126.892389  64.177459 27.534
 71    58.887 54710.11415366 36.26 126.889569  64.174339 27.534
 71    58.927 54710.11415430 42.27 126.886759  64.171219 27.534
 71    58.911 54710.11415495 34.93 126.883949  64.168099 27.534
 72    62.096 54745.11416189 26.09 126.909244  64.184109 16.800
 72    61.851 54745.11416254 16.01 126.906434  64.180999 16.800
 72    61.260 54745.11416318 15.70 126.903614  64.177879 16.800
 72    58.372 54745.11416383 21.67 126.900794  64.174759 16.800
 72    58.087 54745.11416447 25.21 126.897984  64.171639 16.800
 72    58.154 54745.11416512 21.40 126.895164  64.168519 16.800
 72    60.271 54745.11416576 21.16 126.892354  64.165399 16.800
 73    55.348 54780.11413575 41.35 126.904375  64.184179 16.613
 73    55.333 54780.11413640 42.10 126.901555  64.181059 16.613
 73    55.132 54780.11413704 42.44 126.898745  64.177939 16.613
 73    55.197 54780.11413769 34.71 126.895925  64.174819 16.613
 73    55.084 54780.11413833 31.61 126.893115  64.171699 16.613
 73    54.923 54780.11413898 26.73 126.890295  64.168579 16.613
 73    54.598 54780.11413962 23.21 126.887485  64.165459 16.613
 74    62.324 54815.11415498 11.00 126.912470  64.184082  2.722
 74    61.934 54815.11415563 11.34 126.909650  64.180972  2.722
 74    61.350 54815.11415627 11.05 126.906830  64.177852  2.722
 74    60.438 54815.11415692 12.07 126.904010  64.174732  2.722
 74    59.185 54815.11415756 12.45 126.901200  64.171612  2.722
 74    57.950 54815.11415821 11.98 126.898380  64.168492  2.722
 74    57.321 54815.11415885 12.48 126.895570  64.165372  2.722
 75    62.350 54850.11413412  9.83 126.902098  64.185222  2.441
 75    61.848 54850.11413476 10.12 126.899288  64.182102  2.441
 75    61.079 54850.11413541 10.45 126.896468  64.178982  2.441
 75    60.355 54850.11413605 10.67 126.893658  64.175862  2.441
 75    59.240 54850.11413669 11.21 126.890838  64.172742  2.441
 75    58.120 54850.11413734 10.22 126.888028  64.169622  2.441
 75    57.490 54850.11413798 10.66 126.885208  64.166502  2.441
 76    62.486 54885.11415917  8.64 126.907864  64.183287  2.364
 76    61.681 54885.11415981  9.24 126.905044  64.180167  2.364
 76    61.048 54885.11416046  9.17 126.902224  64.177047  2.364
 76    60.058 54885.11416110  9.38 126.899414  64.173927  2.364
 76    59.209 54885.11416174  9.16 126.896594  64.170807  2.364
 76    58.104 54885.11416239  8.64 126.893784  64.167687  2.364
 76    57.345 54885.11416303  9.17 126.890964  64.164567  2.364
 77    64.343 54920.11413435  6.46 126.898728  64.193834  2.071
 77    64.236 54920.11413500  6.72 126.895918  64.190724  2.071
 77    62.475 54920.11413564  7.71 126.893098  64.187604  2.071
 77    61.976 54920.11413629  7.45 126.890278  64.184484  2.071
 77    61.151 54920.11413693  7.57 126.887468  64.181364  2.071
 77    60.300 54920.11413758  8.16 126.884648  64.178244  2.071
 77    59.365 54920.11413822  7.94 126.881838  64.175124  2.071
 77    58.246 54920.11413887  7.74 126.879028  64.172004  2.071
 78    57.104 54955.11415589 26.16 126.901464  64.174275 11.527
 78    57.283 54955.11415654 26.25 126.898654  64.171155 11.527
 78    57.092 54955.11415718 26.66 126.895834  64.168035 11.527
 78    60.031 54955.11415783 27.70 126.893024  64.164915 11.527
 79    62.989 54990.11417766 43.96 126.905845  64.184691 29.328
 79    62.849 54990.11417830 47.29 126.903035  64.181571 29.328
 79    62.926 54990.11417894 48.05 126.900215  64.178451 29.328
 79    63.000 54990.11417959 47.07 126.897395  64.175331 29.328
 79    62.884 54990.11418023 48.52 126.894585  64.172211 29.328
 79    63.000 54990.11418088 48.76 126.891765  64.169091 29.328
 79    62.883 54990.11418152 48.71 126.888955  64.165971 29.328
 80    58.351 55025.11416914 35.57 126.903965  64.184606 16.779
 80    58.424 55025.11416979 35.87 126.901145  64.181486 16.779
 80    58.664 55025.11417043 36.77 126.898335  64.178366 16.779
 80    58.739 55025.11417108 38.33 126.895515  64.175246 16.779
 80    58.770 55025.11417172 37.48 126.892705  64.172126 16.779
 80    58.762 55025.11417237 37.20 126.889885  64.169006 16.779
 80    58.365 55025.11417301 35.95 126.887075  64.165886 16.779
 81    62.093 55060.11416296 23.20 126.906334  64.185138 18.299
 81    61.929 55060.11416360 16.36 126.903514  64.182018 18.299
 81    61.237 55060.11416425 15.09 126.900694  64.178898 18.299
 81    60.291 55060.11416489 15.91 126.897884  64.175778 18.299
 81    59.122 55060.11416554 16.32 126.895064  64.172658 18.299
 81    59.496 55060.11416618 17.39 126.892254  64.169538 18.299
 81    60.601 55060.11416683 16.84 126.889434  64.166418 18.299
 82    58.970 55095.11411422 40.98 126.897551  64.190146 22.016
 82    58.973 55095.11411487 37.85 126.894731  64.187026 22.016
 82    58.953 55095.11411551 39.56 126.891921  64.183906 22.016
 82    58.943 55095.11411616 44.25 126.889101  64.180786 22.016
 82    59.063 55095.11411680 45.82 126.886291  64.177666 22.016
 82    58.962 55095.11411745 48.36 126.883471  64.174546 22.016
 82    58.977 55095.11411809 46.82 126.880661  64.171426 22.016
 83    56.683 55130.11410510 40.93 126.909148  64.184842 21.344
 83    56.827 55130.11410574 46.81 126.906338  64.181722 21.344
 83    56.772 55130.11410639 49.00 126.903518  64.178602 21.344
 83    56.952 55130.11410703 50.24 126.900698  64.175482 21.344
 83    56.914 55130.11410768 48.74 126.897888  64.172362 21.344
 83    56.847 55130.11410832 39.92 126.895068  64.169242 21.344
 83    57.086 55130.11410897 41.05 126.892258  64.166122 21.344
 84    61.726 55165.11407695 23.52 126.903500  64.184751  5.035
 84    56.290 55165.11407760 23.13 126.900690  64.181631  5.035
 84    56.246 55165.11407824 23.41 126.897870  64.178511  5.035
 84    56.264 55165.11407889 22.76 126.895060  64.175391  5.035
 84    56.153 55165.11407953 22.37 126.892240  64.172271  5.035
 84    56.066 55165.11408017 21.31 126.889430  64.169151  5.035
 84    56.156 55165.11408082 19.57 126.886610  64.166031  5.035
 85    62.197 55200.11409673 19.67 126.910246  64.184567  4.505
 85    61.508 55200.11409738 21.00 126.907426  64.181447  4.505
 85    56.076 55200.11409802 20.93 126.904606  64.178327  4.505
 85    56.159 55200.11409867 19.68 126.901786  64.175207  4.505
 85    56.025 55200.11409931 20.98 126.898976  64.172087  4.505
 85    56.090 55200.11409996 19.37 126.896156  64.168967  4.505
 85    57.259 55200.11410060 17.86 126.893346  64.165847  4.505
 86    61.997 55235.11408233 17.15 126.899741  64.187104  4.077
 86    55.383 55235.11408298 18.89 126.896931  64.183984  4.077
 86    55.556 55235.11408362 18.26 126.894111  64.180864  4.077
 86    55.707 55235.11408427 17.34 126.891301  64.177744  4.077
 86    56.071 55235.11408491 16.48 126.888481  64.174624  4.077
 86    56.492 55235.11408556 15.26 126.885671  64.171504  4.077
 86    57.506 55235.11408620 14.61 126.882851  64.168384  4.077
 87    62.067 55270.11409177 13.89 126.905965  64.182866  3.809
 87    61.436 55270.11409241 13.64 126.903145  64.179746  3.809
 87    55.798 55270.11409306 14.84 126.900325  64.176626  3.809
 87    56.197 55270.11409370 13.64 126.897515  64.173506  3.809
 87    56.468 55270.11409435 13.47 126.894695  64.170386  3.809
 87    57.364 55270.11409499 12.78 126.891885  64.167266  3.809
 87    57.317 55270.11409564 13.34 126.889065  64.164146  3.809
 88    74.546 55305.11406334 12.83 126.896021  64.185644  6.163
 88    58.467 55305.11406399 14.73 126.893201  64.182524  6.163
 88    58.690 55305.11406463 13.95 126.890391  64.179404  6.163
 88    58.928 55305.11406528 13.66 126.887571  64.176284  6.163
 88    59.543 55305.11406592 14.25 126.884761  64.173164  6.163
 88    59.576 55305.11406657 14.00 126.881951  64.170044  6.163
 89    64.309 55340.11406291 39.31 126.907206  64.184245 29.180
 89    64.415 55340.11406356 37.75 126.904386  64.181135 29.180
 89    64.411 55340.11406420 44.43 126.901566  64.178015 29.180
 89    64.669 55340.11406485 48.02 126.898756  64.174895 29.180
 89    64.467 55340.11406549 46.22 126.895936  64.171775 29.180
 89    64.477 55340.11406613 44.94 126.893126  64.168655 29.180
 89    64.061 55340.11406678 48.24 126.890306  64.165535 29.180
 90    62.174 55375.11405514 20.18 126.904397  64.185318 14.336
 90    62.293 55375.11405578 12.58 126.901577  64.182198 14.336
 90    61.626 55375.11405643 12.12 126.898767  64.179078 14.336
 90    60.727 55375.11405707 14.38 126.895947  64.175958 14.336
 90    60.761 55375.11405772 15.16 126.893137  64.172838 14.336
 90    61.327 55375.11405836 15.79 126.890317  64.169718 14.336
 90    62.589 55375.11405900 17.07 126.887507  64.166598 14.336
 91    62.009 55410.11407697 36.79 126.911578  64.184331 16.132
 91    61.828 55410.11407761 22.39 126.908758  64.181211 16.132
 91    61.282 55410.11407826 20.48 126.905938  64.178091 16.132
 91    60.441 55410.11407890 20.23 126.903118  64.174971 16.132
 91    58.094 55410.11407955 20.45 126.900308  64.171851 16.132
 91    58.370 55410.11408019 22.47 126.897488  64.168731 16.132
 91    57.814 55410.11408084 23.84 126.894678  64.165611 16.132
 91    58.143 55410.11408148 23.02 126.891858  64.162491 16.132
 92    61.929 55445.11407150 22.36 126.905500  64.184802 14.953
 92    61.895 55445.11407214 15.81 126.902680  64.181682 14.953
 92    61.290 55445.11407279 15.81 126.899860  64.178562 14.953
 92    60.384 55445.11407343 16.24 126.897050  64.175442 14.953
 92    59.456 55445.11407407 17.18 126.894230  64.172322 14.953
 92    59.180 55445.11407472 18.94 126.891420  64.169202 14.953
 92    60.246 55445.11407536 18.84 126.888600  64.166082 14.953
 93    62.657 55480.11400544 21.97 126.899425  64.192834 14.146
 93    62.331 55480.11400608 22.66 126.896615  64.189714 14.146
 93    61.984 55480.11400673 21.13 126.893795  64.186604 14.146
 93    61.525 55480.11400737 20.73 126.890975  64.183484 14.146
 93    55.878 55480.11400802 23.81 126.888165  64.180364 14.146
 93    55.751 55480.11400866 26.58 126.885345  64.177244 14.146
 93    55.856 55480.11400931 27.85 126.882535  64.174124 14.146
 93    55.832 55480.11400995 35.03 126.879725  64.171004 14.146
