# NaN NaN NaN ;Mean Elev.(m), Avg Gradient(m/km), RMS Gradient(m/km) - SRTM1     
#    5.934  -0.187  13.814 ;Mean Elev.(m), Avg Gradient(m/km), RMS Gradient(m/km) - ASTER GDEM
#   17.000  -1.325  14.618 ;Mean Elev.(m), Avg Gradient(m/km), RMS Gradient(m/km) - GMTED2010 
  6    23.530 52439.50695891 20.07 124.345367  69.192047 12.586
  6    23.164 52439.50695956 21.03 124.341247  69.195067 12.586
  6    23.648 52439.50696020 20.48 124.337137  69.198077 12.586
  6    23.922 52439.50696085 22.01 124.333017  69.201087 12.586
  7    61.467 52474.50695763 13.92 124.348787  69.193785 10.877
  7    57.907 52474.50695827 14.98 124.344667  69.196805 10.877
  7    54.315 52474.50695892 15.48 124.340557  69.199815 10.877
  8    69.151 52509.50692026  7.66 124.361184  69.196315 13.641
  8    68.323 52509.50692091  6.49 124.357064  69.199325 13.641
  8    66.497 52509.50692155  6.36 124.352944  69.202335 13.641
  8    65.906 52509.50692220  4.23 124.348834  69.205345 13.641
  8    64.520 52509.50692284  3.71 124.344714  69.208365 13.641
  8    62.785 52509.50692349  4.83 124.340594  69.211375 13.641
  9    17.147 52544.50692042 28.08 124.347956  69.190582 14.569
  9    17.962 52544.50692106 22.16 124.343841  69.193600 15.773
  9    18.753 52544.50692171 21.50 124.339721  69.196610 15.773
  9    17.951 52544.50692235 22.16 124.335601  69.199620 15.773
  9    17.176 52544.50692300 25.12 124.331481  69.202630 15.773
 10    62.851 52579.50695818 19.54 124.349694  69.191397  6.723
 10    63.136 52579.50695883 17.48 124.345574  69.194407  6.723
 10    62.011 52579.50695947 15.49 124.341464  69.197427  6.723
 10    60.615 52579.50696011 15.68 124.337344  69.200437  6.723
 10    56.500 52579.50696076 16.99 124.333224  69.203447  6.723
 11    63.798 52614.50692600 14.98 124.358205  69.196659  4.376
 11    63.559 52614.50692664 13.11 124.354085  69.199669  4.376
 11    62.623 52614.50692729 11.99 124.349975  69.202679  4.376
 11    61.080 52614.50692793 13.61 124.345855  69.205699  4.376
 11    54.695 52614.50692858 15.07 124.341735  69.208709  4.376
 11    48.006 52614.50692922 16.14 124.337615  69.211719  4.376
 12    62.647 52649.50690555 12.34 124.351514  69.192983  3.741
 12    61.800 52649.50690620 11.47 124.347394  69.196003  3.741
 12    61.008 52649.50690684  9.98 124.343274  69.199013  3.741
 12    60.853 52649.50690749  9.11 124.339154  69.202023  3.741
 12    57.831 52649.50690813 11.88 124.335034  69.205033  3.741
 13    64.637 52684.50688822  9.66 124.361850  69.198361  4.056
 13    63.541 52684.50688887  8.04 124.357730  69.201371  4.056
 13    62.761 52684.50688951  7.01 124.353610  69.204381  4.056
 13    62.908 52684.50689016  6.41 124.349490  69.207401  4.056
 13    53.995 52684.50689080  8.68 124.345370  69.210411  4.056
 13    51.702 52684.50689145 11.72 124.341250  69.213421  4.056
 14    64.078 52719.50694053  9.08 124.351598  69.191678  2.922
 14    63.920 52719.50694118  7.99 124.347488  69.194688  2.922
 14    62.574 52719.50694182  7.01 124.343368  69.197698  2.922
 14    61.431 52719.50694247  6.51 124.339248  69.200718  2.922
 14    60.139 52719.50694311  5.76 124.335128  69.203728  2.922
 15    64.318 52754.50696549  7.83 124.351440  69.194786  3.747
 15    63.138 52754.50696614  6.89 124.347330  69.197806  3.747
 15    62.042 52754.50696678  6.97 124.343210  69.200816  3.747
 15    64.605 52754.50696743  5.32 124.339090  69.203826  3.747
 16    75.108 52789.50691226  9.76 124.341352  69.187651  8.971
 16    70.410 52789.50691290 11.00 124.337242  69.190661  8.971
 16    69.091 52789.50691355  8.83 124.333122  69.193671  8.971
 16    67.781 52789.50691419  6.60 124.329002  69.196691  8.971
 16    64.203 52789.50691484 11.64 124.324882  69.199701  8.971
 17    19.737 52824.50698316 45.43 124.344756  69.191681 17.699
 17    19.159 52824.50698381 50.58 124.340636  69.194691 17.699
 17    19.778 52824.50698445 50.77 124.336516  69.197701 17.699
 17    19.944 52824.50698510 47.66 124.332396  69.200721 17.699
 18    18.508 52859.50702895 34.99 124.349945  69.190638 26.936
 18    17.455 52859.50702960 43.61 124.345835  69.193648 26.936
 18    17.459 52859.50703024 44.85 124.341715  69.196658 26.936
 18    17.543 52859.50703088 45.22 124.337595  69.199668 26.936
 18    18.368 52859.50703153 44.40 124.333475  69.202688 26.936
 19    70.290 52894.50706009 12.06 124.355091  69.192070 11.453
 19    68.506 52894.50706073  9.59 124.350971  69.195090 11.453
 19    67.044 52894.50706138  8.84 124.346861  69.198100 11.453
 19    67.919 52894.50706202  7.14 124.342741  69.201110 11.453
 19    67.015 52894.50706267  5.45 124.338621  69.204120 11.453
 20    61.621 52929.50701071 15.07 124.362302  69.198722  4.156
 20    60.154 52929.50701135 15.11 124.358182  69.201732  4.156
 20    58.000 52929.50701200 16.40 124.354062  69.204752  4.156
 20    56.041 52929.50701264 15.37 124.349952  69.207762  4.156
 20    61.124 52929.50701329 12.58 124.345832  69.210772  4.156
 20    52.336 52929.50701393 12.43 124.341712  69.213792  4.156
 21    62.376 52964.50699632 13.44 124.347181  69.189531  3.743
 21    61.790 52964.50699696 12.22 124.343071  69.192541  3.743
 21    60.871 52964.50699761 10.86 124.338951  69.195561  3.743
 21    59.827 52964.50699825  9.88 124.334831  69.198571  3.743
 21    58.874 52964.50699890  9.74 124.330711  69.201581  3.743
 22    62.920 52999.50703274  9.59 124.350141  69.192711  3.789
 22    61.796 52999.50703338  8.61 124.346021  69.195721  3.789
 22    60.845 52999.50703403  8.64 124.341911  69.198731  3.789
 22    60.486 52999.50703467  6.73 124.337791  69.201751  3.789
 22    59.290 52999.50703532  5.76 124.333671  69.204761  3.789
 23    67.792 53034.50698396  6.94 124.362548  69.196907  3.968
 23    63.880 53034.50698460  7.45 124.358428  69.199917  3.968
 23    63.234 53034.50698524  5.94 124.354318  69.202927  3.968
 23    62.870 53034.50698589  5.07 124.350198  69.205947  3.968
 23    61.648 53034.50698653  4.25 124.346078  69.208957  3.968
 23    60.599 53034.50698718  3.45 124.341958  69.211967  3.968
 24    67.812 53069.50700028  8.35 124.354106  69.191871  3.444
 24    62.933 53069.50700092  7.27 124.349996  69.194881  3.444
 24    65.879 53069.50700156  6.41 124.345876  69.197891  3.444
 24    66.565 53069.50700221  5.04 124.341756  69.200901  3.444
 24    65.282 53069.50700285  4.60 124.337636  69.203921  3.444
 25    65.704 53104.50698571  6.82 124.365760  69.197649  3.677
 25    65.494 53104.50698636  5.22 124.361640  69.200659  3.677
 25    65.079 53104.50698700  4.40 124.357530  69.203669  3.677
 25    63.953 53104.50698765  4.26 124.353410  69.206689  3.677
 25    65.400 53104.50698829  2.83 124.349290  69.209699  3.677
 25    61.457 53104.50698894  2.59 124.345180  69.212709  3.677
 26    71.189 53139.50700573  4.68 124.350895  69.190928  2.414
 26    71.350 53139.50700638  3.59 124.346775  69.193938  2.414
 26    70.675 53139.50700702  3.34 124.342655  69.196948  2.414
 26    69.587 53139.50700767  2.56 124.338535  69.199968  2.414
 26    68.290 53139.50700831  1.98 124.334425  69.202978  2.414
 27    68.413 53174.50704342  8.93 124.349627  69.193412 11.821
 27    67.617 53174.50704406  7.27 124.345517  69.196422 11.821
 27    67.610 53174.50704471  6.14 124.341397  69.199432 11.821
 27    66.930 53174.50704535  4.02 124.337277  69.202442 11.821
 28    63.384 53209.50706078 13.23 124.352749  69.195021  8.627
 28    19.182 53209.50706142 15.77 124.348629  69.198031  8.627
 28    21.475 53209.50706207 13.95 124.344509  69.201051  8.627
 28    22.092 53209.50706271 16.24 124.340389  69.204061  8.627
 28    23.560 53209.50706336 17.39 124.336269  69.207071  8.627
 29    17.574 53244.50702843 34.61 124.360590  69.195704 18.417
 29    17.639 53244.50702908 28.26 124.356480  69.198714 18.417
 29    18.476 53244.50702972 20.25 124.352360  69.201734 18.417
 29    18.772 53244.50703037 18.27 124.348240  69.204744 18.417
 29    19.745 53244.50703101 19.89 124.344130  69.207754 18.417
 29    25.334 53244.50703165 19.68 124.340010  69.210764 18.417
 30    19.961 53279.50700917 16.96 124.333545  69.194623 10.591
 30    21.586 53279.50700982 16.56 124.329425  69.197643 10.591
 30    22.643 53279.50701046 17.86 124.325305  69.200653 10.591
 31    63.667 53314.50702995 15.44 124.351988  69.191639  4.895
 31    62.296 53314.50703059 14.30 124.347878  69.194649  4.895
 31    61.672 53314.50703124 12.52 124.343758  69.197659  4.895
 31    61.089 53314.50703188 11.65 124.339638  69.200679  4.895
 31    59.430 53314.50703253 13.81 124.335518  69.203689  4.895
 32    63.577 53349.50699643 11.27 124.357874  69.196974  4.283
 32    63.135 53349.50699707 10.98 124.353764  69.199984  4.283
 32    62.440 53349.50699772  9.41 124.349644  69.203004  4.283
 32    61.149 53349.50699836  9.75 124.345524  69.206014  4.283
 32    54.439 53349.50699901 13.44 124.341404  69.209024  4.283
 32    24.440 53349.50699965 14.76 124.337284  69.212034  4.283
 33    61.362 53384.50697143 10.73 124.341910  69.190744  3.662
 33    60.502 53384.50697208  9.08 124.337790  69.193754  3.662
 33    60.996 53384.50697272  8.07 124.333680  69.196764  3.662
 33    59.055 53384.50697336  7.19 124.329560  69.199774  3.662
 34    64.300 53419.50697803  8.29 124.358670  69.196761  4.265
 34    63.524 53419.50697867  8.12 124.354550  69.199771  4.265
 34    61.970 53419.50697932  7.84 124.350440  69.202781  4.265
 34    60.899 53419.50697996  6.54 124.346320  69.205791  4.265
 34    59.171 53419.50698061  8.32 124.342200  69.208811  4.265
 34    48.973 53419.50698125 11.60 124.338070  69.211821  4.265
 35    63.014 53454.50698309  8.61 124.340963  69.189659  3.636
 35    62.671 53454.50698374  7.77 124.336843  69.192679  3.636
 35    61.210 53454.50698438  7.05 124.332723  69.195689  3.636
 35    59.909 53454.50698503  5.44 124.328603  69.198699  3.636
 38    20.357 53559.50708168 12.64 124.352515  69.192741 10.305
 38    21.113 53559.50708233 14.00 124.348395  69.195761 10.305
 38    19.710 53559.50708297 14.29 124.344285  69.198771 10.305
 38    20.572 53559.50708362 16.50 124.340165  69.201781 10.305
 38    22.128 53559.50708426 18.13 124.336045  69.204801 10.305
 39    65.502 53594.50702015  7.27 124.366351  69.198667 12.734
 39    65.466 53594.50702080  5.36 124.362241  69.201677 12.734
 39    64.659 53594.50702144  5.07 124.358121  69.204687 12.734
 39    59.132 53594.50702209  7.44 124.354001  69.207707 12.734
 39    24.764 53594.50702273 13.74 124.349881  69.210717 12.734
 40    60.761 53629.50701170 13.72 124.334805  69.187029 12.533
 40    20.824 53629.50701234 14.00 124.330685  69.190049 12.533
 40    20.534 53629.50701299 18.10 124.326565  69.193059 12.533
 40    56.603 53629.50701363 10.62 124.322445  69.196069 12.533
 41    63.767 53664.50703606 16.06 124.349548  69.192192  6.011
 41    63.152 53664.50703670 14.26 124.345428  69.195212  6.011
 41    61.838 53664.50703735 13.73 124.341318  69.198222  6.011
 41    60.744 53664.50703799 13.99 124.337198  69.201232  6.011
 41    59.265 53664.50703864 13.10 124.333078  69.204242  6.011
 42    64.416 53699.50699330 12.92 124.362058  69.194658  4.103
 42    63.954 53699.50699395 11.59 124.357938  69.197668  4.103
 42    63.421 53699.50699459  9.53 124.353828  69.200678  4.103
 42    62.291 53699.50699524  9.09 124.349708  69.203698  4.103
 42    57.751 53699.50699588  9.82 124.345588  69.206708  4.103
 42    54.711 53699.50699653 12.36 124.341468  69.209718  4.103
 42    49.029 53699.50699717 13.36 124.337348  69.212728  4.103
 43    65.524 53734.50691625  9.23 124.370102  69.199867  3.651
 43    64.945 53734.50691689  9.23 124.365992  69.202877  3.651
 43    64.179 53734.50691754  7.97 124.361872  69.205897  3.651
 43    63.849 53734.50691818  6.99 124.357752  69.208907  3.651
 43    61.874 53734.50691883  6.82 124.353642  69.211917  3.651
 43    55.240 53734.50691947  9.79 124.349522  69.214927  3.651
 44    64.213 53769.50690085  9.23 124.353123  69.194472  3.584
 44    63.179 53769.50690150  7.82 124.349003  69.197482  3.584
 44    61.951 53769.50690214  7.50 124.344883  69.200492  3.584
 44    60.415 53769.50690279  6.25 124.340763  69.203502  3.584
 44    58.987 53769.50690343  7.37 124.336643  69.206522  3.584
 45    66.088 53804.50689624  6.71 124.365353  69.197817  3.583
 45    64.920 53804.50689689  5.77 124.361233  69.200837  3.583
 45    64.520 53804.50689753  5.02 124.357123  69.203847  3.583
 45    63.703 53804.50689817  3.96 124.353003  69.206857  3.583
 45    62.543 53804.50689882  3.53 124.348883  69.209867  3.583
 45    59.191 53804.50689946  5.26 124.344763  69.212887  3.583
 48    60.909 53909.50700718 16.68 124.345123  69.192063 12.224
 48    23.109 53909.50700782 15.28 124.341013  69.195073 12.224
 49    64.855 53944.50702877  7.50 124.351117  69.190807 12.597
 49    63.708 53944.50702942  7.40 124.347007  69.193827 12.597
 49    64.684 53944.50703006  6.14 124.342887  69.196837 12.597
 49    63.491 53944.50703071  4.71 124.338777  69.199847 12.597
 49    61.741 53944.50703135  3.93 124.334657  69.202857 12.597
 50    18.367 53979.50697779 19.18 124.363615  69.195080 16.164
 50    17.996 53979.50697843 22.21 124.359505  69.198090 16.164
 50    18.866 53979.50697908 22.41 124.355385  69.201110 16.164
 50    19.963 53979.50697972 24.51 124.351275  69.204120 16.164
 50    20.328 53979.50698037 25.25 124.347155  69.207130 16.164
 50    20.087 53979.50698101 26.48 124.343035  69.210140 16.164
 50    20.477 53979.50698166 27.26 124.338915  69.213160 16.164
 51    62.379 54014.50699259 17.81 124.341497  69.189605  8.884
 51    60.715 54014.50699324 18.82 124.337377  69.192615  8.884
 51    20.521 54014.50699388 19.29 124.333257  69.195625  8.884
 51    19.352 54014.50699453 22.91 124.329137  69.198635  8.884
 52    63.556 54049.50699762 13.78 124.357634  69.194977  4.452
 52    63.582 54049.50699826 11.55 124.353514  69.197987  4.452
 52    62.742 54049.50699891 10.39 124.349394  69.201007  4.452
 52    57.477 54049.50699955 12.91 124.345274  69.204017  4.452
 52    23.375 54049.50700020 16.00 124.341154  69.207027  4.452
 52    23.575 54049.50700084 17.34 124.337034  69.210037  4.452
 54    66.184 54119.50691875  8.99 124.370356  69.199630  3.224
 54    65.916 54119.50691939  9.05 124.366246  69.202650  3.224
 54    64.588 54119.50692004  7.93 124.362126  69.205660  3.224
 54    64.332 54119.50692068  7.10 124.358016  69.208670  3.224
 54    62.779 54119.50692133  7.21 124.353896  69.211680  3.224
 54    49.872 54119.50692197 10.38 124.349776  69.214700  3.224
 55    63.585 54154.50694587  9.80 124.355250  69.192377  3.401
 55    63.882 54154.50694651  8.98 124.351130  69.195397  3.401
 55    62.649 54154.50694716  7.74 124.347020  69.198407  3.401
 55    61.746 54154.50694780  6.88 124.342900  69.201417  3.401
 55    60.210 54154.50694845  6.29 124.338780  69.204427  3.401
 56    65.108 54189.50691416  7.74 124.367492  69.197290  3.690
 56    65.736 54189.50691481  7.03 124.363372  69.200310  3.690
 56    65.228 54189.50691545  6.40 124.359258  69.203318  3.238
 56    63.970 54189.50691609  5.15 124.355148  69.206338  3.238
 56    62.850 54189.50691674  4.90 124.351028  69.209348  3.238
 56    59.631 54189.50691738  6.94 124.346908  69.212358  3.238
 57    71.965 54224.50695640  4.70 124.351726  69.190801  3.423
 57    71.814 54224.50695705  3.35 124.347606  69.193811  3.423
 57    71.065 54224.50695769  2.74 124.343495  69.196824  2.889
 57    72.021 54224.50695834  1.98 124.339375  69.199844  2.889
 57    70.537 54224.50695898  1.60 124.335255  69.202854  2.889
 58    26.360 54259.50697831 46.15 124.350587  69.196297 20.283
 58    26.318 54259.50697896 48.48 124.346472  69.199302 22.449
 58    26.235 54259.50697960 48.34 124.342352  69.202322 22.449
 58    26.879 54259.50698025 45.67 124.338232  69.205332 22.449
 59    69.564 54294.50698128  8.99 124.353351  69.194821 13.172
 59    68.608 54294.50698193  8.53 124.349229  69.197835 14.961
 59    68.082 54294.50698257  7.19 124.345109  69.200855 14.961
 59    67.357 54294.50698322  5.28 124.340989  69.203865 14.961
 59    62.934 54294.50698386  9.87 124.336869  69.206875 14.961
 60    18.622 54329.50697528 19.28 124.358346  69.197402 22.177
 60    19.938 54329.50697592 20.17 124.354228  69.200408 22.736
 60    17.756 54329.50697657 20.94 124.350108  69.203428 22.736
 60    18.465 54329.50697721 21.03 124.345988  69.206438 22.736
 60    20.788 54329.50697786 22.24 124.341868  69.209448 22.736
 60    18.477 54329.50697850 28.83 124.337748  69.212458 22.736
 61    69.173 54364.50692120  7.58 124.367073  69.198298 23.622
 61    69.975 54364.50692184  5.68 124.362953  69.201308 23.622
 61    69.217 54364.50692249  5.32 124.358842  69.204318 22.612
 61    65.777 54364.50692313  8.24 124.354722  69.207328 22.612
 61    64.695 54364.50692378  6.42 124.350602  69.210348 22.612
 62    64.101 54399.50691557 15.05 124.354591  69.193610  6.504
 62    63.570 54399.50691622 13.22 124.350481  69.196620  6.504
 62    62.511 54399.50691686 12.09 124.346361  69.199630  6.504
 62    61.047 54399.50691751 11.81 124.342241  69.202650  4.495
 62    59.303 54399.50691815 13.22 124.338121  69.205660  4.495
 63    65.207 54434.50687359  8.92 124.364174  69.197328  4.386
 63    64.815 54434.50687424  7.88 124.360064  69.200348  4.386
 63    63.915 54434.50687488  6.98 124.355947  69.203355  3.549
 63    63.063 54434.50687553  6.45 124.351827  69.206375  3.549
 63    58.283 54434.50687617  7.53 124.347707  69.209385  3.549
 63    53.243 54434.50687682  9.95 124.343587  69.212395  3.549
 64    63.867 54469.50689844  8.79 124.350840  69.191148  4.061
 64    63.317 54469.50689908  7.48 124.346720  69.194158  4.061
 64    62.181 54469.50689973  6.80 124.342610  69.197168  4.061
 64    61.082 54469.50690037  5.69 124.338484  69.200186  3.276
 64    59.258 54469.50690102  6.48 124.334364  69.203196  3.276
 65    64.958 54504.50688843  6.51 124.361718  69.198229  3.569
 65    63.705 54504.50688907  4.82 124.357598  69.201239  3.569
 65    64.109 54504.50688972  4.43 124.353488  69.204249  3.569
 65    62.891 54504.50689036  3.05 124.349368  69.207269  3.569
 65    61.081 54504.50689101  3.53 124.345248  69.210279  3.569
 65    51.744 54504.50689165  7.68 124.341128  69.213289  3.569
 66    69.021 54539.50691394  6.24 124.357387  69.193952  3.660
 66    64.415 54539.50691459  5.77 124.353277  69.196962  3.660
 66    66.724 54539.50691523  5.27 124.349157  69.199972  3.660
 66    64.972 54539.50691588  4.60 124.345037  69.202982  3.660
 66    64.907 54539.50691652  3.55 124.340917  69.206002  3.660
 66    63.652 54539.50691717  2.78 124.336797  69.209012  3.660
 67    69.271 54574.50688899  4.11 124.365554  69.197628  3.456
 67    69.295 54574.50688964  3.08 124.361444  69.200638  3.456
 67    67.991 54574.50689028  2.83 124.357324  69.203658  3.456
 67    66.700 54574.50689093  2.26 124.353204  69.206668  3.456
 67    66.531 54574.50689157  1.67 124.349094  69.209678  3.456
 67    64.553 54574.50689222  1.31 124.344974  69.212698  3.456
 68    68.955 54609.50690664 13.25 124.354915  69.193879  9.764
 68    70.813 54609.50690728 11.11 124.350795  69.196899  9.764
 68    68.384 54609.50690793 10.87 124.346685  69.199909  9.764
 68    67.559 54609.50690857 13.28 124.342565  69.202919  9.764
 68    37.353 54609.50690922 18.69 124.338445  69.205929  9.764
 69    21.704 54644.50691454 17.92 124.355397  69.194533  9.758
 69    21.679 54644.50691518 17.64 124.351277  69.197553  9.758
 69    21.674 54644.50691583 18.17 124.347167  69.200563  9.758
 69    21.839 54644.50691647 18.77 124.343047  69.203573  9.758
 69    24.132 54644.50691711 19.01 124.338927  69.206583  9.758
 70    18.815 54679.50691633 40.45 124.353044  69.195448 20.983
 70    17.084 54679.50691697 39.35 124.348924  69.198468 20.983
 70    19.586 54679.50691762 22.81 124.344804  69.201478 20.983
 70    18.748 54679.50691826 21.79 124.340694  69.204488 20.983
 70    19.467 54679.50691891 20.18 124.336574  69.207498 20.983
 71    69.549 54714.50686766 11.80 124.368993  69.197377 10.770
 71    68.858 54714.50686831 11.73 124.364873  69.200387 10.770
 71    21.905 54714.50686960 14.80 124.356643  69.206417 10.770
 71    23.065 54714.50687024 16.23 124.352523  69.209427 10.770
 71    23.592 54714.50687089 21.36 124.348403  69.212437 10.770
 72    63.932 54749.50688571 19.01 124.350648  69.191673 12.943
 72    62.795 54749.50688636 18.37 124.346528  69.194693 12.943
 72    62.000 54749.50688700 15.77 124.342418  69.197703 12.943
 72    61.149 54749.50688765 12.91 124.338298  69.200713 12.943
 72    56.764 54749.50688829 15.92 124.334178  69.203723 12.943
 73    64.308 54784.50685594 10.20 124.359021  69.197395  4.402
 73    63.747 54784.50685658  9.04 124.354901  69.200415  4.402
 73    62.774 54784.50685723  8.68 124.350781  69.203425  4.402
 73    62.094 54784.50685787  7.60 124.346671  69.206435  4.402
 73    55.864 54784.50685852 11.02 124.342551  69.209445  4.402
 73    24.140 54784.50685916 13.11 124.338431  69.212465  4.402
 74    63.120 54819.50687822 10.61 124.352052  69.191240  4.151
 74    63.433 54819.50687886  8.91 124.347932  69.194260  4.151
 74    62.591 54819.50687951  7.72 124.343822  69.197270  4.151
 74    61.512 54819.50688015  6.17 124.339702  69.200280  4.151
 74    59.961 54819.50688080  6.44 124.335582  69.203290  4.151
 75    64.883 54854.50685256  7.24 124.360189  69.196623  4.139
 75    64.326 54854.50685320  6.17 124.356079  69.199633  4.139
 75    62.952 54854.50685385  5.32 124.351959  69.202653  4.139
 75    63.020 54854.50685449  4.05 124.347839  69.205663  4.139
 75    55.950 54854.50685514  6.69 124.343719  69.208673  4.139
 75    53.508 54854.50685578  8.47 124.339599  69.211683  4.139
 76    64.224 54889.50688320  7.07 124.354020  69.194214  4.196
 76    63.623 54889.50688385  6.17 124.349900  69.197234  4.196
 76    62.856 54889.50688449  5.22 124.345790  69.200244  4.196
 76    61.922 54889.50688514  4.25 124.341670  69.203254  4.196
 76    60.897 54889.50688578  3.20 124.337550  69.206264  4.196
 77    65.632 54924.50685222  6.03 124.366005  69.198765  3.693
 77    65.670 54924.50685286  5.49 124.361895  69.201775  3.693
 77    65.078 54924.50685351  3.75 124.357775  69.204795  3.693
 77    65.577 54924.50685415  3.39 124.353665  69.207805  3.693
 77    62.866 54924.50685480  3.02 124.349545  69.210815  3.693
 77    61.558 54924.50685544  2.45 124.345425  69.213835  3.693
 78    13.341 54959.50688080 25.72 124.349516  69.192179  9.749
 78    13.127 54959.50688144 28.39 124.345406  69.195189  9.749
 78    12.116 54959.50688209 30.73 124.341286  69.198199  9.749
 78    12.702 54959.50688273 27.71 124.337166  69.201209  9.749
 78    17.241 54959.50688337 24.64 124.333046  69.204229  9.749
 79    68.428 54994.50690315 12.46 124.351601  69.195063 12.458
 79    68.414 54994.50690380 10.77 124.347491  69.198073 12.458
 79    67.782 54994.50690444  9.94 124.343371  69.201083 12.458
 79    66.985 54994.50690509  8.91 124.339251  69.204103 12.458
 80    19.498 55029.50689319 45.49 124.354760  69.196126 24.556
 80    17.881 55029.50689384 44.55 124.350650  69.199136 24.556
 80    19.955 55029.50689448 35.36 124.346530  69.202146 24.556
 80    19.870 55029.50689513 37.64 124.342410  69.205156 24.556
 80    19.095 55029.50689577 32.28 124.338290  69.208176 24.556
 81    21.737 55064.50688402 14.53 124.359604  69.194216 13.763
 81    19.762 55064.50688467 15.55 124.355494  69.197226 13.763
 81    20.730 55064.50688531 15.53 124.351374  69.200246 13.763
 81    20.215 55064.50688596 16.93 124.347254  69.203256 13.763
 81    20.837 55064.50688660 16.84 124.343134  69.206266 13.763
 81    23.986 55064.50688725 18.35 124.339014  69.209276 13.763
 82    18.481 55099.50682897 21.40 124.366604  69.199649 18.484
 82    21.143 55099.50682962 19.50 124.362484  69.202659 18.484
 82    24.898 55099.50683026 21.06 124.358374  69.205669 18.484
 82    23.567 55099.50683091 21.76 124.354254  69.208689 18.484
 82    26.373 55099.50683155 22.39 124.350134  69.211699 18.484
 82    26.080 55099.50683219 25.13 124.346014  69.214709 18.484
 83    64.008 55134.50682819 17.53 124.352576  69.191427  5.804
 83    62.967 55134.50682884 15.41 124.348456  69.194447  5.804
 83    62.327 55134.50682948 14.45 124.344346  69.197457  5.804
 83    61.196 55134.50683013 13.64 124.340226  69.200467  5.804
 83    59.609 55134.50683077 14.56 124.336106  69.203477  5.804
 84    64.046 55169.50679317  9.98 124.361810  69.197651  4.680
 84    63.752 55169.50679381  9.32 124.357690  69.200671  4.680
 84    63.298 55169.50679446  7.58 124.353580  69.203681  4.680
 84    62.133 55169.50679510  7.62 124.349460  69.206691  4.680
 84    55.092 55169.50679575 11.20 124.345340  69.209701  4.680
 84    52.928 55169.50679639 12.20 124.341220  69.212721  4.680
 85    63.223 55204.50682129  9.24 124.351922  69.191606  4.094
 85    62.943 55204.50682193  7.61 124.347802  69.194626  4.094
 85    62.357 55204.50682258  6.89 124.343692  69.197636  4.094
 85    60.468 55204.50682322  5.65 124.339572  69.200646  4.094
 85    59.215 55204.50682387  6.19 124.335452  69.203656  4.094
 86    64.591 55239.50679991  6.43 124.362240  69.197777  4.099
 86    64.330 55239.50680055  4.80 124.358130  69.200787  4.099
 86    63.581 55239.50680120  4.74 124.354010  69.203807  4.099
 86    62.905 55239.50680184  3.42 124.349890  69.206817  4.099
 86    58.626 55239.50680249  5.86 124.345780  69.209827  4.099
 86    24.481 55239.50680313  9.07 124.341660  69.212837  4.099
 87    64.378 55274.50681551  6.30 124.357835  69.194399  3.845
 87    63.948 55274.50681615  4.69 124.353725  69.197409  3.845
 87    62.949 55274.50681680  4.16 124.349605  69.200419  3.845
 87    62.139 55274.50681744  3.73 124.345485  69.203429  3.845
 87    59.693 55274.50681809  4.62 124.341365  69.206449  3.845
 87    57.433 55274.50681873  7.29 124.337245  69.209459  3.845
 88    70.623 55309.50678315  8.72 124.367969  69.196462  8.023
 88    70.855 55309.50678379  6.72 124.363849  69.199472  8.023
 88    71.222 55309.50678444  5.66 124.359739  69.202482  8.023
 88    71.566 55309.50678508  4.59 124.355619  69.205502  8.023
 88    69.743 55309.50678572  5.47 124.351499  69.208512  8.023
 88    69.171 55309.50678637  4.78 124.347389  69.211522  8.023
 90    18.368 55379.50677822 20.60 124.361363  69.195067 15.629
 90    18.933 55379.50677887 23.19 124.357243  69.198087 15.629
 90    19.557 55379.50677951 24.26 124.353133  69.201097 15.629
 90    20.153 55379.50678016 24.92 124.349013  69.204107 15.629
 90    20.187 55379.50678080 25.69 124.344893  69.207117 15.629
 90    19.884 55379.50678145 27.54 124.340773  69.210137 15.629
 91    16.969 55414.50680389 23.02 124.348063  69.193693 13.358
 91    16.917 55414.50680454 23.42 124.343953  69.196703 13.358
 91    18.257 55414.50680518 23.21 124.339833  69.199713 13.358
 91    16.497 55414.50680583 26.50 124.335713  69.202723 13.358
 92    18.273 55449.50679119 30.27 124.360162  69.196628 15.010
 92    18.246 55449.50679183 20.79 124.356052  69.199638 15.010
 92    18.400 55449.50679248 19.61 124.351932  69.202658 15.010
 92    18.851 55449.50679312 19.07 124.347812  69.205668 15.010
 92    19.436 55449.50679377 19.52 124.343692  69.208678 15.010
 92    25.367 55449.50679441 20.03 124.339572  69.211688 15.010
 93    64.975 55484.50671701 17.33 124.371594  69.198690  5.706
 93    66.026 55484.50671766 15.38 124.367474  69.201700  5.706
 93    65.529 55484.50671830 15.24 124.363364  69.204710  5.706
 93    64.536 55484.50671895 16.75 124.359244  69.207720  5.706
 93    63.671 55484.50671959 13.66 124.355124  69.210740  5.706
 93    56.887 55484.50672024 14.72 124.351004  69.213750  5.706
