# NaN NaN NaN ;Mean Elev.(m), Avg Gradient(m/km), RMS Gradient(m/km) - SRTM1     
#  150.332   1.302  64.509 ;Mean Elev.(m), Avg Gradient(m/km), RMS Gradient(m/km) - ASTER GDEM
#  153.000   1.229  67.883 ;Mean Elev.(m), Avg Gradient(m/km), RMS Gradient(m/km) - GMTED2010 
  7 114.782497  60.652783   164.417   164.417  2 52459.55505788 14.145
 10 114.783498  60.650768   156.841   156.841  2 52564.55505085 44.111
 12 114.775259  60.646157   162.471   162.471  2 52634.55503178  5.143
 13 114.780826  60.650727   159.320   158.543  3 52669.55504377  5.800
 14 114.778536  60.650053   156.984   156.984  2 52704.55502984  4.920
 18 114.774077  60.648347   156.981   156.981  2 52844.55514467 39.613
 19 114.777339  60.650380   165.301   165.301  2 52879.55518277 41.166
 20 114.791169  60.655299   170.278   170.278  2 52914.55514104  8.314
 21 114.776299  60.646291   157.040   157.040  2 52949.55509880 35.804
 22 114.783655  60.651575   158.127   158.177  3 52984.55512652  9.169
 23 114.787121  60.653708   165.781   165.781  2 53019.55511836  3.478
 24 114.780585  60.648677   165.895   165.895  2 53054.55510282  1.137
 28 114.784318  60.652394   161.419   161.364  3 53194.55516629 42.876
 29 114.787142  60.653586   165.522   164.518  3 53229.55515705 17.392
 30 114.788131  60.656235   161.248   161.248  2 53264.55512896 20.266
 33 114.792283  60.655715   165.685   165.685  2 53369.55508485 11.031
 34 114.778232  60.650438   163.922   163.922  2 53404.55511647  5.692
 35 114.788525  60.655660   163.899   163.899  2 53439.55510482  4.126
 38 114.780178  60.650291   163.581   163.870  3 53544.55519890 26.216
 40 114.786511  60.655052   158.017   158.017  2 53614.55513233 44.495
 41 114.779498  60.648835   158.252   158.252  2 53649.55513925 39.482
 42 114.779913  60.648883   155.518   155.518  2 53684.55515185 39.282
 43 114.790588  60.656220   163.881   163.792  3 53719.55507954  4.761
 44 114.780736  60.650523   165.627   165.627  2 53754.55500184  2.154
 45 114.786057  60.654480   164.350   164.350  2 53789.55503244  3.833
 46 114.774601  60.648380   165.380   165.380  2 53824.55498752  1.329
 47 114.775347  60.648117   167.951   167.951  2 53859.55508075 17.097
 49 114.774625  60.646943   159.803   159.803  2 53929.55515268 33.678
 50 114.780817  60.649999   165.658   165.658  2 53964.55513241 37.574
 52 114.780784  60.649916   156.912   156.912  2 54034.55513161 41.653
 53 114.783328  60.653064   157.444   157.444  2 54069.55512609 14.117
 54 114.789473  60.655105   161.680   160.580  3 54104.55508198  4.664
 55 114.778081  60.647757   161.021   161.021  2 54139.55505647  3.901
 56 114.785516  60.653886   157.333   156.186  3 54174.55506110  5.809
 57 114.777138  60.647806   159.305   159.305  2 54209.55506279  2.072
 59 114.779900  60.652471   163.172   163.172  2 54279.55510651 17.651
 60 114.783619  60.653536   164.707   164.707  2 54314.55510614 36.312
 61 114.787734  60.654608   158.308   157.288  3 54349.55507568 44.594
 62 114.780125  60.648737   159.506   159.506  2 54384.55504359 42.210
 63 114.785611  60.653899   160.984   159.857  3 54419.55502512 36.552
 64 114.776059  60.645856   162.893   162.893  2 54454.55501445 11.515
 65 114.785108  60.652645   161.599   161.727  3 54489.55502453  5.936
 68 114.780936  60.651063   159.363   160.126  3 54594.55502440 21.030
 69 114.781725  60.651070   164.720   164.720  2 54629.55503862 41.739
 70 114.779540  60.650183   161.429   161.541  3 54664.55504539 23.358
 74 114.776377  60.647083   163.798   163.798  2 54804.55499704  8.793
 75 114.781865  60.652251   164.718   164.718  2 54839.55499157  1.661
 76 114.779099  60.648068   163.611   163.611  2 54874.55499730  2.543
 80 114.782103  60.651198   164.157   164.196  3 55014.55502132 21.380
 82 114.788494  60.656325   166.817   166.817  2 55084.55498371 21.621
 84 114.784409  60.651820   157.157   157.157  2 55154.55494215 16.071
 85 114.777025  60.646681   159.136   159.136  2 55189.55493585  8.410
 86 114.782803  60.653189   156.968   156.968  2 55224.55494213  5.719
 87 114.781297  60.650543   156.683   156.683  2 55259.55493213  3.411
 88 114.787000  60.654635   157.231   157.231  2 55294.55492889  2.961
 90 114.785205  60.653251   166.819   166.819  2 55364.55490899 13.129
 91 114.776489  60.648463   163.249   163.249  2 55399.55491907 12.430
 92 114.784754  60.651727   161.679   161.679  2 55434.55492526 32.295
 93 114.790816  60.656156   163.594   163.648  3 55469.55488061 35.753
