# NaN NaN NaN ;Mean Elev.(m), Avg Gradient(m/km), RMS Gradient(m/km) - SRTM1     
#   -0.252 -14.094  44.981 ;Mean Elev.(m), Avg Gradient(m/km), RMS Gradient(m/km) - ASTER GDEM
#   11.350 -14.176  49.636 ;Mean Elev.(m), Avg Gradient(m/km), RMS Gradient(m/km) - GMTED2010 
  9     1.735 52513.48942691 17.92 127.374275  71.451891  4.701
  9     3.291 52513.48942755 12.65 127.369205  71.454821  4.701
  9     2.036 52513.48942820 11.48 127.364135  71.457751  4.701
  9     1.757 52513.48942884 11.52 127.359055  71.460681  4.701
  9     1.708 52513.48942949 12.74 127.353985  71.463621  4.701
  9     1.736 52513.48943013 14.37 127.348902  71.466546  7.932
  9     1.613 52513.48943078 16.33 127.343822  71.469486  7.932
  9     2.708 52513.48943142 15.87 127.338742  71.472416  7.932
  9     1.519 52513.48943206 16.82 127.333662  71.475346  7.932
  9     3.131 52513.48943271 16.70 127.328582  71.478276  7.932
  9     2.110 52513.48943335 17.50 127.323492  71.481216  7.932
  9     3.085 52513.48943400 17.85 127.318402  71.484146  7.932
  9     2.113 52513.48943464 17.22 127.313322  71.487076  7.932
  9     2.029 52513.48943529 18.73 127.308232  71.490006  7.932
  9     2.271 52513.48943593 16.51 127.303142  71.492936  7.932
  9     2.887 52513.48943658 15.49 127.298042  71.495876  7.932
 10     3.477 52548.48947025 15.67 127.336696  71.448452  5.559
 10     3.624 52548.48947090 13.98 127.331619  71.451390  4.859
 10     3.693 52548.48947154 12.46 127.326539  71.454320  4.859
 10     3.754 52548.48947219 10.92 127.321459  71.457250  4.859
 10     3.842 52548.48947283 11.06 127.316389  71.460190  4.859
 10     4.036 52548.48947348 10.71 127.311299  71.463120  4.859
 10     4.035 52548.48947412 12.53 127.306219  71.466050  4.859
 11     1.779 52583.48946535 25.56 127.369860  71.442557 10.951
 11     2.041 52583.48946599 27.32 127.364790  71.445497 10.951
 11     1.891 52583.48946664 28.14 127.359720  71.448427 10.951
 11     1.730 52583.48946728 28.28 127.354640  71.451357 10.951
 11     1.786 52583.48946793 29.28 127.349570  71.454287 10.951
 11     1.818 52583.48946857 28.01 127.344500  71.457227 10.951
 11     1.783 52583.48946922 28.62 127.339420  71.460157 10.951
 11     1.707 52583.48946986 28.29 127.334340  71.463087 10.951
 11     1.814 52583.48947051 29.23 127.329260  71.466017 10.951
 11     1.621 52583.48947115 27.38 127.324180  71.468957 10.951
 11     1.631 52583.48947180 26.50 127.319100  71.471887 10.951
 11     1.722 52583.48947244 26.32 127.314010  71.474817 10.951
 11     1.709 52583.48947308 25.33 127.308920  71.477747 10.951
 12     0.961 52618.48944144 12.90 127.372065  71.447605  5.179
 12     1.085 52618.48944208 13.95 127.366995  71.450535  5.179
 12     1.148 52618.48944273 13.49 127.361925  71.453475  5.179
 12     1.061 52618.48944337 13.81 127.356855  71.456405  5.179
 12     1.035 52618.48944402 14.06 127.351785  71.459335  5.179
 12     1.036 52618.48944466 13.75 127.346705  71.462275  5.179
 12     1.054 52618.48944531 13.49 127.341635  71.465205  5.179
 12     1.038 52618.48944595 14.08 127.336555  71.468135  5.179
 12     0.991 52618.48944659 14.31 127.331475  71.471075  5.179
 12     0.930 52618.48944724 14.87 127.326395  71.474005  5.179
 12     0.989 52618.48944788 14.58 127.321305  71.476935  5.179
 12     1.071 52618.48944853 15.12 127.316225  71.479865  5.179
 12     0.824 52618.48944917 15.84 127.311135  71.482795  5.179
 12     0.775 52618.48944982 16.48 127.306055  71.485735  5.179
 12     0.720 52618.48945046 16.73 127.300965  71.488665  5.179
 13     2.404 52653.48941759 11.90 127.367779  71.442606  7.258
 13     2.321 52653.48941824 13.35 127.362709  71.445536  7.258
 13     1.363 52653.48941888 13.39 127.357629  71.448476  7.258
 13     1.398 52653.48941953 14.08 127.352559  71.451406  7.258
 13     1.293 52653.48942017 15.29 127.347479  71.454336  7.258
 13     1.445 52653.48942082 15.26 127.342409  71.457266  7.258
 13     1.407 52653.48942146 15.29 127.337329  71.460206  7.258
 13     1.467 52653.48942211 14.67 127.332249  71.463136  7.258
 13     1.396 52653.48942275 16.03 127.327169  71.466066  7.258
 13     1.398 52653.48942340 15.82 127.322089  71.468996  7.258
 13     1.426 52653.48942404 16.45 127.316999  71.471926  7.258
 13     1.295 52653.48942469 16.88 127.311919  71.474866  7.258
 13     1.193 52653.48942533 15.99 127.306828  71.477797  4.406
 14     1.957 52688.48941818 10.25 127.370992  71.451114  7.332
 14     1.710 52688.48941882 11.10 127.365922  71.454054  7.332
 14     1.988 52688.48941947 11.27 127.360842  71.456984  7.332
 14     1.822 52688.48942011 11.99 127.355772  71.459914  7.332
 14     1.121 52688.48942076 12.82 127.350692  71.462854  7.332
 14     1.244 52688.48942140 14.10 127.345622  71.465784  7.332
 14     1.203 52688.48942204 14.29 127.340542  71.468714  7.332
 14     1.254 52688.48942269 14.88 127.335462  71.471644  7.332
 14     1.225 52688.48942333 15.37 127.330382  71.474584  7.332
 14     1.232 52688.48942398 15.77 127.325292  71.477514  7.332
 14     1.278 52688.48942462 15.60 127.320212  71.480444  7.332
 14     1.179 52688.48942527 15.70 127.315128  71.483376  4.894
 14     1.040 52688.48942591 16.69 127.310038  71.486306  4.894
 14     1.041 52688.48942656 16.72 127.304948  71.489236  4.894
 14     0.976 52688.48942720 16.40 127.299858  71.492176  4.894
 15     1.198 52723.48946205 10.07 127.369724  71.440181  3.718
 15     1.709 52723.48946270  9.70 127.364654  71.443111  3.718
 15     1.436 52723.48946334  9.65 127.359594  71.446051  3.718
 15     1.226 52723.48946399 10.54 127.354514  71.448981  3.718
 15     1.307 52723.48946463 11.40 127.349444  71.451911  3.718
 15     1.472 52723.48946528 11.37 127.344374  71.454851  3.718
 15     1.196 52723.48946592 11.92 127.339294  71.457781  3.718
 15     1.207 52723.48946657 12.11 127.334214  71.460711  3.718
 15     1.184 52723.48946721 11.34 127.329134  71.463641  3.718
 15     1.184 52723.48946786 11.55 127.324054  71.466581  3.718
 15     1.289 52723.48946850 11.62 127.318974  71.469511  3.718
 15     1.034 52723.48946915 12.67 127.313894  71.472441  3.718
 15     1.041 52723.48946979 12.12 127.308806  71.475369  2.876
 16     2.283 52758.48948537  6.17 127.353990  71.451677  4.078
 16     1.653 52758.48948602  8.49 127.348920  71.454607  4.078
 16     2.387 52758.48948666  7.21 127.343850  71.457537  4.078
 16     2.628 52758.48948731  6.79 127.338780  71.460477  4.078
 16     2.749 52758.48948795  6.63 127.333700  71.463407  4.078
 16     2.859 52758.48948860  7.32 127.328620  71.466337  4.078
 16     2.724 52758.48948924  6.67 127.323540  71.469267  4.078
 16     2.767 52758.48948989  7.06 127.318460  71.472207  4.078
 17   152.424 52793.48943580  5.39 127.362023  71.436411  3.459
 17   152.904 52793.48943644  6.13 127.356963  71.439341  3.459
 17   153.877 52793.48943709  6.58 127.351883  71.442281  3.459
 17   154.011 52793.48943773  7.61 127.346813  71.445211  3.459
 17   155.066 52793.48943838  7.90 127.341743  71.448141  3.459
 17   150.468 52793.48943902  8.75 127.336663  71.451071  3.459
 17   149.764 52793.48943967  9.63 127.331583  71.454011  3.459
 17   144.845 52793.48944031 11.33 127.326513  71.456941  3.459
 17   147.666 52793.48944096 11.65 127.321433  71.459871  3.459
 17   146.768 52793.48944160 12.73 127.316343  71.462801  3.459
 17   147.097 52793.48944225 13.86 127.311263  71.465731  3.459
 17   148.232 52793.48944289 14.05 127.306183  71.468671  3.459
 18   154.743 52828.48950401  0.02 127.360314  71.439710  4.860
 18   157.347 52828.48950530  0.21 127.350164  71.445580  4.860
 19   155.459 52863.48954863  5.69 127.368503  71.439494  5.418
 19   156.833 52863.48954927  6.04 127.363433  71.442424  5.418
 19   159.747 52863.48954992  6.54 127.358363  71.445354  5.418
 19   160.515 52863.48955056  6.92 127.353283  71.448294  5.418
 19   162.550 52863.48955121  7.55 127.348213  71.451224  5.418
 19   163.834 52863.48955185  8.37 127.343133  71.454154  5.418
 19   165.915 52863.48955249  8.44 127.338063  71.457084  5.418
 19   166.204 52863.48955314  9.74 127.332983  71.460024  5.418
 19   168.668 52863.48955378 10.28 127.327903  71.462954  5.418
 19   170.267 52863.48955443 10.56 127.322823  71.465884  5.418
 19   151.046 52863.48955507 15.08 127.317733  71.468814  5.418
 19   150.662 52863.48955572 15.66 127.312653  71.471754  5.418
 19   156.492 52863.48955636 14.31 127.307563  71.474684  5.418
 20     4.004 52898.48957923 17.68 127.366782  71.445968  5.561
 20     6.088 52898.48957987  9.39 127.361722  71.448908  5.561
 20     6.650 52898.48958052  9.02 127.356642  71.451838  5.561
 20     6.426 52898.48958116  9.87 127.351572  71.454768  5.561
 20     7.030 52898.48958181  8.97 127.346502  71.457708  5.561
 20     7.321 52898.48958245  8.85 127.341422  71.460638  5.561
 20     7.476 52898.48958310  8.85 127.336342  71.463568  5.561
 20     8.043 52898.48958374  9.32 127.331262  71.466498  5.561
 20     8.181 52898.48958438  9.34 127.326182  71.469438  5.561
 20     8.042 52898.48958503 11.27 127.321102  71.472368  5.561
 20     8.015 52898.48958567 13.16 127.316022  71.475298  5.561
 20     8.085 52898.48958632 16.66 127.310934  71.478229  7.232
 20     8.893 52898.48958696 17.22 127.305844  71.481159  7.232
 21     5.669 52933.48952480 26.71 127.371639  71.449884 24.349
 21     5.343 52933.48952545 30.06 127.366569  71.452814 24.349
 21     6.125 52933.48952609 31.16 127.361499  71.455744 24.349
 21     4.512 52933.48952674 37.87 127.356419  71.458684 24.349
 21     4.718 52933.48952738 36.64 127.351349  71.461614 24.349
 21     4.605 52933.48952803 37.25 127.346269  71.464544 24.349
 21     4.389 52933.48952867 39.51 127.341199  71.467484 24.349
 21     4.679 52933.48952932 36.66 127.336119  71.470414 24.349
 21     4.469 52933.48952996 35.84 127.331039  71.473344 24.349
 21     4.566 52933.48953061 34.50 127.325949  71.476274 24.349
 21     4.497 52933.48953125 35.07 127.320869  71.479214 24.349
 21     4.547 52933.48953190 38.36 127.315789  71.482144 24.349
 21     4.479 52933.48953254 39.48 127.310699  71.485074 24.349
 21     4.273 52933.48953319 31.05 127.305615  71.488003  7.995
 21     4.199 52933.48953383 30.06 127.300525  71.490933  7.995
 22     2.207 52968.48953279 17.29 127.363540  71.437716 11.309
 22     1.982 52968.48953343 18.06 127.358470  71.440656 11.309
 22     2.121 52968.48953408 19.13 127.353400  71.443586 11.309
 22     2.045 52968.48953472 19.64 127.348330  71.446516 11.309
 22     2.042 52968.48953537 20.31 127.343260  71.449446 11.309
 22     0.815 52968.48953601 21.85 127.338180  71.452386 11.309
 22     1.057 52968.48953665 21.31 127.333110  71.455316 11.309
 22     0.895 52968.48953730 20.87 127.328030  71.458246 11.309
 22     0.950 52968.48953794 19.41 127.322950  71.461179  4.848
 22     0.949 52968.48953859 19.29 127.317870  71.464109  4.848
 22     0.865 52968.48953923 17.91 127.312790  71.467039  4.848
 22     0.738 52968.48953988 16.98 127.307700  71.469979  4.848
 23     2.533 53003.48955511 13.09 127.366717  71.440515  8.810
 23     1.982 53003.48955576 14.27 127.361647  71.443445  8.810
 23     2.412 53003.48955640 13.92 127.356577  71.446385  8.810
 23     2.479 53003.48955705 14.14 127.351507  71.449315  8.810
 23     2.205 53003.48955769 14.08 127.346437  71.452245  8.810
 23     2.700 53003.48955834 13.48 127.341367  71.455185  8.810
 23     2.259 53003.48955898 13.32 127.336287  71.458115  8.810
 23     1.421 53003.48955963 13.96 127.331217  71.461045  8.810
 23     1.458 53003.48956027 13.82 127.326137  71.463975  8.810
 23     1.405 53003.48956091 13.88 127.321057  71.466915  8.810
 23     1.259 53003.48956156 13.63 127.315977  71.469845  8.810
 23     1.227 53003.48956220 12.88 127.310887  71.472775  8.810
 23     1.233 53003.48956285 12.48 127.305803  71.475704  3.684
 24     2.005 53038.48950566 12.22 127.370919  71.449294  8.691
 24     2.277 53038.48950631 11.39 127.365859  71.452224  8.691
 24     2.245 53038.48950695 12.00 127.360779  71.455154  8.691
 24     2.622 53038.48950760 11.11 127.355709  71.458094  8.691
 24     2.403 53038.48950824 11.77 127.350639  71.461024  8.691
 24     2.164 53038.48950889 11.85 127.345559  71.463954  8.691
 24     2.399 53038.48950953 11.67 127.340479  71.466894  8.691
 24     1.378 53038.48951017 12.38 127.335409  71.469824  8.691
 24     1.361 53038.48951082 11.63 127.330329  71.472754  8.691
 24     1.385 53038.48951146 12.15 127.325249  71.475684  8.691
 24     1.373 53038.48951211 11.41 127.320158  71.478621  3.963
 24     1.294 53038.48951275 11.69 127.315078  71.481551  3.963
 24     1.268 53038.48951340 10.76 127.309988  71.484481  3.963
 24     1.278 53038.48951404 11.14 127.304908  71.487421  3.963
 24     0.985 53038.48951469 11.68 127.299818  71.490351  3.963
 25     2.486 53073.48953250 13.61 127.369619  71.442049 10.957
 25     2.733 53073.48953315 14.16 127.364559  71.444989 10.957
 25     2.680 53073.48953379 15.18 127.359489  71.447919 10.957
 25     2.499 53073.48953444 15.09 127.354409  71.450849 10.957
 25     2.936 53073.48953508 15.03 127.349339  71.453789 10.957
 25     2.582 53073.48953573 14.27 127.344269  71.456719 10.957
 25     1.368 53073.48953637 15.81 127.339189  71.459649 10.957
 25     1.203 53073.48953702 16.54 127.334109  71.462579 10.957
 25     1.267 53073.48953766 15.06 127.329031  71.465518  4.184
 25     1.139 53073.48953831 13.47 127.323951  71.468448  4.184
 25     1.094 53073.48953895 12.93 127.318871  71.471378  4.184
 25     1.069 53073.48953960 13.47 127.313791  71.474308  4.184
 25     0.916 53073.48954024 11.94 127.308701  71.477248  4.184
 26     2.303 53108.48950612 12.01 127.373677  71.450534  8.550
 26     2.364 53108.48950676 12.02 127.368607  71.453464  8.550
 26     2.558 53108.48950740 12.05 127.363527  71.456394  8.550
 26     2.788 53108.48950805 11.65 127.358457  71.459334  8.550
 26     1.144 53108.48950869 12.86 127.353387  71.462264  8.550
 26     1.284 53108.48950934 12.84 127.348307  71.465194  8.550
 26     1.313 53108.48950998 11.55 127.343237  71.468134  8.550
 26     1.243 53108.48951063 10.76 127.338157  71.471064  8.550
 26     1.170 53108.48951127 11.34 127.333077  71.473994  8.550
 26     1.020 53108.48951192 11.20 127.327997  71.476924  8.550
 26     0.994 53108.48951256  9.93 127.322910  71.479862  3.793
 26     1.003 53108.48951321 10.00 127.317830  71.482792  3.793
 26     0.942 53108.48951385 10.98 127.312740  71.485722  3.793
 26     0.985 53108.48951450  9.91 127.307650  71.488662  3.793
 26     0.939 53108.48951514  9.68 127.302570  71.491592  3.793
 26     1.028 53108.48951579  9.77 127.297480  71.494522  3.793
 27     1.115 53143.48954166 10.88 127.367056  71.437066  7.469
 27     1.269 53143.48954231 11.46 127.361986  71.440006  7.469
 27     1.227 53143.48954295 13.55 127.356916  71.442936  7.469
 27     1.216 53143.48954360 15.49 127.351846  71.445866  7.469
 27     1.260 53143.48954424 14.90 127.346766  71.448806  7.469
 27     1.247 53143.48954489 15.35 127.341696  71.451736  7.469
 27     1.295 53143.48954553 14.84 127.336616  71.454666  7.469
 27     1.118 53143.48954617 14.51 127.331546  71.457596  7.469
 27     1.012 53143.48954682 14.32 127.326464  71.460534  4.565
 27     0.854 53143.48954746 13.98 127.321384  71.463464  4.565
 27     0.761 53143.48954811 12.59 127.316304  71.466394  4.565
 27     0.662 53143.48954875 10.97 127.311224  71.469324  4.565
 27     0.623 53143.48954940 10.37 127.306134  71.472264  4.565
 28   150.531 53178.48956154 12.31 127.371958  71.440988  9.497
 28   151.813 53178.48956218 12.80 127.366888  71.443918  9.497
 28   153.400 53178.48956283 13.47 127.361818  71.446848  9.497
 28   156.434 53178.48956347 14.18 127.356748  71.449788  9.497
 28   157.161 53178.48956412 14.69 127.351678  71.452718  9.497
 28   160.607 53178.48956476 14.85 127.346598  71.455648  9.497
 28   163.173 53178.48956540 15.48 127.341528  71.458588  9.497
 28   162.419 53178.48956605 16.63 127.336448  71.461518  9.497
 28   164.755 53178.48956669 17.27 127.331368  71.464448  9.497
 28   160.417 53178.48956734 19.04 127.326288  71.467378  9.497
 28   154.535 53178.48956798 19.60 127.321208  71.470318  9.497
 28   154.236 53178.48956863 21.69 127.316118  71.473248  9.497
 28   150.093 53178.48956927 23.23 127.311038  71.476178  9.497
 28   149.865 53178.48956992 23.68 127.305948  71.479108  9.497
 30   156.990 53248.48955449  2.26 127.360172  71.455076  3.528
 30   158.109 53248.48955514  5.46 127.355102  71.458006  3.528
 30   166.846 53248.48955578  4.05 127.350032  71.460936  3.528
 30   162.682 53248.48955643  4.55 127.344952  71.463876  3.528
 30   163.526 53248.48955707  5.44 127.339872  71.466806  3.528
 30   164.903 53248.48955772  6.54 127.334792  71.469736  3.528
 30   150.427 53248.48955836  8.30 127.329712  71.472666  3.528
 30   148.431 53248.48955901 10.09 127.324635  71.475603  5.042
 30   149.191 53248.48955965 10.68 127.319545  71.478533  5.042
 30   150.168 53248.48956030  9.51 127.314465  71.481463  5.042
 30   150.992 53248.48956094  8.62 127.309375  71.484403  5.042
 30   152.014 53248.48956158  8.81 127.304285  71.487333  5.042
 31     4.201 53283.48954940 15.46 127.312370  71.461901  3.322
 31     3.997 53283.48955004 15.49 127.307290  71.464831  3.322
 32     3.410 53318.48954010 20.95 127.370766  71.439687  9.541
 32     3.736 53318.48954074 22.91 127.365696  71.442617  9.541
 32     3.797 53318.48954139 23.94 127.360626  71.445547  9.541
 32     3.912 53318.48954203 24.56 127.355556  71.448487  9.541
 32     3.850 53318.48954268 25.43 127.350476  71.451417  9.541
 32     3.663 53318.48954332 24.71 127.345406  71.454347  9.541
 32     3.712 53318.48954396 23.85 127.340326  71.457287  9.541
 32     3.615 53318.48954461 23.18 127.335246  71.460217  9.541
 32     3.528 53318.48954525 22.98 127.330166  71.463147  9.541
 32     3.573 53318.48954590 22.31 127.325086  71.466077  9.541
 32     3.394 53318.48954654 21.62 127.320006  71.469007  9.541
 32     3.491 53318.48954719 21.41 127.314926  71.471947  9.541
 32     3.399 53318.48954783 20.14 127.309836  71.474877  9.541
 33     2.840 53353.48950817 15.51 127.373299  71.449904  9.764
 33     2.916 53353.48950882 15.75 127.368229  71.452834  9.764
 33     3.647 53353.48950946 15.16 127.363149  71.455774  9.764
 33     3.487 53353.48951011 15.78 127.358079  71.458704  9.764
 33     2.614 53353.48951075 14.94 127.353009  71.461634  9.764
 33     2.775 53353.48951140 15.68 127.347929  71.464574  9.764
 33     2.771 53353.48951204 17.20 127.342849  71.467504  9.764
 33     2.615 53353.48951268 17.07 127.337769  71.470434  9.764
 33     2.699 53353.48951333 17.08 127.332689  71.473364  9.764
 33     2.655 53353.48951397 16.50 127.327609  71.476304  9.764
 33     2.649 53353.48951462 16.67 127.322519  71.479234  9.764
 33     2.639 53353.48951526 16.62 127.317439  71.482164  9.764
 33     2.532 53353.48951591 14.88 127.312344  71.485091  3.945
 33     2.489 53353.48951655 14.92 127.307254  71.488021  3.945
 33     2.415 53353.48951720 15.06 127.302164  71.490961  3.945
 33     2.323 53353.48951784 15.21 127.297074  71.493891  3.945
 34     3.693 53388.48950464 18.09 127.356997  71.437296 12.701
 34     3.857 53388.48950528 17.43 127.351927  71.440226 12.701
 34     3.554 53388.48950593 17.81 127.346857  71.443166 12.701
 34     4.146 53388.48950657 18.03 127.341787  71.446096 12.701
 34     2.471 53388.48950721 19.13 127.336717  71.449026 12.701
 34     2.672 53388.48950786 19.60 127.331637  71.451956 12.701
 34     2.628 53388.48950850 20.02 127.326557  71.454896 12.701
 34     2.633 53388.48950915 17.78 127.321477  71.457826 12.701
 34     2.639 53388.48950979 17.78 127.316407  71.460756 12.701
 34     2.449 53388.48951044 17.22 127.311317  71.463686 12.701
 34     2.345 53388.48951108 16.66 127.306237  71.466616 12.701
 35     2.634 53423.48950555 14.65 127.371659  71.445939 12.974
 35     3.251 53423.48950620 14.52 127.366589  71.448879 12.974
 35     3.105 53423.48950684 14.87 127.361519  71.451809 12.974
 35     3.496 53423.48950749 15.17 127.356449  71.454739 12.974
 35     3.329 53423.48950813 13.87 127.351369  71.457679 12.974
 35     3.217 53423.48950877 14.02 127.346299  71.460609 12.974
 35     3.488 53423.48950942 15.61 127.341219  71.463539 12.974
 35     3.501 53423.48951006 14.95 127.336139  71.466469 12.974
 35     2.024 53423.48951071 18.24 127.331059  71.469409 12.974
 35     2.272 53423.48951135 17.48 127.325979  71.472339 12.974
 35     2.326 53423.48951200 16.21 127.320889  71.475269 12.974
 35     2.233 53423.48951264 15.51 127.315802  71.478197  4.655
 35     2.139 53423.48951329 15.36 127.310722  71.481137  4.655
 35     1.824 53423.48951393 14.81 127.305632  71.484067  4.655
 36     2.628 53458.48950935  9.98 127.364481  71.436576  8.559
 36     3.306 53458.48950999 10.10 127.359411  71.439506  8.559
 36     3.259 53458.48951064 11.03 127.354341  71.442436  8.559
 36     2.884 53458.48951128 11.99 127.349261  71.445376  8.559
 36     1.714 53458.48951193 13.31 127.344191  71.448306  8.559
 36     1.786 53458.48951257 13.30 127.339111  71.451236  8.559
 36     1.871 53458.48951322 14.22 127.334041  71.454166  8.559
 36     2.000 53458.48951386 12.54 127.328961  71.457106  8.559
 36     1.988 53458.48951451 12.28 127.323881  71.460036  8.559
 36     2.032 53458.48951515 12.08 127.318801  71.462966  8.559
 36     1.936 53458.48951580 11.78 127.313721  71.465896  8.559
 36     1.671 53458.48951644 12.42 127.308631  71.468826  8.559
 38   150.175 53528.48957324 10.71 127.372705  71.443639  3.938
 38   152.503 53528.48957389 11.53 127.367635  71.446569  3.938
 38   154.304 53528.48957453 12.45 127.362565  71.449509  3.938
 38   158.786 53528.48957518 11.51 127.357495  71.452439  3.938
 38   160.176 53528.48957582 12.04 127.352425  71.455369  3.938
 38    24.673 53528.48958162  7.02 127.306691  71.481758  2.920
 42     4.723 53668.48956077 26.73 127.368076  71.438074 17.771
 42     4.772 53668.48956141 30.08 127.363006  71.441004 17.771
 42     5.013 53668.48956206 30.19 127.357946  71.443934 17.771
 42     5.036 53668.48956270 33.94 127.352866  71.446874 17.771
 42     4.990 53668.48956335 33.93 127.347796  71.449804 17.771
 42     4.908 53668.48956399 34.07 127.342726  71.452734 17.771
 42     4.915 53668.48956464 32.80 127.337646  71.455674 17.771
 42     5.062 53668.48956528 30.39 127.332576  71.458604 17.771
 42     4.872 53668.48956593 28.71 127.327496  71.461534 17.771
 42     4.892 53668.48956657 26.46 127.322416  71.464464 17.771
 42     4.777 53668.48956722 25.86 127.317336  71.467394 17.771
 42     4.611 53668.48956786 24.01 127.312256  71.470334 17.771
 42     4.664 53668.48956851 23.82 127.307166  71.473264 17.771
 43     3.319 53703.48950473 19.94 127.369729  71.449430 16.417
 43     3.315 53703.48950538 19.49 127.364659  71.452360 16.417
 43     3.252 53703.48950602 20.12 127.359579  71.455300 16.417
 43     3.632 53703.48950667 19.75 127.354509  71.458230 16.417
 43     3.450 53703.48950731 19.52 127.349429  71.461160 16.417
 43     3.649 53703.48950796 19.53 127.344359  71.464090 16.417
 43     3.489 53703.48950860 18.62 127.339279  71.467030 16.417
 43     3.702 53703.48950925 19.28 127.334199  71.469960 16.417
 43     2.218 53703.48950989 19.97 127.329109  71.472890 16.417
 43     2.220 53703.48951054 19.41 127.324029  71.475820 16.417
 43     2.177 53703.48951118 19.43 127.318949  71.478760 16.417
 43     2.020 53703.48951183 20.04 127.313859  71.481690 16.417
 43     1.867 53703.48951247 20.03 127.308775  71.484615  5.141
 43     1.915 53703.48951311 19.25 127.303685  71.487555  5.141
 44     3.804 53738.48941663 16.51 127.366678  71.463608 12.682
 44     3.429 53738.48941727 17.37 127.361608  71.466548 12.682
 44     3.917 53738.48941791 16.88 127.356528  71.469478 12.682
 44     2.663 53738.48941856 17.65 127.351448  71.472408 12.682
 44     2.784 53738.48941920 18.32 127.346368  71.475338 12.682
 44     2.629 53738.48941985 19.98 127.341288  71.478278 12.682
 44     2.678 53738.48942049 20.53 127.336208  71.481208 12.682
 44     2.614 53738.48942114 21.20 127.331118  71.484138 12.682
 44     2.680 53738.48942178 20.41 127.326038  71.487068 12.682
 44     2.604 53738.48942243 20.51 127.320948  71.490008 12.682
 44     2.407 53738.48942307 20.44 127.315858  71.492938 12.682
 44     2.307 53738.48942372 19.33 127.310768  71.495868 12.682
 44     2.324 53738.48942436 18.12 127.305678  71.498798 12.682
 44     2.474 53738.48942501 17.95 127.300588  71.501728 12.682
 44     2.242 53738.48942565 17.02 127.295488  71.504668 12.682
 45     3.019 53773.48942774 14.52 127.369461  71.441057 12.514
 45     3.136 53773.48942838 16.13 127.364391  71.443987 12.514
 45     3.267 53773.48942903 16.02 127.359311  71.446927 12.514
 45     3.680 53773.48942967 17.00 127.354241  71.449857 12.514
 45     3.567 53773.48943031 17.13 127.349171  71.452787 12.514
 45     3.271 53773.48943096 16.90 127.344091  71.455727 12.514
 45     3.826 53773.48943160 16.35 127.339011  71.458657 12.514
 45     2.450 53773.48943225 15.95 127.333941  71.461587 12.514
 45     2.293 53773.48943289 16.33 127.328861  71.464517 12.514
 45     2.205 53773.48943354 16.05 127.323771  71.467447 12.514
 45     2.036 53773.48943418 15.53 127.318691  71.470387 12.514
 45     2.020 53773.48943483 16.37 127.313611  71.473317 12.514
 45     1.795 53773.48943547 15.94 127.308521  71.476247 12.514
 46     2.484 53808.48941587 13.29 127.371830  71.453240 10.346
 46     2.890 53808.48941651 13.19 127.366760  71.456170 10.346
 46     3.485 53808.48941716 11.89 127.361690  71.459100 10.346
 46     1.828 53808.48941780 13.09 127.356610  71.462040 10.346
 46     2.241 53808.48941844 13.55 127.351540  71.464970 10.346
 46     2.203 53808.48941909 13.48 127.346460  71.467900 10.346
 46     2.149 53808.48941973 12.94 127.341380  71.470840 10.346
 46     1.919 53808.48942038 13.67 127.336300  71.473770 10.346
 46     1.896 53808.48942102 14.07 127.331220  71.476700 10.346
 46     1.897 53808.48942167 14.79 127.326130  71.479630 10.346
 46     1.808 53808.48942231 16.44 127.321050  71.482560 10.346
 46     1.826 53808.48942296 15.37 127.315960  71.485500 10.346
 46     1.615 53808.48942360 15.18 127.310870  71.488430 10.346
 46     1.449 53808.48942425 15.91 127.305781  71.491365  4.666
 46     1.353 53808.48942489 14.79 127.300691  71.494295  4.666
 46     1.384 53808.48942554 14.08 127.295601  71.497225  4.666
 48   151.409 53878.48948315  2.88 127.370161  71.438302  5.003
 48   150.223 53878.48948380  4.14 127.365091  71.441232  5.003
 48   148.457 53878.48948444  5.01 127.360021  71.444162  5.003
 48     3.455 53878.48948509  6.81 127.354941  71.447102  5.003
 48     3.725 53878.48948573  9.10 127.349871  71.450032  5.003
 48     3.620 53878.48948638 10.64 127.344801  71.452962  5.003
 49   152.906 53913.48953656  2.87 127.368957  71.436164  3.767
 49   156.189 53913.48953721  3.46 127.363897  71.439094  3.767
 49   147.752 53913.48953785  9.50 127.358827  71.442034  3.767
 49   133.371 53913.48953850 10.69 127.353757  71.444964  3.767
 49   146.359 53913.48953914 10.37 127.348687  71.447894  3.767
 49   146.567 53913.48953979 11.00 127.343607  71.450834  3.767
 50   166.375 53948.48955420  0.17 127.336598  71.458403  2.358
 50   165.906 53948.48955484  1.35 127.331518  71.461333  2.358
 50   167.638 53948.48955549  2.00 127.326438  71.464263  2.358
 51   160.674 53983.48949299  0.29 127.363439  71.452784  4.009
 51   166.769 53983.48949364  1.14 127.358369  71.455714  4.009
 51   167.933 53983.48949428  1.67 127.353299  71.458644  4.009
 51   162.309 53983.48949493  2.03 127.348219  71.461584  4.009
 51   171.865 53983.48949557  2.73 127.343139  71.464514  4.009
 51   165.735 53983.48949622  5.15 127.338069  71.467444  4.009
 51   151.382 53983.48949686  7.36 127.332989  71.470384  4.009
 51   147.875 53983.48949751  8.08 127.327909  71.473314  4.009
 51   148.238 53983.48949815  9.14 127.322819  71.476244  4.009
 51   149.435 53983.48949880  9.93 127.317739  71.479174  4.009
 51   149.038 53983.48949944 11.29 127.312649  71.482104  4.009
 51   146.956 53983.48950008 10.03 127.307569  71.485044  4.009
 51   147.767 53983.48950073  8.03 127.302479  71.487974  4.009
 52     5.990 54018.48952080  7.75 127.366984  71.434854  6.617
 52     5.840 54018.48952144  8.67 127.361924  71.437784  6.617
 52     5.799 54018.48952209  7.27 127.356854  71.440724  6.617
 52     5.823 54018.48952273  7.08 127.351784  71.443654  6.617
 52     5.810 54018.48952338  6.65 127.346704  71.446584  6.617
 52     5.664 54018.48952402  7.99 127.341634  71.449514  6.617
 52     5.689 54018.48952467  8.15 127.336554  71.452454  6.617
 52     5.658 54018.48952531  7.56 127.331474  71.455384  6.617
 52     5.732 54018.48952596  7.35 127.326404  71.458314  6.617
 52     5.795 54018.48952660  7.96 127.321324  71.461244  6.617
 52     5.659 54018.48952725  8.01 127.316244  71.464184  6.617
 52     5.807 54018.48952789  7.59 127.311154  71.467114  6.617
 52     6.010 54018.48952854  8.37 127.306074  71.470044  6.617
 53     4.000 54053.48951460  9.92 127.371810  71.443740  9.012
 53     4.717 54053.48951525 10.87 127.366740  71.446670  9.012
 53     4.402 54053.48951589 11.65 127.361660  71.449610  9.012
 53     4.578 54053.48951654 11.58 127.356590  71.452540  9.012
 53     4.194 54053.48951718 12.81 127.351520  71.455470  9.012
 53     2.926 54053.48952040 17.06 127.326120  71.470130  9.012
 53     2.958 54053.48952105 17.18 127.321040  71.473060  9.012
 53     2.777 54053.48952169 16.22 127.315950  71.476000  9.012
 53     2.731 54053.48952234 15.32 127.310860  71.478930  9.012
 54     5.919 54088.48951015  9.60 127.345983  71.461919  7.146
 54     5.491 54088.48951079 10.74 127.340903  71.464849  7.146
 54     5.374 54088.48951144 10.63 127.335823  71.467779  7.146
 54     5.393 54088.48951208 11.22 127.330743  71.470709  7.146
 56   147.999 54158.48947020  2.59 127.366942  71.442926  4.374
 56   149.357 54158.48947084  2.00 127.361872  71.445866  4.374
 56     4.006 54158.48947149  3.37 127.356802  71.448796  4.374
 56   148.257 54158.48947213  3.11 127.351732  71.451726  4.374
 56     4.405 54158.48947278  3.83 127.346652  71.454666  4.374
 56     4.998 54158.48947342  4.20 127.341582  71.457596  4.374
 56   144.370 54158.48947407  4.05 127.336502  71.460526  4.374
 56     5.716 54158.48947471  3.94 127.331422  71.463456  4.374
 56     4.907 54158.48947535  5.70 127.326342  71.466393  4.227
 56     5.045 54158.48947600  5.53 127.321262  71.469323  4.227
 56     4.915 54158.48947664  7.15 127.316182  71.472253  4.227
 56     3.854 54158.48947729  7.41 127.311092  71.475193  4.227
 56     3.327 54158.48947793  7.17 127.306012  71.478123  4.227
 57   153.709 54193.48942898  1.03 127.361719  71.435350  4.045
 57   153.154 54193.48942963  1.35 127.356649  71.438280  4.045
 57   155.697 54193.48943027  1.01 127.351579  71.441220  4.045
 57   156.031 54193.48943092  2.09 127.346509  71.444150  4.045
 57   154.991 54193.48943156  2.38 127.341429  71.447080  4.045
 57   152.218 54193.48943285  3.07 127.331283  71.452947  3.046
 57   168.573 54193.48943414  0.03 127.321123  71.458807  3.046
 58   163.619 54228.48948349  0.59 127.355826  71.447630  1.614
 58   166.362 54228.48948414  0.83 127.350756  71.450560  1.614
 58   167.058 54228.48948478  1.10 127.345686  71.453500  1.614
 58   172.049 54228.48948543  0.76 127.340604  71.456425  1.717
 58   172.632 54228.48948607  1.28 127.335534  71.459365  1.717
 58   176.050 54228.48948672  1.00 127.330454  71.462295  1.717
 58   177.402 54228.48948736  1.14 127.325374  71.465225  1.717
 58   179.962 54228.48948801  0.94 127.320284  71.468155  1.717
 58   180.765 54228.48948865  0.89 127.315204  71.471095  1.717
 58   185.216 54228.48948930  0.23 127.310124  71.474025  1.717
 59   153.684 54263.48950042  5.82 127.369148  71.440290  3.646
 59   156.509 54263.48950106  5.87 127.364078  71.443230  3.646
 59   158.342 54263.48950171  6.50 127.359008  71.446160  3.646
 59   161.946 54263.48950235  7.10 127.353938  71.449090  3.646
 59   164.308 54263.48950300  7.13 127.348858  71.452020  3.646
 59   166.403 54263.48950364  8.06 127.343788  71.454960  3.646
 59   167.034 54263.48950429  8.92 127.338710  71.457894  7.156
 59   167.918 54263.48950493  9.56 127.333630  71.460824  7.156
 59   167.307 54263.48950557 11.83 127.328550  71.463754  7.156
 59   171.317 54263.48950622 12.66 127.323470  71.466684  7.156
 59   172.690 54263.48950686 13.30 127.318390  71.469614  7.156
 59   173.488 54263.48950751 14.53 127.313310  71.472554  7.156
 59   152.870 54263.48950815 15.56 127.308220  71.475484  7.156
 61   159.182 54333.48949609  7.54 127.369852  71.447686  6.882
 61   160.018 54333.48949673  8.27 127.364782  71.450616  6.882
 61   162.785 54333.48949738  8.82 127.359712  71.453546  6.882
 61   166.493 54333.48949802  9.35 127.354632  71.456486  6.882
 61   167.198 54333.48949867  9.74 127.349562  71.459414  5.438
 61   172.366 54333.48949931  9.62 127.344482  71.462354  5.438
 61   176.761 54333.48950318 16.45 127.313992  71.479944  5.438
 61   177.187 54333.48950383 16.87 127.308902  71.482874  5.438
 61   179.029 54333.48950447 17.03 127.303812  71.485804  5.438
 63     5.757 54403.48943887 18.62 127.370401  71.444127 15.257
 63     6.159 54403.48943952 19.67 127.365331  71.447067 15.257
 63     6.173 54403.48944016 20.56 127.360261  71.449997 15.257
 63     6.518 54403.48944081 21.72 127.355181  71.452927 15.257
 63     6.347 54403.48944145 22.82 127.350111  71.455857 15.257
 63     6.063 54403.48944210 22.61 127.345031  71.458797 15.257
 63     6.568 54403.48944274 22.98 127.339953  71.461730 14.595
 63     6.095 54403.48944338 22.15 127.334883  71.464660 14.595
 63     4.967 54403.48944403 24.01 127.329803  71.467590 14.595
 63     4.931 54403.48944467 25.63 127.324713  71.470520 14.595
 63     4.981 54403.48944532 25.20 127.319633  71.473460 14.595
 63     5.038 54403.48944596 25.44 127.314553  71.476390 14.595
 63     4.934 54403.48944661 26.64 127.309463  71.479320 14.595
 65     5.286 54473.48942449  3.72 127.365249  71.441514  7.445
 65     5.782 54473.48942513  4.11 127.360179  71.444444  7.445
 65     6.026 54473.48942578  3.90 127.355109  71.447374  7.445
 65     6.151 54473.48942642  4.26 127.350029  71.450314  7.445
 65     5.697 54473.48942707  4.07 127.344959  71.453244  7.445
 65     5.859 54473.48942771  4.37 127.339879  71.456174  7.445
 65     5.365 54473.48942836  4.21 127.334809  71.459104  7.445
 65     5.744 54473.48942900  3.75 127.329729  71.462044  7.445
 65     5.778 54473.48942965  3.27 127.324649  71.464974  7.445
 65     5.037 54473.48943029  3.32 127.319569  71.467904  7.445
 65     5.604 54473.48943094  3.50 127.314479  71.470834  7.445
 65     4.963 54473.48943158  3.16 127.309399  71.473764  7.445
 66     3.601 54508.48940748  4.64 127.348605  71.443208  5.751
 66     4.157 54508.48940813  3.70 127.343535  71.446138  5.751
 66     3.709 54508.48940877  4.40 127.338465  71.449068  5.751
 66     3.531 54508.48940942  5.65 127.333385  71.451998  5.751
 66     3.581 54508.48941006  4.46 127.328305  71.454938  5.751
 66     3.755 54508.48941071  3.65 127.323235  71.457868  5.751
 66   165.626 54508.48941135  3.11 127.318155  71.460798  5.751
 66   173.819 54508.48941264  1.91 127.307985  71.466658  5.751
 67   144.768 54543.48944367  2.15 127.334421  71.463952  4.852
 67   145.375 54543.48944431  1.50 127.329344  71.466889  2.603
 67   169.838 54543.48944496  1.06 127.324264  71.469819  2.603
 67   170.999 54543.48944560  0.83 127.319184  71.472749  2.603
 67   144.416 54543.48944625  1.15 127.314094  71.475689  2.603
 68   145.734 54578.48940802  2.64 127.368348  71.438821  4.905
 68   150.293 54578.48940866  2.01 127.363288  71.441761  4.905
 68   151.889 54578.48940931  1.96 127.358218  71.444691  4.905
 68   148.669 54578.48940995  2.50 127.353138  71.447621  4.905
 68   156.773 54578.48941060  2.05 127.348068  71.450561  4.905
 68   159.373 54578.48941124  2.28 127.342998  71.453491  4.905
 68   159.290 54578.48941188  3.15 127.337918  71.456421  4.905
 68   165.033 54578.48941253  1.77 127.332838  71.459351  4.905
 68   167.293 54578.48941317  1.61 127.327758  71.462291  4.905
 68   167.338 54578.48941382  1.85 127.322678  71.465221  4.905
 68   171.545 54578.48941446  1.40 127.317598  71.468151  4.905
 68   175.176 54578.48941511  1.15 127.312517  71.471082  2.103
 69   148.766 54613.48942951  3.70 127.370548  71.442982  3.566
 69   148.843 54613.48943015  3.67 127.365478  71.445912  3.566
 69   148.609 54613.48943080  4.60 127.360408  71.448852  3.566
 69   148.351 54613.48943144  5.47 127.355338  71.451782  3.566
 69   148.172 54613.48943209  6.08 127.350258  71.454712  3.566
 69   143.001 54613.48943273  7.34 127.345188  71.457652  3.566
 69   146.173 54613.48943338  7.67 127.340108  71.460582  3.566
 69   145.108 54613.48943402  7.69 127.335028  71.463512  3.566
 69   146.164 54613.48943467  8.15 127.329948  71.466442  3.566
 69   146.512 54613.48943531  8.58 127.324873  71.469379  3.177
 69   146.546 54613.48943596 10.72 127.319783  71.472309  3.177
 69   147.378 54613.48943660  9.26 127.314703  71.475239  3.177
 69   147.479 54613.48943724  8.11 127.309613  71.478179  3.177
 70   151.501 54648.48943626  0.93 127.369426  71.438473  2.930
 70   151.911 54648.48943690  1.08 127.364356  71.441403  2.930
 70   155.517 54648.48943755  0.72 127.359286  71.444343  2.930
 72   154.402 54718.48938237  3.99 127.363619  71.434436  3.347
 72   154.871 54718.48938301  5.12 127.358559  71.437366  3.347
 72   157.458 54718.48938366  4.94 127.353479  71.440296  3.347
 72   158.694 54718.48938430  5.44 127.348409  71.443236  3.347
 73     4.513 54753.48940867  6.41 127.370739  71.438259  4.861
 73     4.608 54753.48940932  7.03 127.365669  71.441189  4.861
 73     4.627 54753.48940996  7.29 127.360599  71.444119  4.861
 73     4.575 54753.48941060  7.99 127.355529  71.447059  4.861
 73     4.504 54753.48941125  9.01 127.350459  71.449989  4.861
 73     4.416 54753.48941189 10.04 127.345379  71.452919  4.861
 73     4.398 54753.48941254  9.27 127.340309  71.455849  4.861
 73     4.413 54753.48941318 11.02 127.335229  71.458789  4.861
 73     4.343 54753.48941383 10.40 127.330149  71.461719  4.861
 73     4.424 54753.48941447 11.03 127.325069  71.464649  4.861
 73     4.452 54753.48941512 11.12 127.319993  71.467581  3.681
 73     4.549 54753.48941576 10.60 127.314903  71.470511  3.681
 73     4.530 54753.48941641 10.13 127.309823  71.473441  3.681
 73     4.537 54753.48941705  9.80 127.304733  71.476381  3.681
 77     4.524 54893.48940878  6.17 127.354477  71.453114  4.877
 77     4.733 54893.48940943  6.08 127.349407  71.456054  4.877
 77     5.162 54893.48941007  5.20 127.344327  71.458984  4.877
 77     5.012 54893.48941072  6.70 127.339257  71.461914  4.877
 77     4.950 54893.48941136  5.65 127.334177  71.464844  4.877
 78     3.818 54928.48936742  4.01 127.363437  71.434686  3.828
 78   132.151 54928.48936806  3.68 127.358367  71.437626  3.828
 78     3.497 54928.48936871  4.52 127.353307  71.440556  3.828
 80   154.226 54998.48942651  4.02 127.370518  71.440676  3.367
 80   156.101 54998.48942716  4.91 127.365448  71.443606  3.367
 80   159.962 54998.48942780  5.37 127.360378  71.446546  3.367
 83    23.229 55103.48934825 12.14 127.310631  71.464656  2.507
 83     6.806 55103.48934890 12.76 127.305551  71.467586  2.507
 84     6.224 55138.48935088  9.41 127.368638  71.441604  6.557
 84     6.285 55138.48935153  8.42 127.363568  71.444534  6.557
 84     6.191 55138.48935217  8.48 127.358498  71.447474  6.557
 84     6.683 55138.48935282  8.55 127.353428  71.450404  6.557
 84     6.408 55138.48935346  8.09 127.348348  71.453334  6.557
 84     7.045 55138.48935411  9.12 127.343278  71.456264  6.557
 84     5.214 55138.48935475 10.07 127.338198  71.459204  6.557
 84     5.142 55138.48935540 12.65 127.333118  71.462134  6.557
 84     5.188 55138.48935604 14.52 127.328038  71.465064  6.557
 84     5.162 55138.48935669 15.12 127.322959  71.467997  9.942
 84     5.234 55138.48935733 16.57 127.317879  71.470927  9.942
 84     5.210 55138.48935798 17.75 127.312799  71.473857  9.942
 84     5.209 55138.48935862 18.45 127.307709  71.476797  9.942
 85     2.512 55173.48931058  3.69 127.362411  71.434377  5.471
 85     3.027 55173.48931122  3.48 127.357341  71.437307  5.471
 85     3.312 55173.48931187  2.32 127.352271  71.440247  5.471
 85     3.168 55173.48931251  2.94 127.347201  71.443177  5.471
 85     4.137 55173.48931316  2.83 127.342131  71.446107  5.471
 85     2.272 55173.48931380  2.66 127.337061  71.449037  5.471
 85     2.550 55173.48931445  4.00 127.331981  71.451977  5.471
 85     3.458 55173.48931509  3.04 127.326901  71.454907  5.471
 85     4.051 55173.48931573  4.68 127.321821  71.457837  5.471
 85     4.641 55173.48931638  3.35 127.316741  71.460767  5.471
 85     5.075 55173.48931702  4.04 127.311661  71.463697  5.471
 85     5.301 55173.48931767  4.12 127.306581  71.466637  5.471
 86     4.743 55208.48934539  1.43 127.367199  71.440120  4.823
 86     4.146 55208.48934604  1.47 127.362129  71.443050  4.823
 86     4.291 55208.48934668  0.85 127.357059  71.445990  4.823
 86     4.353 55208.48934732  1.38 127.351989  71.448920  4.823
 86     4.515 55208.48934797  1.77 127.346909  71.451850  4.823
 86     5.341 55208.48934861  1.05 127.341839  71.454780  4.823
 86     3.621 55208.48934926  2.58 127.336759  71.457720  4.823
 86     4.887 55208.48934990  2.11 127.331679  71.460650  4.823
 86     4.896 55208.48935055  2.38 127.326599  71.463580  4.823
 86     5.653 55208.48935119  3.59 127.321520  71.466514  5.583
 86     5.688 55208.48935184  3.15 127.316440  71.469444  5.583
 86     5.372 55208.48935248  3.82 127.311360  71.472374  5.583
 86     5.250 55208.48935313  4.32 127.306270  71.475314  5.583
 87     4.162 55243.48931508  0.63 127.365840  71.434135  3.478
 87     4.222 55243.48931573  0.46 127.360770  71.437065  3.478
 87     4.956 55243.48931637  0.36 127.355710  71.440005  3.478
 87     4.576 55243.48931702  0.21 127.350640  71.442935  3.478
 87     5.135 55243.48931766  0.04 127.345560  71.445865  3.478
 87     5.321 55243.48932089  0.00 127.320180  71.460525  3.478
 87     5.647 55243.48932153  0.02 127.315100  71.463455  3.478
 87     5.918 55243.48932217  0.82 127.310020  71.466395  3.478
 87     5.474 55243.48932282  1.78 127.304930  71.469329  4.055
 91     9.897 55383.48930418 27.44 127.332390  71.454797  8.854
 91     9.287 55383.48930483 33.36 127.327310  71.457727  8.854
 91     6.803 55383.48930547 35.17 127.322230  71.460657  8.854
 91    78.414 55383.48930612 10.37 127.317152  71.463588  8.113
 91    71.625 55383.48930676  3.97 127.312072  71.466518  8.113
 93     6.125 55453.48931003 10.82 127.371437  71.449066  3.801
 93     6.498 55453.48931067 11.44 127.366367  71.451996  3.801
 93     6.275 55453.48931132 11.63 127.361287  71.454936  3.801
 94     4.316 55488.48923197 29.50 127.371645  71.455822 14.974
 94     4.225 55488.48923261 29.90 127.366575  71.458752 14.974
 94     4.138 55488.48923325 32.81 127.361505  71.461682 14.974
 94     4.121 55488.48923390 35.31 127.356425  71.464622 14.974
 94     4.273 55488.48923454 36.88 127.351355  71.467552 14.974
 94     4.060 55488.48923519 37.66 127.346275  71.470482 14.974
 94     4.011 55488.48923583 36.97 127.341195  71.473412 14.974
 94     3.999 55488.48923648 38.81 127.336115  71.476352 14.974
 94     3.959 55488.48923712 39.74 127.331035  71.479282 14.974
 94     3.951 55488.48923777 40.24 127.325945  71.482212 14.974
 94     3.967 55488.48923841 42.51 127.320869  71.485145 18.502
 94     3.991 55488.48923906 41.74 127.315779  71.488075 18.502
 94     3.982 55488.48923970 38.21 127.310689  71.491005 18.502
 94     3.735 55488.48924035 35.72 127.305599  71.493945 18.502
 94     3.912 55488.48924099 36.19 127.300509  71.496875 18.502
 94     3.899 55488.48924164 38.17 127.295419  71.499805 18.502
