# NaN NaN NaN ;Mean Elev.(m), Avg Gradient(m/km), RMS Gradient(m/km) - SRTM1     
#   -0.248 -17.212  75.165 ;Mean Elev.(m), Avg Gradient(m/km), RMS Gradient(m/km) - ASTER GDEM
#   16.052 -20.918  80.173 ;Mean Elev.(m), Avg Gradient(m/km), RMS Gradient(m/km) - GMTED2010 
  7 127.419828  71.104888     8.705     7.867  5 52469.13471828 37.694
 10 127.420182  71.102948     5.188     5.031  6 52574.13473165 25.384
 11 127.416456  71.103946     2.120     2.115  6 52609.13469093 16.214
 12 127.428330  71.101611     3.316     3.199  6 52644.13468392  9.270
 13 127.419075  71.104686     3.336     3.286  6 52679.13466327  7.005
 20 127.409129  71.106193     4.895     4.889  6 52924.13478630 22.718
 21 127.435839  71.098436     2.858     2.868  5 52959.13475354 19.924
 22 127.426104  71.101204     2.680     2.719  6 52994.13478346 14.790
 23 127.414014  71.107114     2.687     2.761  6 53029.13474681 13.189
 24 127.428751  71.100714     3.283     3.102  5 53064.13475523  9.161
 25 127.410270  71.108871     2.936     2.866  6 53099.13476646  9.133
 26 127.432322  71.100493     7.785     8.353  5 53134.13475417  4.473
 31 127.423723  71.103341     6.558     6.594  5 53309.13481105 23.995
 32 127.417659  71.105280     4.514     4.287  6 53344.13477724 14.210
 33 127.441632  71.097124     6.179     5.744  5 53379.13472360  9.456
 34 127.425650  71.102901     9.868     9.803  5 53414.13475403  6.163
 35 127.437785  71.095645     6.441     6.454  5 53449.13474558  5.505
 38 127.416336  71.104914     8.964     8.915  5 53554.13485001 24.018
 41 127.427912  71.101452     5.870     5.798  6 53659.13479995 41.956
 42 127.416064  71.105755     3.673     3.812  5 53694.13477738 17.573
 44 127.436792  71.099426     6.236     6.259  5 53764.13466314  6.393
 46 127.436539  71.097776     5.744     5.691  5 53834.13466793  3.785
 52 127.431280  71.099924     6.814     6.696  6 54044.13477256 14.111
 62 127.426215  71.103058     5.566     5.164  5 54394.13468628 38.378
 64 127.428785  71.100639     5.589     5.472  5 54464.13466569  7.182
 72 127.425729  71.102655     7.448     7.564  6 54744.13465373 11.638
 80 127.417907  71.103410    12.320    12.368  6 55024.13466113 10.207
 83 127.423649  71.102402     7.074     6.912  5 55129.13459724 40.382
 84 127.418377  71.104629     4.350     4.220  6 55164.13457081  8.738
 85 127.425120  71.101022    10.683    11.050  5 55199.13458884  2.811
 87 127.423582  71.102871     6.463     6.502  5 55269.13458328  1.060
 90 127.418717  71.103644     8.960     8.826  6 55374.13454722 20.014
 93 127.408349  71.108054     3.339     3.130  6 55479.13450120 27.781
