# NaN NaN NaN ;Mean Elev.(m), Avg Gradient(m/km), RMS Gradient(m/km) - SRTM1     
#   11.498  -5.915  11.876 ;Mean Elev.(m), Avg Gradient(m/km), RMS Gradient(m/km) - ASTER GDEM
#   23.278  -6.100  13.408 ;Mean Elev.(m), Avg Gradient(m/km), RMS Gradient(m/km) - GMTED2010 
  8    47.934 52485.13348612  6.30 123.148397  67.525270 11.882
  8    46.033 52485.13348676  9.86 123.144807  67.522210 11.882
  8    27.092 52485.13348870 26.68 123.134057  67.513040 11.882
  8    27.270 52485.13348934 26.55 123.130477  67.509990 11.882
  8    27.491 52485.13348999 24.83 123.126897  67.506930 11.882
  8    27.456 52485.13349063 24.99 123.123317  67.503870 11.882
  8    26.259 52485.13349128 25.92 123.119747  67.500820 11.882
  8    27.106 52485.13349192 26.10 123.116167  67.497760 11.882
  8    27.464 52485.13349257 26.73 123.112587  67.494700 11.882
  8    28.337 52485.13349321 27.70 123.109017  67.491640 11.882
  9    30.359 52520.13344946 17.17 123.149203  67.529673  4.467
  9    29.984 52520.13345011 18.96 123.145623  67.526623  4.467
  9    32.583 52520.13345075 14.85 123.142033  67.523563  4.467
  9    32.343 52520.13345140 13.10 123.138453  67.520503  4.467
  9    31.255 52520.13345204 13.89 123.134873  67.517453  4.467
  9    31.136 52520.13345269 13.64 123.131293  67.514393  4.467
  9    30.004 52520.13345333 14.69 123.127713  67.511333  4.467
  9    30.213 52520.13345398 14.59 123.124133  67.508273  4.467
  9    30.629 52520.13345462 14.30 123.120553  67.505223  4.467
  9    29.865 52520.13345527 13.80 123.116973  67.502163  4.467
  9    30.409 52520.13345591 14.43 123.113393  67.499103  4.467
  9    31.252 52520.13345656 14.91 123.109823  67.496053  4.467
  9    31.292 52520.13345720 15.11 123.106243  67.492993  4.467
  9    29.502 52520.13345784 17.66 123.102669  67.489935  9.960
  9    24.532 52520.13345849 22.36 123.099099  67.486875  9.960
  9    24.813 52520.13345913 24.38 123.095529  67.483815  9.960
  9    25.913 52520.13345978 19.00 123.091949  67.480765  9.960
  9    26.735 52520.13346042 18.13 123.088379  67.477705  9.960
 11    25.602 52590.13348932 22.46 123.148368  67.524134  5.767
 11    23.337 52590.13348996 24.42 123.144778  67.521074  5.767
 11    25.815 52590.13349061 23.26 123.141198  67.518024  5.767
 11    25.284 52590.13349125 23.21 123.137618  67.514964  5.767
 11    22.892 52590.13349190 22.97 123.134028  67.511904  5.767
 11    22.827 52590.13349254 22.75 123.130448  67.508854  5.767
 11    27.040 52590.13349319 21.35 123.126868  67.505794  5.767
 11    26.772 52590.13349383 20.95 123.123298  67.502734  5.767
 11    24.321 52590.13349448 20.93 123.119718  67.499675  6.313
 11    24.645 52590.13349512 20.45 123.116138  67.496625  6.313
 11    23.273 52590.13349577 24.74 123.112568  67.493565  6.313
 11    23.571 52590.13349641 24.31 123.108988  67.490505  6.313
 11    22.887 52590.13349705 23.52 123.105418  67.487455  6.313
 11    22.955 52590.13349770 23.30 123.101838  67.484395  6.313
 11    22.820 52590.13349834 24.34 123.098268  67.481335  6.313
 11    22.901 52590.13349899 26.52 123.094698  67.478275  6.313
 12    32.800 52625.13342146 14.66 123.150132  67.527415  2.917
 12    32.628 52625.13342211 14.22 123.146552  67.524365  2.917
 12    31.758 52625.13342275 13.83 123.142972  67.521305  2.917
 12    30.788 52625.13342340 13.49 123.139392  67.518245  2.917
 12    28.746 52625.13342404 13.87 123.135802  67.515195  2.917
 12    29.978 52625.13342469 14.45 123.132222  67.512135  2.917
 12    29.925 52625.13342533 14.20 123.128642  67.509075  2.917
 12    28.706 52625.13342598 14.68 123.125072  67.506015  2.917
 12    28.117 52625.13342662 14.56 123.121492  67.502965  2.917
 12    28.164 52625.13342727 15.44 123.117912  67.499905  2.917
 12    27.574 52625.13342791 15.30 123.114342  67.496845  2.917
 12    26.622 52625.13342855 15.13 123.110762  67.493795  2.917
 12    24.311 52625.13342920 15.48 123.107192  67.490735  2.917
 12    24.907 52625.13342984 15.33 123.103612  67.487675  2.917
 12    24.998 52625.13343049 15.09 123.100042  67.484615  2.917
 12    23.720 52625.13343113 15.01 123.096472  67.481565  2.917
 12    23.454 52625.13343178 15.60 123.092902  67.478505  2.917
 13    31.722 52660.13345637 11.58 123.148249  67.519293  2.927
 13    31.816 52660.13345701 11.10 123.144659  67.516243  2.927
 13    29.491 52660.13346024 11.70 123.126759  67.500953  2.927
 13    29.155 52660.13346088 11.63 123.123179  67.497893  2.927
 13    28.414 52660.13346152 12.22 123.119609  67.494843  2.927
 13    28.658 52660.13346217 12.71 123.116029  67.491783  2.927
 13    27.681 52660.13346281 13.04 123.112450  67.488730  2.470
 13    25.630 52660.13346346 12.98 123.108880  67.485670  2.470
 13    25.742 52660.13346410 12.80 123.105310  67.482610  2.470
 13    25.466 52660.13346475 12.62 123.101730  67.479550  2.470
 13    25.186 52660.13346539 12.87 123.098160  67.476500  2.470
 14    27.576 52695.13344453 10.71 123.119530  67.478076  2.545
 14    27.028 52695.13344517 10.78 123.115950  67.475026  2.545
 14    26.469 52695.13344582 10.53 123.112380  67.471966  2.545
 15    33.092 52730.13346837  8.55 123.148550  67.515939  2.636
 15    29.010 52730.13347418  9.89 123.116340  67.488419  2.636
 15    28.705 52730.13347482 10.00 123.112770  67.485369  2.636
 15    28.294 52730.13347547  9.64 123.109200  67.482309  2.636
 15    27.728 52730.13347611  9.59 123.105620  67.479249  2.636
 15    25.333 52730.13347676  9.68 123.102050  67.476189  2.636
 18    28.986 52835.13354353 20.43 123.117882  67.479727  9.620
 18    29.262 52835.13354418 20.26 123.114302  67.476667  9.620
 18    29.119 52835.13354482 21.92 123.110732  67.473607  9.620
 19    33.301 52870.13358468 17.54 123.113559  67.482658 11.321
 19    25.672 52870.13358533 20.91 123.109989  67.479598 11.321
 19    25.588 52870.13358597 25.61 123.106419  67.476538 11.321
 20    31.601 52905.13358155 11.60 123.136770  67.512715  6.931
 20    29.700 52905.13358348 15.88 123.126030  67.503545  6.931
 20    30.649 52905.13358477 15.59 123.118870  67.497435  6.931
 20    29.683 52905.13358542 17.81 123.115300  67.494375  6.931
 20    28.009 52905.13358606 18.76 123.111720  67.491315  6.931
 20    27.165 52905.13358670 19.29 123.108150  67.488255  6.931
 20    27.136 52905.13358735 21.80 123.104570  67.485205  6.931
 20    27.387 52905.13358799 23.98 123.101000  67.482146 12.166
 20    26.679 52905.13358864 24.93 123.097430  67.479086 12.166
 20    27.247 52905.13358928 22.33 123.093860  67.476026 12.166
 21    23.049 52940.13350946 35.12 123.149670  67.538061 22.407
 21    22.635 52940.13351010 43.32 123.146080  67.535001 22.407
 21    21.524 52940.13351075 43.41 123.142500  67.531951 22.407
 21    23.066 52940.13351139 37.58 123.138910  67.528891 22.407
 22    27.817 52975.13355834 18.95 123.149512  67.514657  4.191
 22    23.407 52975.13356478 19.92 123.113715  67.484096  3.725
 22    23.324 52975.13356543 18.65 123.110145  67.481036  3.725
 22    23.019 52975.13356607 19.36 123.106575  67.477976  3.725
 23    32.003 53010.13356127 11.81 123.148477  67.525498  2.673
 23    31.827 53010.13356192 11.71 123.144897  67.522438  2.673
 23    30.157 53010.13356256 11.99 123.141307  67.519378  2.673
 23    30.826 53010.13356321 11.54 123.137727  67.516328  2.673
 23    29.719 53010.13356385 11.78 123.134147  67.513268  2.673
 23    29.847 53010.13356450 11.72 123.130567  67.510208  2.673
 23    28.801 53010.13356514 11.92 123.126987  67.507158  2.673
 23    28.441 53010.13356579 11.39 123.123407  67.504098  2.673
 23    27.974 53010.13356643 11.08 123.119827  67.501038  2.673
 23    28.042 53010.13356708 12.09 123.116247  67.497988  2.673
 23    27.505 53010.13356772 11.97 123.112677  67.494928  2.673
 23    27.196 53010.13356837 12.35 123.109097  67.491868  2.673
 23    25.556 53010.13356901 12.33 123.105517  67.488818  2.673
 23    24.871 53010.13356966 11.67 123.101947  67.485758  2.673
 23    24.477 53010.13357030 11.67 123.098379  67.482700  2.355
 23    23.679 53010.13357094 11.86 123.094799  67.479640  2.355
 23    23.192 53010.13357159 12.73 123.091229  67.476580  2.355
 24    31.700 53045.13352517  9.83 123.150427  67.512429  2.860
 24    27.549 53045.13353162  9.14 123.114635  67.481861  2.753
 24    27.514 53045.13353226  9.32 123.111055  67.478801  2.753
 24    25.608 53045.13353291  9.48 123.107485  67.475751  2.753
 25    28.267 53080.13356314  7.75 123.111841  67.496689  2.728
 25    26.685 53080.13356378  9.43 123.108267  67.493637  1.977
 25    26.110 53080.13356443  9.67 123.104697  67.490577  1.977
 25    25.410 53080.13356507  9.34 123.101117  67.487517  1.977
 25    24.655 53080.13356572  8.94 123.097547  67.484457  1.977
 25    24.785 53080.13356636  8.65 123.093967  67.481407  1.977
 25    24.486 53080.13356701  8.51 123.090397  67.478347  1.977
 26    31.992 53115.13352939  7.90 123.149651  67.514148  2.565
 26    28.656 53115.13353584  7.12 123.113847  67.483580  2.091
 26    27.810 53115.13353648  7.65 123.110277  67.480520  2.091
 26    26.000 53115.13353713  7.73 123.106697  67.477470  2.091
 28    34.036 53185.13357353 28.70 123.116961  67.483793  6.622
 28    34.023 53185.13357418 22.95 123.113386  67.480736  4.604
 28    33.234 53185.13357482 23.15 123.109806  67.477676  4.604
 28    32.323 53185.13357547 23.28 123.106236  67.474616  4.604
 29    29.739 53220.13359539 18.49 123.126168  67.503601 11.691
 29    30.161 53220.13359604 16.36 123.122588  67.500551 11.691
 29    29.177 53220.13359668 19.26 123.119008  67.497491 11.691
 29    28.816 53220.13359733 21.77 123.115438  67.494431 11.691
 29    31.764 53220.13359797 15.50 123.111858  67.491381 11.691
 29    32.877 53220.13359862 14.43 123.108278  67.488321 11.691
 29    28.674 53220.13359926 16.06 123.104709  67.485263 15.558
 29    26.034 53220.13359991 19.39 123.101139  67.482203 15.558
 29    26.311 53220.13360055 21.70 123.097559  67.479143 15.558
 29    26.767 53220.13360120 26.50 123.093989  67.476093 15.558
 30    28.253 53255.13356860 16.84 123.133917  67.523241 11.363
 30    27.769 53255.13356925 17.17 123.130337  67.520181 11.363
 30    26.555 53255.13356989 19.80 123.126757  67.517121 11.363
 30    27.415 53255.13357054 19.09 123.123177  67.514061 11.363
 30    28.444 53255.13357118 18.11 123.119597  67.511011 11.363
 30    27.324 53255.13357183 18.06 123.116017  67.507951 11.363
 30    32.189 53255.13357247 18.65 123.112437  67.504891 11.363
 30    26.665 53255.13357505 24.95 123.098137  67.492661 11.363
 30    24.617 53255.13357569 29.93 123.094557  67.489611 11.363
 30    24.589 53255.13357634 30.98 123.090991  67.486549 17.611
 31    26.791 53290.13357877 48.38 123.149361  67.514201 12.062
 31    26.460 53290.13358522 31.82 123.113556  67.483636 15.468
 31    26.331 53290.13358586 30.70 123.109986  67.480586 15.468
 31    26.521 53290.13358651 38.84 123.106406  67.477526 15.468
 32    27.994 53325.13355296 16.61 123.150817  67.519352  3.779
 32    27.840 53325.13355360 15.88 123.147227  67.516292  3.779
 32    29.423 53325.13355747 14.90 123.125747  67.497952  3.779
 32    29.387 53325.13355811 15.07 123.122177  67.494892  3.779
 32    29.024 53325.13355876 16.07 123.118597  67.491842  3.779
 32    28.801 53325.13355940 15.58 123.115027  67.488782  3.779
 32    25.395 53325.13356005 17.18 123.111447  67.485722  3.779
 32    27.872 53325.13356069 15.99 123.107877  67.482662  3.779
 32    24.904 53325.13356134 15.71 123.104307  67.479612  3.779
 32    24.323 53325.13356198 16.45 123.100732  67.476552  2.543
 33    31.770 53360.13351212 12.60 123.148711  67.524670  2.986
 33    31.128 53360.13351276 11.86 123.145131  67.521610  2.986
 33    31.779 53360.13351341 11.80 123.141551  67.518550  2.986
 33    30.910 53360.13351405 11.13 123.137971  67.515500  2.986
 33    30.500 53360.13351470 11.02 123.134391  67.512440  2.986
 33    30.917 53360.13351534 10.60 123.130811  67.509380  2.986
 33    29.519 53360.13351599 11.13 123.127231  67.506320  2.986
 33    29.038 53360.13351663 11.85 123.123651  67.503270  2.986
 33    28.592 53360.13351728 11.82 123.120071  67.500210  2.986
 33    28.855 53360.13351792 11.22 123.116501  67.497150  2.986
 33    28.945 53360.13351856 10.67 123.112921  67.494100  2.986
 33    28.500 53360.13351921 10.92 123.109351  67.491040  2.986
 33    28.609 53360.13351985 10.46 123.105776  67.487982  1.999
 33    27.916 53360.13352050  9.65 123.102196  67.484922  1.999
 33    29.094 53360.13352114  9.78 123.098626  67.481862  1.999
 33    26.541 53360.13352179  9.60 123.095056  67.478812  1.999
 33    25.911 53360.13352243  9.47 123.091486  67.475752  1.999
 34    31.757 53395.13353221 10.95 123.152571  67.514140  3.352
 34    31.996 53395.13353286 10.01 123.148981  67.511080  3.352
 34    28.371 53395.13353866  9.31 123.116772  67.483572  1.985
 34    27.690 53395.13353930  8.86 123.113202  67.480512  1.985
 34    27.564 53395.13353995  8.76 123.109622  67.477462  1.985
 34    26.799 53395.13354059  8.89 123.106052  67.474402  1.985
 35    31.316 53430.13352307 10.68 123.149542  67.526530  3.282
 35    31.220 53430.13352372 10.22 123.145952  67.523480  3.282
 35    31.797 53430.13352436  9.91 123.142372  67.520420  3.282
 35    31.927 53430.13352501  9.83 123.138792  67.517360  3.282
 35    30.469 53430.13352565 10.40 123.135212  67.514310  3.282
 35    30.923 53430.13352630  9.51 123.131632  67.511250  3.282
 35    29.940 53430.13352694  9.77 123.128052  67.508190  3.282
 35    28.990 53430.13352759  9.67 123.124472  67.505140  3.282
 35    28.503 53430.13352823  9.88 123.120892  67.502080  3.282
 35    28.601 53430.13352888  9.93 123.117312  67.499020  3.282
 35    28.536 53430.13352952  9.16 123.113742  67.495970  3.282
 35    28.561 53430.13353016  9.60 123.110162  67.492910  3.282
 35    28.532 53430.13353081  8.66 123.106587  67.489853  1.957
 35    28.781 53430.13353145  8.49 123.103017  67.486793  1.957
 35    25.474 53430.13353210  8.57 123.099447  67.483733  1.957
 35    25.572 53430.13353274  8.64 123.095877  67.480683  1.957
 35    28.762 53430.13353339  8.56 123.092297  67.477623  1.957
 36    28.257 53465.13355946  6.33 123.115824  67.478556  2.338
 36    26.986 53465.13356010  6.16 123.112254  67.475496  2.338
 36    26.982 53465.13356074  6.21 123.108684  67.472446  2.338
 37   108.683 53500.13361200  2.69 123.150278  67.526184  3.120
 37   106.343 53500.13361264  2.05 123.146698  67.523134  3.120
 37   105.897 53500.13361329  0.97 123.143108  67.520074  3.120
 37   105.077 53500.13361393  0.27 123.139528  67.517014  3.120
 37   105.015 53500.13361458  0.72 123.135948  67.513964  3.120
 37   101.801 53500.13361522  1.40 123.132358  67.510904  3.120
 38    79.861 53535.13359995  1.42 123.149046  67.522084  7.554
 38    31.252 53535.13360446 20.07 123.123976  67.500684  7.554
 38    31.250 53535.13360511 19.56 123.120406  67.497634  7.554
 38    31.078 53535.13360575 18.28 123.116826  67.494574  7.554
 38    32.962 53535.13360640 16.97 123.113252  67.491518  5.521
 38    33.005 53535.13360704 16.61 123.109672  67.488458  5.521
 38    33.003 53535.13360897 15.09 123.098952  67.479288  5.521
 38    32.061 53535.13360962 14.29 123.095382  67.476228  5.521
 39    27.936 53570.13361478 23.81 123.125096  67.507690  8.955
 39    28.122 53570.13361542 22.19 123.121516  67.504630  8.955
 39    28.039 53570.13361606 22.01 123.117936  67.501580  8.955
 39    28.054 53570.13361671 22.19 123.114356  67.498520  8.955
 39    28.394 53570.13361735 21.27 123.110776  67.495460  8.955
 39    27.704 53570.13361800 21.85 123.107206  67.492410  8.955
 39    27.777 53570.13361864 21.08 123.103626  67.489350  8.955
 39    27.848 53570.13361929 20.87 123.100051  67.486294 10.151
 39    27.471 53570.13361993 21.53 123.096481  67.483234 10.151
 39    27.550 53570.13362058 22.79 123.092911  67.480174 10.151
 39    27.644 53570.13362122 24.92 123.089341  67.477124 10.151
 40    81.889 53605.13355645  2.93 123.151173  67.534665  3.805
 40    87.639 53605.13355709  2.40 123.147583  67.531615  3.805
 40    98.909 53605.13355774  2.11 123.144003  67.528555  3.805
 40    97.167 53605.13355838  1.57 123.140413  67.525495  3.805
 40   101.256 53605.13355903  0.88 123.136833  67.522445  3.805
 40    30.948 53605.13356612 10.99 123.097479  67.488814  7.594
 40    28.354 53605.13356676 16.36 123.093909  67.485754  7.594
 40    28.364 53605.13356741 17.88 123.090339  67.482704  7.594
 40    28.016 53605.13356805 17.82 123.086769  67.479644  7.594
 42    23.534 53675.13357795 33.16 123.148017  67.522260 14.800
 42    22.571 53675.13358633 37.15 123.101481  67.482517 27.005
 42    23.415 53675.13358697 32.76 123.097911  67.479457 27.005
 42    22.542 53675.13358762 31.71 123.094341  67.476397 27.005
 43    24.711 53710.13350724 18.10 123.148607  67.527324  4.526
 43    24.543 53710.13350788 18.82 123.145017  67.524274  4.526
 43    24.686 53710.13350853 18.08 123.141437  67.521214  4.526
 43    24.718 53710.13350917 18.58 123.137857  67.518154  4.526
 43    24.629 53710.13350982 19.79 123.134277  67.515094  4.526
 43    24.439 53710.13351046 20.11 123.130697  67.512044  4.526
 43    24.477 53710.13351111 19.97 123.127117  67.508984  4.526
 43    24.428 53710.13351175 19.14 123.123537  67.505924  4.526
 43    24.163 53710.13351240 18.47 123.119957  67.502874  4.526
 43    24.867 53710.13351304 17.05 123.116387  67.499814  4.526
 43    24.422 53710.13351369 16.41 123.112807  67.496754  4.526
 43    24.172 53710.13351433 16.07 123.109237  67.493694  4.526
 43    24.147 53710.13351498 15.93 123.105657  67.490644  4.526
 43    24.495 53710.13351562 16.30 123.102084  67.487585  5.622
 43    23.922 53710.13351626 16.79 123.098514  67.484525  5.622
 43    23.934 53710.13351691 17.35 123.094944  67.481465  5.622
 43    23.753 53710.13351755 17.68 123.091374  67.478415  5.622
 45    31.549 53780.13344949 10.26 123.150056  67.516659  2.866
 45    32.223 53780.13345014  9.04 123.146476  67.513609  2.866
 45    26.746 53780.13345594 10.34 123.114273  67.486096  4.089
 45    26.666 53780.13345659 11.12 123.110703  67.483036  4.089
 45    25.007 53780.13345723 11.38 123.107123  67.479976  4.089
 45    24.113 53780.13345788 11.87 123.103553  67.476926  4.089
 46    32.291 53815.13341644  9.69 123.150313  67.536576  3.673
 46    31.610 53815.13341709  9.58 123.146733  67.533516  3.673
 46    31.324 53815.13341773  9.29 123.143149  67.530462  2.086
 46    33.153 53815.13341838  8.92 123.139559  67.527412  2.086
 46    30.902 53815.13341902  9.52 123.135979  67.524352  2.086
 46    31.451 53815.13341967  9.45 123.132399  67.521292  2.086
 46    28.343 53815.13342031  9.19 123.128819  67.518232  2.086
 46    30.539 53815.13342095  8.68 123.125239  67.515182  2.086
 46    28.581 53815.13342160  8.44 123.121659  67.512122  2.086
 46    28.012 53815.13342224  9.28 123.118079  67.509062  2.086
 46    28.523 53815.13342289  8.60 123.114499  67.506012  2.086
 46    27.322 53815.13342353  9.01 123.110929  67.502952  2.086
 46    25.540 53815.13342547  9.29 123.100199  67.493782  2.086
 46    24.058 53815.13342611  9.83 123.096629  67.490722  2.086
 46    24.089 53815.13342676 10.05 123.093059  67.487662  2.086
 46    23.106 53815.13342740 10.41 123.089489  67.484602  2.086
 47    31.020 53850.13348434  8.54 123.150633  67.514574  2.058
 47    27.945 53850.13349079  7.94 123.114833  67.484004  2.058
 47    26.747 53850.13349143  8.52 123.111253  67.480954  2.058
 47    25.950 53850.13349208  8.71 123.107683  67.477894  2.058
 47    25.372 53850.13349272  8.92 123.104106  67.474839  2.992
 49    32.222 53920.13356172 26.14 123.147976  67.526016  6.510
 49    32.055 53920.13356236 22.95 123.144386  67.522956  6.510
 49    32.086 53920.13356301 19.36 123.140806  67.519896  6.510
 49    31.872 53920.13356365 19.29 123.137216  67.516846  6.510
 49    32.307 53920.13356429 19.60 123.133636  67.513786  6.510
 49    32.102 53920.13356494 19.16 123.130056  67.510726  6.510
 49    32.628 53920.13356558 19.45 123.126476  67.507676  6.510
 49    32.440 53920.13356623 20.63 123.122896  67.504616  6.510
 50    33.482 53955.13355976 15.32 123.151474  67.531672  6.213
 50    32.788 53955.13356040 15.32 123.147884  67.528612  6.213
 50    28.350 53955.13356105 19.31 123.144294  67.525562  6.213
 50    32.244 53955.13356169 14.16 123.140714  67.522502  6.213
 50    30.558 53955.13356233 15.47 123.137134  67.519442  6.213
 50    32.520 53955.13356298 16.38 123.133544  67.516392  6.213
 50    28.191 53955.13356362 17.08 123.129964  67.513332  6.213
 50    29.191 53955.13356427 17.22 123.126384  67.510272  6.213
 50    30.912 53955.13356491 15.61 123.122804  67.507222  6.213
 50    31.497 53955.13356556 15.08 123.119224  67.504162  6.213
 50    31.444 53955.13356620 14.71 123.115644  67.501102  6.213
 50    31.352 53955.13356685 16.42 123.112064  67.498042  6.213
 50    28.523 53955.13356749 18.90 123.108494  67.494992  6.213
 50    27.862 53955.13356814 19.72 123.104914  67.491932  6.213
 50    24.843 53955.13356878 23.14 123.101344  67.488872  6.213
 50    25.158 53955.13356943 25.10 123.097764  67.485822  6.213
 50    25.597 53955.13357007 25.23 123.094194  67.482762  6.213
 50    26.910 53955.13357072 22.28 123.090624  67.479702  6.213
 51    30.298 53990.13347807 22.63 123.149986  67.532088  7.887
 51    29.594 53990.13347871 23.54 123.146406  67.529028  7.887
 51    30.467 53990.13347936 22.23 123.142816  67.525968  7.887
 51    30.598 53990.13348000 21.79 123.139235  67.522910  4.850
 51    30.204 53990.13348645 18.71 123.103455  67.492340  4.850
 51    30.282 53990.13348709 18.07 123.099885  67.489280  4.850
 51    30.750 53990.13348774 17.70 123.096315  67.486230  4.850
 51    29.848 53990.13348838 17.08 123.092745  67.483170  4.850
 51    29.287 53990.13348903 17.55 123.089175  67.480110  4.850
 52    25.272 54025.13354669 32.83 123.151627  67.510690 12.253
 52    24.933 54025.13355314 35.48 123.115837  67.480120 12.253
 52    25.018 54025.13355379 32.66 123.112257  67.477070 12.253
 52    24.647 54025.13355443 33.65 123.108687  67.474010 12.253
 53    23.720 54060.13353898 23.18 123.151330  67.516158  5.155
 53    23.753 54060.13353963 23.12 123.147750  67.513098  5.155
 53    24.419 54060.13354543 20.26 123.115550  67.485588  5.155
 53    23.551 54060.13354608 21.18 123.111980  67.482528  5.155
 53    23.380 54060.13354672 22.06 123.108400  67.479478  5.155
 53    22.909 54060.13354737 23.99 123.104830  67.476418  5.155
 54    24.785 54095.13351183 17.94 123.149241  67.532395  3.934
 54    24.989 54095.13351248 17.98 123.145661  67.529335  3.934
 54    25.141 54095.13351312 17.81 123.142071  67.526285  3.934
 54    24.971 54095.13351377 19.56 123.138491  67.523225  3.934
 54    24.993 54095.13351441 19.14 123.134911  67.520165  3.934
 54    25.033 54095.13351506 19.80 123.131331  67.517115  3.934
 54    25.287 54095.13351699 16.96 123.120591  67.507945  3.934
 54    26.193 54095.13351764 16.59 123.117011  67.504885  3.934
 54    25.699 54095.13351828 16.67 123.113431  67.501825  3.934
 54    24.884 54095.13351893 16.66 123.109861  67.498765  3.934
 54    24.659 54095.13351957 16.45 123.106281  67.495715  3.934
 54    24.861 54095.13352021 15.92 123.102711  67.492655  3.934
 54    24.560 54095.13352086 16.78 123.099131  67.489595  3.934
 54    24.479 54095.13352150 17.68 123.095561  67.486535  3.934
 54    24.198 54095.13352215 18.69 123.091991  67.483485  3.934
 54    24.106 54095.13352279 18.98 123.088421  67.480425  3.934
 55    27.420 54130.13346602 13.94 123.119550  67.479792  2.300
 55    27.047 54130.13346666 14.32 123.115980  67.476732  2.300
 55    26.853 54130.13346731 14.86 123.112406  67.473678  5.043
 55    23.029 54130.13346795 15.43 123.108826  67.470618  5.043
 56    32.280 54165.13348369 10.86 123.151498  67.528702  3.152
 56    32.857 54165.13348433 10.45 123.147918  67.525642  3.152
 56    33.472 54165.13348498 10.41 123.144328  67.522592  3.152
 56    32.870 54165.13348562  9.67 123.140748  67.519532  3.152
 56    31.554 54165.13348626  9.52 123.137168  67.516472  3.152
 56    31.475 54165.13348691  9.95 123.133588  67.513422  3.152
 56    30.581 54165.13348755  9.82 123.130008  67.510362  3.152
 56    30.040 54165.13348820  9.87 123.126428  67.507302  3.152
 56    29.479 54165.13348884  9.78 123.122848  67.504242  3.152
 56    28.808 54165.13348949 10.16 123.119268  67.501192  3.152
 56    28.258 54165.13349013  9.91 123.115688  67.498132  3.152
 56    27.910 54165.13349078 10.82 123.112112  67.495080  4.954
 56    27.952 54165.13349142 10.85 123.108542  67.492020  4.954
 56    25.110 54165.13349207 11.34 123.104962  67.488960  4.954
 56    24.095 54165.13349271 12.03 123.101392  67.485900  4.954
 56    22.753 54165.13349336 12.97 123.097812  67.482850  4.954
 56    22.252 54165.13349400 13.64 123.094242  67.479790  4.954
 56    21.687 54165.13349465 14.12 123.090672  67.476730  4.954
 57    33.478 54200.13346196  7.70 123.152863  67.514109  2.897
 57    32.837 54200.13346260  8.34 123.149273  67.511059  2.897
 57    27.759 54200.13346841 10.46 123.117065  67.483545  3.796
 57    26.813 54200.13346905 11.34 123.113495  67.480485  3.796
 57    27.045 54200.13346969 11.51 123.109915  67.477425  3.796
 57    27.330 54200.13347034 12.39 123.106345  67.474375  3.796
 58   107.224 54235.13349996  2.72 123.151448  67.516985  5.287
 58   106.494 54235.13350061  2.49 123.147868  67.513935  5.287
 59   108.852 54270.13351929  0.40 123.150640  67.521849  2.431
 59   108.488 54270.13351994  0.62 123.147050  67.518799  2.431
 59   108.153 54270.13352058  0.13 123.143470  67.515739  2.431
 60    33.626 54305.13352713 13.43 123.126026  67.498886  3.134
 60    30.180 54305.13352778 18.16 123.122444  67.495826  6.889
 60    30.335 54305.13352842 18.40 123.118874  67.492776  6.889
 60    33.635 54305.13352906 17.65 123.115294  67.489716  6.889
 60    31.976 54305.13352971 15.96 123.111724  67.486656  6.889
 60    34.407 54305.13353035 15.87 123.108144  67.483606  6.889
 60    29.437 54305.13353100 18.15 123.104574  67.480546  6.889
 60    29.565 54305.13353164 23.42 123.101004  67.477486  6.889
 61    27.837 54340.13350485 44.10 123.148310  67.524888 24.681
 61    27.931 54340.13350549 44.50 123.144720  67.521838 24.681
 61    27.870 54340.13350614 44.40 123.141140  67.518778 24.681
 61    28.004 54340.13350678 45.77 123.137560  67.515718 24.681
 61    28.320 54340.13350743 45.67 123.133980  67.512668 24.681
 61    26.112 54340.13351323 47.61 123.101791  67.485143 25.428
 61    26.101 54340.13351387 46.32 123.098211  67.482093 25.428
 61    26.040 54340.13351452 43.62 123.094641  67.479033 25.428
 61    26.015 54340.13351516 39.01 123.091071  67.475973 25.428
 62    29.559 54375.13346415 17.61 123.114588  67.484716  7.503
 62    27.817 54375.13346479 19.89 123.111008  67.481656  7.503
 62    27.378 54375.13346544 21.28 123.107438  67.478596  7.503
 62    29.051 54375.13346608 24.07 123.103858  67.475546  7.503
 63    24.854 54410.13345151 22.55 123.149884  67.522788 10.023
 63    24.874 54410.13345989 38.53 123.103365  67.483043 13.880
 63    24.822 54410.13346053 31.07 123.099795  67.479983 13.880
 63    23.845 54410.13346118 27.23 123.096225  67.476923 13.880
 64    23.884 54445.13342815 15.43 123.117207  67.478968  3.751
 64    25.556 54445.13342879 13.80 123.113627  67.475908  3.751
 64    24.145 54445.13342944 14.36 123.110057  67.472858  3.751
 65    30.609 54480.13344275 10.06 123.150454  67.520124  2.729
 65    30.407 54480.13344339  9.30 123.146864  67.517064  2.729
 65    26.937 54480.13344726 11.70 123.125384  67.498724  2.729
 65    28.467 54480.13344790 12.39 123.121814  67.495674  2.729
 65    24.853 54480.13344855 11.91 123.118234  67.492614  2.729
 65    24.759 54480.13344919 12.47 123.114654  67.489554  2.729
 65    25.114 54480.13344984 12.50 123.111084  67.486504  2.729
 65    24.921 54480.13345048 12.48 123.107504  67.483444  2.729
 65    24.290 54480.13345113 13.65 123.103934  67.480384  2.729
 65    24.490 54480.13345177 12.53 123.100364  67.477324  2.729
 66    26.590 54515.13344273 10.46 123.116216  67.478617  2.952
 66    27.035 54515.13344337  9.72 123.112646  67.475557  2.952
 66    25.564 54515.13344402  8.97 123.109076  67.472507  2.952
 67    32.694 54550.13345941  3.15 123.123381  67.504967  2.412
 67    30.684 54550.13346006  4.37 123.119801  67.501917  2.412
 67    29.027 54550.13346070  5.48 123.116221  67.498857  2.412
 67    27.843 54550.13346135  6.66 123.112644  67.495803  1.943
 67    27.567 54550.13346199  6.96 123.109074  67.492743  1.943
 67    27.439 54550.13346264  6.75 123.105494  67.489683  1.943
 67    26.985 54550.13346328  6.71 123.101924  67.486623  1.943
 67    26.922 54550.13346393  6.70 123.098354  67.483573  1.943
 67    27.138 54550.13346457  6.72 123.094774  67.480513  1.943
 67    25.835 54550.13346522  6.59 123.091204  67.477453  1.943
 68    30.496 54585.13343683  6.37 123.114388  67.486723  3.784
 68    28.848 54585.13343747  6.61 123.110808  67.483673  3.784
 68    29.539 54585.13343812  5.95 123.107238  67.480613  3.784
 68    28.660 54585.13343876  6.86 123.103668  67.477553  3.784
 69    93.702 54620.13345645  0.79 123.111399  67.486985  4.710
 69    86.274 54620.13345709  1.55 123.107819  67.483935  4.710
 69    88.150 54620.13345773  1.61 123.104249  67.480875  4.710
 69    86.891 54620.13345838  1.38 123.100679  67.477815  4.710
 70    33.258 54655.13346024 16.82 123.147204  67.520377  8.917
 70    33.531 54655.13346088 15.72 123.143614  67.517317  8.917
 70    31.629 54655.13346153 14.15 123.140034  67.514267  8.917
 70    32.284 54655.13346669 16.35 123.111407  67.489806 11.164
 70    33.700 54655.13346733 16.69 123.107827  67.486746 11.164
 70    28.659 54655.13346798 18.69 123.104257  67.483696 11.164
 70    28.120 54655.13346862 25.59 123.100687  67.480636 11.164
 70    28.410 54655.13346927 31.71 123.097117  67.477576 11.164
 71    26.816 54690.13344559 49.10 123.149350  67.525299 30.377
 71    26.843 54690.13344624 49.06 123.145770  67.522239 30.377
 71    26.833 54690.13344688 49.56 123.142180  67.519179 30.377
 71    26.854 54690.13344753 51.28 123.138600  67.516129 30.377
 71    26.779 54690.13344817 50.75 123.135020  67.513069 30.377
 71    26.713 54690.13344882 52.20 123.131440  67.510009 30.377
 71    26.851 54690.13344946 51.76 123.127860  67.506959 30.377
 71    26.859 54690.13345011 50.81 123.124280  67.503899 30.377
 71    26.761 54690.13345075 51.70 123.120700  67.500839 30.377
 71    26.917 54690.13345139 48.88 123.117130  67.497789 30.377
 71    26.817 54690.13345204 51.03 123.113550  67.494729 30.377
 71    26.930 54690.13345268 50.67 123.109969  67.491673 22.965
 71    26.824 54690.13345333 51.10 123.106399  67.488613 22.965
 71    26.879 54690.13345397 46.24 123.102829  67.485553 22.965
 71    26.951 54690.13345462 44.23 123.099249  67.482493 22.965
 71    26.916 54690.13345526 39.73 123.095679  67.479443 22.965
 71    26.976 54690.13345591 40.55 123.092109  67.476383 22.965
 72    31.004 54725.13341821 16.43 123.116534  67.480172 10.613
 72    32.240 54725.13341950 16.26 123.109384  67.474052 10.613
 73    24.746 54760.13342286 37.76 123.148115  67.521905 12.653
 73    24.596 54760.13342995 42.22 123.108743  67.488284 30.045
 73    25.288 54760.13343060 39.63 123.105173  67.485224 30.045
 73    24.450 54760.13343124 37.77 123.101603  67.482174 30.045
 73    24.719 54760.13343189 35.54 123.098033  67.479114 30.045
 73    24.543 54760.13343253 35.98 123.094453  67.476054 30.045
 74    23.378 54795.13341179 21.62 123.117279  67.479480  6.914
 74    23.561 54795.13341244 22.45 123.113699  67.476420  6.914
 74    23.858 54795.13341308 17.43 123.110129  67.473370  6.914
 75    24.802 54830.13342300 16.69 123.148100  67.518813  4.998
 75    24.634 54830.13342365 16.84 123.144510  67.515753  4.998
 75    25.294 54830.13342687 19.64 123.126610  67.500473  4.998
 75    25.219 54830.13342752 19.19 123.123030  67.497413  4.998
 75    24.479 54830.13342816 19.48 123.119457  67.494352  4.112
 75    24.518 54830.13342880 19.97 123.115877  67.491302  4.112
 75    24.566 54830.13342945 18.61 123.112307  67.488242  4.112
 75    24.523 54830.13343009 18.61 123.108727  67.485182  4.112
 75    24.728 54830.13343074 16.87 123.105157  67.482132  4.112
 75    24.525 54830.13343138 15.73 123.101587  67.479072  4.112
 76    22.955 54865.13339947 17.78 123.154268  67.513162  4.620
 76    23.208 54865.13340012 17.00 123.150678  67.510102  4.620
 76    24.320 54865.13340656 15.39 123.114893  67.479540  4.811
 76    24.544 54865.13340721 14.25 123.111323  67.476480  4.811
 76    24.651 54865.13340785 13.49 123.107753  67.473430  4.811
 77    25.198 54900.13342084 12.58 123.150222  67.527329  4.019
 77    24.395 54900.13342148 12.46 123.146632  67.524269  4.019
 77    25.362 54900.13342213 12.68 123.143052  67.521219  4.019
 77    24.350 54900.13342277 13.13 123.139472  67.518159  4.019
 77    23.753 54900.13342342 14.24 123.135882  67.515109  4.019
 77    23.692 54900.13342406 14.51 123.132302  67.512049  4.019
 77    23.502 54900.13342471 14.90 123.128722  67.508989  4.019
 77    23.317 54900.13342535 15.05 123.125142  67.505929  4.019
 77    22.840 54900.13342600 16.61 123.121562  67.502879  4.019
 77    23.275 54900.13342664 15.84 123.117992  67.499819  4.019
 77    22.835 54900.13342729 16.62 123.114416  67.496768  2.971
 77    23.257 54900.13342793 15.11 123.110836  67.493708  2.971
 77    23.261 54900.13342858 15.02 123.107266  67.490648  2.971
 77    23.148 54900.13342922 14.21 123.103686  67.487588  2.971
 77    23.950 54900.13342986 12.70 123.100116  67.484538  2.971
 77    24.141 54900.13343051 12.26 123.096546  67.481478  2.971
 77    23.556 54900.13343115 12.51 123.092966  67.478418  2.971
 78    29.300 54935.13339114  9.79 123.151647  67.515718  3.097
 78    29.348 54935.13339178 10.01 123.148067  67.512668  3.097
 78    26.427 54935.13339758 10.24 123.115853  67.485149  2.560
 78    27.160 54935.13339823  9.71 123.112283  67.482099  2.560
 78    26.184 54935.13339887  9.45 123.108703  67.479039  2.560
 78    25.101 54935.13339952  9.00 123.105133  67.475979  2.560
 79    50.019 54970.13342796  5.41 123.126344  67.498290  2.805
 79    49.545 54970.13342861 11.68 123.122764  67.495230  2.805
 79    49.498 54970.13342925 11.87 123.119187  67.492178 11.595
 79    29.019 54970.13343118 40.48 123.108457  67.482998 11.595
 79    26.235 54970.13343183 41.79 123.104887  67.479948 11.595
 79    29.294 54970.13343247 36.64 123.101317  67.476888 11.595
 80    32.572 55005.13344410 20.43 123.142110  67.516394  5.239
 80    32.710 55005.13344475 23.15 123.138530  67.513344  5.239
 80    33.909 55005.13344733 23.89 123.124210  67.501114  5.239
 80    33.179 55005.13344797 26.99 123.120630  67.498054  5.239
 80    33.135 55005.13344862 23.99 123.117057  67.495003  5.085
 81    30.985 55040.13343545 18.86 123.123812  67.497908  3.069
 81    30.461 55040.13343610 19.64 123.120238  67.494856  4.258
 81    30.934 55040.13343674 16.81 123.116658  67.491796  4.258
 81    32.318 55040.13343739 16.70 123.113088  67.488736  4.258
 81    30.248 55040.13343803 17.56 123.109508  67.485676  4.258
 81    29.545 55040.13343868 18.39 123.105938  67.482626  4.258
 82    28.346 55075.13341268 23.78 123.146910  67.524915  6.753
 82    33.405 55075.13341333 16.68 123.143330  67.521855  6.753
 82    31.908 55075.13341397 15.21 123.139740  67.518805  6.753
 82    32.335 55075.13341462 14.18 123.136160  67.515745  6.753
 82    30.507 55075.13341526 15.31 123.132580  67.512685  6.753
 82    29.810 55075.13341591 15.14 123.129000  67.509635  6.753
 82    30.887 55075.13341655 14.94 123.125420  67.506575  6.753
 82    30.293 55075.13341720 15.51 123.121840  67.503515  6.753
 82    30.852 55075.13341784 15.52 123.118270  67.500455  6.753
 82    30.911 55075.13341849 15.01 123.114690  67.497405  6.753
 82    30.109 55075.13341913 15.40 123.111110  67.494345  6.753
 82    31.053 55075.13341978 15.62 123.107537  67.491288  7.793
 82    29.480 55075.13342042 17.03 123.103967  67.488228  7.793
 82    28.951 55075.13342171 18.86 123.096817  67.482118  7.793
 82    28.864 55075.13342235 19.30 123.093247  67.479058  7.793
 83    33.312 55110.13336459 15.27 123.150677  67.513141  8.580
 83    28.504 55110.13337104 20.20 123.114888  67.482566  6.706
 83    28.265 55110.13337168 19.84 123.111308  67.479516  6.706
 83    28.748 55110.13337233 19.56 123.107738  67.476456  6.706
 84    32.717 55145.13336596 27.24 123.148425  67.523197  9.279
 84    23.360 55145.13336660 28.85 123.144845  67.520137  9.279
 84    23.539 55145.13336725 31.22 123.141255  67.517077  9.279
 84    23.134 55145.13336789 32.94 123.137675  67.514027  9.279
 84    23.036 55145.13336854 32.58 123.134095  67.510967  9.279
 84    22.870 55145.13336918 31.05 123.130515  67.507907  9.279
 84    23.358 55145.13336983 31.15 123.126935  67.504857  9.279
 84    23.321 55145.13337434 39.82 123.101906  67.483456 15.243
 84    23.573 55145.13337499 28.60 123.098336  67.480396 15.243
 84    23.232 55145.13337563 25.51 123.094756  67.477336 15.243
 85    25.597 55180.13334745 18.25 123.117998  67.479095  5.103
 85    23.296 55180.13334810 19.18 123.114418  67.476035  5.103
 85    23.468 55180.13334874 19.88 123.110848  67.472975  5.103
 86    32.641 55215.13336092 15.08 123.146939  67.520923  2.774
 86    32.213 55215.13336156 14.76 123.143349  67.517863  2.774
 86    31.204 55215.13336221 15.37 123.139769  67.514813  2.774
 86    27.874 55215.13336478 16.26 123.125449  67.502583  2.774
 86    25.909 55215.13336543 16.47 123.121869  67.499523  2.774
 86    28.306 55215.13336607 15.83 123.118299  67.496463  2.774
 86    28.474 55215.13336672 15.65 123.114719  67.493413  2.774
 86    28.836 55215.13336736 15.38 123.111139  67.490353  2.774
 86    25.809 55215.13336801 15.98 123.107569  67.487293  2.774
 86    24.440 55215.13336865 16.48 123.103999  67.484233  2.774
 86    23.811 55215.13336930 16.87 123.100419  67.481183  2.774
 86    23.256 55215.13336994 17.67 123.096849  67.478124  4.948
 86    23.090 55215.13337059 18.33 123.093279  67.475064  4.948
 87    31.028 55250.13333802 12.96 123.151131  67.511920  3.673
 87    25.681 55250.13334447 14.49 123.115351  67.481356  4.970
 87    25.998 55250.13334511 14.80 123.111771  67.478296  4.970
 87    25.481 55250.13334576 14.73 123.108201  67.475236  4.970
 88    33.022 55285.13335315 11.00 123.150586  67.528620  3.234
 88    33.381 55285.13335380 11.18 123.146996  67.525560  3.234
 88    33.221 55285.13335444 11.55 123.143416  67.522500  3.234
 88    29.761 55285.13335509 11.55 123.139836  67.519440  3.234
 88    30.782 55285.13335573 11.17 123.136246  67.516390  3.234
 88    29.921 55285.13335638 11.19 123.132666  67.513330  3.234
 88    29.933 55285.13335702 11.84 123.129086  67.510270  3.234
 88    28.396 55285.13335767 11.80 123.125506  67.507220  3.234
 88    27.281 55285.13335831 12.09 123.121926  67.504160  3.234
 88    25.841 55285.13335895 12.66 123.118346  67.501100  3.234
 88    27.962 55285.13335960 12.61 123.114776  67.498050  3.234
 88    25.073 55285.13336024 13.40 123.111196  67.494990  3.234
 88    24.951 55285.13336089 13.15 123.107619  67.491933  4.855
 88    24.400 55285.13336153 14.13 123.104049  67.488873  4.855
 88    23.654 55285.13336218 14.68 123.100479  67.485813  4.855
 88    24.008 55285.13336282 14.43 123.096899  67.482763  4.855
 88    22.217 55285.13336347 14.76 123.093329  67.479703  4.855
 89    33.871 55320.13332689 14.33 123.148624  67.521815  4.389
 89    22.942 55320.13332753 14.89 123.145044  67.518755  4.389
 89    22.274 55320.13332818 16.99 123.141454  67.515695  4.389
 89    22.154 55320.13333075 17.55 123.127134  67.503465  4.389
 89    22.062 55320.13333140 18.62 123.123554  67.500415  4.389
 89    22.301 55320.13333204 20.03 123.119984  67.497355  4.389
 89    23.187 55320.13333269 20.54 123.116404  67.494301  7.022
 89    23.493 55320.13333333 20.11 123.112824  67.491241  7.022
 89    23.684 55320.13333398 18.44 123.109254  67.488181  7.022
 89    23.300 55320.13333462 17.36 123.105674  67.485121  7.022
 89    28.133 55320.13333527 15.54 123.102104  67.482071  7.022
 89    28.440 55320.13333591 14.97 123.098534  67.479011  7.022
 89    28.902 55320.13333656 16.39 123.094964  67.475951  7.022
 90    51.947 55355.13332862 11.58 123.145091  67.519321  8.207
 90    53.430 55355.13332926 18.89 123.141511  67.516261  8.207
 90    53.297 55355.13332991 15.75 123.137921  67.513211  8.207
 90    32.621 55355.13333184 47.91 123.127181  67.504031  8.207
 90    32.979 55355.13333249 46.70 123.123601  67.500981  8.207
 90    33.268 55355.13333313 45.56 123.120031  67.497921  8.207
 90    33.369 55355.13333378 43.95 123.116455  67.494869 14.409
 90    33.484 55355.13333442 44.39 123.112875  67.491809 14.409
 90    33.247 55355.13333507 45.72 123.109305  67.488749 14.409
 91    28.401 55390.13332888 27.67 123.151716  67.514898 14.144
 91    27.197 55390.13332953 29.49 123.148136  67.511838 14.144
 91    27.371 55390.13333533 49.14 123.115924  67.484322 19.988
 91    27.241 55390.13333597 51.58 123.112354  67.481272 19.988
 91    27.360 55390.13333662 51.96 123.108774  67.478212 19.988
 91    27.419 55390.13333726 51.21 123.105204  67.475152 19.988
 92    31.154 55425.13334598 14.88 123.145762  67.516836 11.054
 92    29.920 55425.13334985 19.60 123.124282  67.498496 11.054
 92    28.897 55425.13335050 23.43 123.120702  67.495436 11.054
 92    29.281 55425.13335114 20.40 123.117121  67.492382  6.100
 92    31.824 55425.13335178 20.53 123.113551  67.489322  6.100
 92    28.980 55425.13335243 19.30 123.109971  67.486262  6.100
 92    28.800 55425.13335307 19.04 123.106401  67.483202  6.100
 92    28.131 55425.13335372 19.46 123.102831  67.480152  6.100
 92    28.047 55425.13335436 19.96 123.099251  67.477092  6.100
 93    25.474 55460.13331316 48.29 123.149077  67.527186 36.873
 93    25.562 55460.13331381 47.92 123.145487  67.524126 36.873
 93    25.605 55460.13331445 47.88 123.141907  67.521066 36.873
 93    25.611 55460.13331510 52.52 123.138327  67.518016 36.873
 93    25.489 55460.13331574 51.52 123.134737  67.514956 36.873
 93    25.614 55460.13331639 49.66 123.131157  67.511896 36.873
 93    25.572 55460.13331703 50.30 123.127577  67.508836 36.873
 93    25.618 55460.13331768 51.89 123.124007  67.505786 36.873
 93    25.547 55460.13331832 51.87 123.120427  67.502726 36.873
 93    25.726 55460.13331896 50.99 123.116847  67.499666 36.873
 93    25.671 55460.13331961 52.67 123.113267  67.496616 36.873
 93    25.620 55460.13332025 52.43 123.109697  67.493556 36.873
 93    25.699 55460.13332090 52.08 123.106125  67.490499 24.002
 93    25.678 55460.13332154 52.88 123.102545  67.487439 24.002
 93    25.675 55460.13332219 54.11 123.098975  67.484379 24.002
 93    25.662 55460.13332283 49.13 123.095405  67.481329 24.002
 93    25.662 55460.13332348 50.38 123.091835  67.478269 24.002
