# NaN NaN NaN ;Mean Elev.(m), Avg Gradient(m/km), RMS Gradient(m/km) - SRTM1     
#   18.618  -1.052   6.047 ;Mean Elev.(m), Avg Gradient(m/km), RMS Gradient(m/km) - ASTER GDEM
#   24.113  -0.900   3.811 ;Mean Elev.(m), Avg Gradient(m/km), RMS Gradient(m/km) - GMTED2010 
  7 124.234227  65.594478    24.442    24.472 29 52448.51818063 48.606
  8 124.224814  65.617840    40.717    40.726 24 52483.51817297 52.065
  9 124.207646  65.645490    38.692    38.666 26 52518.51813731 41.192
 10 124.236169  65.587888    40.147    39.504 29 52553.51817629 23.407
 11 124.219968  65.625880    40.154    39.878 27 52588.51816536 24.548
 12 124.206943  65.646424    40.896    40.918 27 52623.51812070 17.607
 13 124.225887  65.615649    38.948    38.491 23 52658.51813338 16.545
 15 124.224380  65.619330    39.675    39.067 25 52728.51815360 12.595
 16 124.219394  65.626926    40.684    40.714 27 52763.51816762 13.555
 17 124.235622  65.597422    45.127    45.125 28 52798.51813605 49.578
 18 124.234655  65.599020    42.164    42.169 28 52833.51820655 52.633
 19 124.221492  65.622468    41.732    41.515 26 52868.51825349 21.214
 20 124.220353  65.624779    41.100    40.248 27 52903.51826700 23.599
 21 124.205504  65.652362    38.677    38.280 26 52938.51820909 40.482
 22 124.233913  65.598796    38.380    38.365 28 52973.51823472 24.855
 23 124.229126  65.608493    39.601    39.228 25 53008.51824465 13.963
 24 124.235465  65.590649    39.662    38.903 29 53043.51819901 11.202
 25 124.226323  65.614368    39.858    39.338 22 53078.51823688 10.075
 26 124.238127  65.584612    39.921    39.291 31 53113.51820173  9.271
 27 124.234757  65.599748    39.720    39.147 28 53148.51824966 36.551
 28 124.219657  65.626002    45.160    45.183 27 53183.51825250 43.488
 29 124.225612  65.617250    41.455    41.560 24 53218.51827523 21.900
 30 124.215414  65.635042    39.427    39.446 28 53253.51825627 39.867
 31 124.239465  65.581535    41.065    40.929 31 53288.51824849 31.781
 32 124.218992  65.629037    39.629    38.895 28 53323.51823332 23.991
 33 124.204132  65.652208    40.970    41.170 26 53358.51820154 12.644
 34 124.234238  65.593950    39.308    39.044 28 53393.51820647 11.680
 35 124.207105  65.645891    40.709    40.814 27 53428.51821078 10.453
 36 124.234180  65.597443    39.214    39.027 28 53463.51822178  9.651
 37 124.234843  65.597041    38.678    38.670 29 53498.51829102 40.908
 38 124.219547  65.628636    43.406    43.679 28 53533.51828035 20.004
 39 124.226629  65.612739    41.869    41.849 22 53568.51829432 52.553
 40 124.204558  65.650598    40.681    40.220 26 53603.51824757 41.445
 41 124.236253  65.590559    41.175    41.232 30 53638.51823424 40.931
 42 124.235036  65.598590    39.350    39.372 28 53673.51825603 29.570
 43 124.204919  65.653159    39.617    39.169 26 53708.51819787 19.315
 44 124.205509  65.659910    40.831    40.563 27 53743.51810974 14.538
 45 124.224498  65.619809    39.560    39.220 25 53778.51812975 12.490
 46 124.204717  65.657744    41.095    41.348 27 53813.51811146 10.304
 47 124.234121  65.593633    39.790    39.335 29 53848.51815664  7.819
 49 124.234329  65.598710    43.860    43.853 28 53918.51823871 48.809
 50 124.234028  65.600305    39.601    39.549 28 53953.51824123 46.227
 52 124.235200  65.596413    40.303    40.292 29 54023.51822097 48.720
 53 124.219784  65.627083    40.789    40.555 28 54058.51821939 20.376
 54 124.207572  65.646323    41.176    41.332 26 54093.51820285 14.429
 55 124.234211  65.593775    40.109    39.516 29 54128.51813130 11.628
 56 124.222089  65.622317    39.962    39.422 25 54163.51816799 10.922
 57 124.235810  65.596332    39.846    39.437 28 54198.51813415  9.612
 58 124.226787  65.611525    38.872    38.612 23 54233.51817978 41.679
 59 124.224460  65.618616    44.737    44.693 25 54268.51820019 28.570
 60 124.225241  65.617426    41.837    41.792 23 54303.51820350 49.939
 61 124.219056  65.628982    41.246    40.797 28 54338.51819080 29.207
 62 124.232018  65.604400    42.063    42.572 26 54373.51813441 24.524
 63 124.224292  65.618904    37.818    37.848 25 54408.51813439 41.740
 64 124.234656  65.592679    39.893    39.624 29 54443.51809334 16.856
 65 124.225009  65.618053    39.766    39.483 24 54478.51812379 13.671
 66 124.235298  65.594431    39.323    39.194 28 54513.51810858 12.120
 67 124.219237  65.628423    40.156    40.285 28 54548.51813952  9.364
 68 124.226714  65.613914    40.987    41.664 23 54583.51810819  7.990
 69 124.227543  65.613753    46.813    46.797 23 54618.51812832 52.595
 70 124.225933  65.614771    41.746    41.721 23 54653.51814018 50.976
 71 124.220203  65.626846    43.105    43.329 27 54688.51813136 18.107
 72 124.234831  65.594921    43.248    43.329 28 54723.51808448 21.533
 73 124.225142  65.617997    39.678    39.686 24 54758.51810531 49.589
 74 124.237383  65.588515    39.427    39.361 31 54793.51807648 19.018
 75 124.226437  65.613448    39.601    39.555 23 54828.51810314 15.551
 76 124.235114  65.596787    39.443    39.070 28 54863.51807234 12.521
 77 124.223872  65.620530    39.661    39.533 25 54898.51810414 11.687
 78 124.235605  65.598457    39.793    39.380 28 54933.51806705  9.963
 79 124.226641  65.614466    42.736    42.461 23 54968.51810437 28.918
 80 124.229188  65.609208    43.870    43.877 24 55003.51812302 22.923
 81 124.224140  65.619251    42.585    42.490 25 55038.51811192 18.577
 82 124.219249  65.629297    40.936    40.943 29 55073.51809896 52.983
 83 124.234982  65.596308    42.170    41.887 28 55108.51803977 20.682
 84 124.224322  65.619102    39.329    38.814 24 55143.51804844 34.049
 85 124.234634  65.592877    39.761    39.326 29 55178.51801224 20.914
 86 124.225263  65.617432    39.643    39.320 24 55213.51804278 18.379
 87 124.234159  65.600495    39.374    38.560 28 55248.51801348 15.427
 88 124.221396  65.624433    40.110    40.365 27 55283.51803798 14.077
 89 124.226584  65.614646    39.146    38.400 22 55318.51800661 21.813
 90 124.222565  65.622238    43.740    43.456 26 55353.51801037 21.966
 91 124.233859  65.596714    41.628    41.652 28 55388.51800313 40.179
 92 124.223414  65.620028    41.439    41.238 24 55423.51802755 26.779
 93 124.215104  65.635586    42.128    42.403 29 55458.51800216 23.118
