# NaN NaN NaN ;Mean Elev.(m), Avg Gradient(m/km), RMS Gradient(m/km) - SRTM1     
#  136.016 -14.174  48.215 ;Mean Elev.(m), Avg Gradient(m/km), RMS Gradient(m/km) - ASTER GDEM
#  134.000 -16.309  46.328 ;Mean Elev.(m), Avg Gradient(m/km), RMS Gradient(m/km) - GMTED2010 
 10   148.364 52561.55105101 21.73 116.309077  60.517039 18.159
 10   148.799 52561.55105166 21.99 116.306817  60.520199 18.159
 10   148.823 52561.55105230 31.28 116.304557  60.523369 18.159
 12   149.360 52631.55100322 10.78 116.308088  60.515731  4.273
 12   153.986 52631.55100387 11.57 116.305828  60.518891  4.273
 12   149.537 52631.55100451 12.11 116.303578  60.522061  4.273
 12   149.496 52631.55100515 13.55 116.301318  60.525221  4.273
 15   149.284 52736.55103430 12.24 116.326396  60.510336 15.979
 15   149.926 52736.55103495 13.58 116.324146  60.513506 15.979
 15   149.816 52736.55103559 15.51 116.321886  60.516666 15.979
 15   150.532 52736.55103624 16.93 116.319626  60.519836 15.979
 17   151.022 52806.55106062 34.39 116.299995  60.520260 14.542
 17   151.485 52806.55106126 33.52 116.297735  60.523420 14.542
 17   151.484 52806.55106191 34.38 116.295475  60.526590 14.542
 18   149.852 52841.55111954 43.65 116.306412  60.518233 15.285
 18   149.867 52841.55112019 39.53 116.304152  60.521393 15.285
 18   149.162 52841.55112083 43.55 116.301892  60.524553 15.285
 19   151.626 52876.55115783 32.55 116.309660  60.516398 15.642
 19   151.771 52876.55115847 37.44 116.307410  60.519568 15.642
 19   152.019 52876.55115912 39.50 116.305150  60.522728 15.642
 20   149.258 52911.55111786 49.41 116.334102  60.510377 12.885
 20   149.054 52911.55111851 50.71 116.331842  60.513537 12.885
 20   148.970 52911.55111915 52.24 116.329592  60.516707 12.885
 21   147.714 52946.55107293 45.07 116.305452  60.518602 13.828
 21   147.840 52946.55107358 44.55 116.303192  60.521772 13.828
 21   147.825 52946.55107422 35.02 116.300932  60.524932 13.828
 23   154.935 53016.55110770 13.02 116.322891  60.512338  4.565
 23   155.057 53016.55110835 12.63 116.320627  60.515501  3.729
 23   148.744 53016.55110899 12.10 116.318377  60.518661  3.729
 23   148.804 53016.55110964 11.94 116.316117  60.521831  3.729
 24   152.968 53051.55108683 10.37 116.307852  60.517366  4.561
 24   152.803 53051.55108748  9.41 116.305592  60.520526  4.561
 24   152.151 53051.55108812 10.27 116.303332  60.523696  4.561
 25   149.903 53086.55112274  9.65 116.314604  60.515031  5.292
 25   153.880 53086.55112338  9.60 116.312354  60.518191  5.292
 25   153.968 53086.55112403  8.36 116.310094  60.521361  5.292
 28   152.011 53191.55113906 39.72 116.323701  60.511552 16.924
 28   152.317 53191.55113970 35.18 116.321441  60.514722 16.924
 28   152.215 53191.55114035 35.66 116.319191  60.517882 16.924
 28   151.851 53191.55114099 38.25 116.316931  60.521052 16.924
 29   150.804 53226.55114269 36.62 116.324628  60.511955 17.770
 29   150.815 53226.55114333 26.13 116.322378  60.515115 17.770
 29   150.366 53226.55114397 29.32 116.320118  60.518285 17.770
 29   150.360 53226.55114462 30.23 116.317858  60.521445 17.770
 30   150.542 53261.55111629 14.22 116.325129  60.511209  4.486
 30   150.576 53261.55111693 15.24 116.322877  60.514375 18.564
 30   150.197 53261.55111758 18.52 116.320617  60.517535 18.564
 30   150.638 53261.55111822 17.17 116.318367  60.520695 18.564
 31   149.949 53296.55115263 19.43 116.297095  60.521161 11.849
 31   149.898 53296.55115328 22.74 116.294835  60.524331 11.849
 31   149.901 53296.55115392 25.79 116.292575  60.527491 11.849
 32   149.700 53331.55112272 25.20 116.318154  60.512664 13.925
 32   150.201 53331.55112336 33.07 116.315894  60.515824 13.925
 32   149.811 53331.55112400 28.25 116.313634  60.518984 13.925
 32   149.883 53331.55112465 27.97 116.311384  60.522154 13.925
 34   149.254 53401.55109713 10.81 116.310926  60.515426  4.682
 34   149.530 53401.55109777 11.86 116.308676  60.518596  4.682
 34   149.913 53401.55109842 11.81 116.306416  60.521756  4.682
 34   149.988 53401.55109906 13.12 116.304156  60.524916  4.682
 35   149.138 53436.55108549  9.02 116.326915  60.512210  4.142
 35   149.362 53436.55108614  9.79 116.324665  60.515380  4.142
 35   149.735 53436.55108678  9.53 116.322405  60.518540  4.142
 38   153.201 53541.55117502 47.34 116.313979  60.514672 21.024
 38   152.925 53541.55117567 47.50 116.311729  60.517842 21.024
 38   152.881 53541.55117631 47.90 116.309469  60.521002 21.024
 38   152.852 53541.55117696 49.11 116.307209  60.524172 21.024
 39   151.306 53576.55116385 41.17 116.320877  60.513526 21.169
 39   151.087 53576.55116450 40.15 116.318627  60.516686 21.169
 39   150.822 53576.55116514 44.04 116.316367  60.519856 21.169
 39   150.972 53576.55116579 45.86 116.314107  60.523016 21.169
 40   149.644 53611.55111524 44.92 116.326368  60.512156 27.003
 40   149.606 53611.55111589 38.71 116.324108  60.515316 27.003
 40   149.431 53611.55111653 37.83 116.321858  60.518486 27.003
 41   149.193 53646.55112067 40.09 116.308128  60.515597 15.460
 41   149.241 53646.55112131 42.40 116.305868  60.518757 15.460
 41   149.082 53646.55112196 29.74 116.303608  60.521927 15.460
 41   148.614 53646.55112260 24.76 116.301348  60.525087 15.460
 42   147.832 53681.55113653 45.62 116.313252  60.515234 20.083
 42   147.939 53681.55113718 50.58 116.310992  60.518394 20.083
 42   147.857 53681.55113782 43.70 116.308732  60.521564 20.083
 42   147.711 53681.55113846 33.85 116.306482  60.524724 20.083
 43   148.960 53716.55106308 23.80 116.329547  60.511865  6.432
 43   148.877 53716.55106372 19.15 116.327287  60.515035  6.432
 43   148.877 53716.55106437 16.61 116.325037  60.518205  6.432
 44   154.281 53751.55098293 12.68 116.310402  60.516495  4.233
 44   148.944 53751.55098357 12.81 116.308142  60.519655  4.233
 44   153.946 53751.55098422 12.73 116.305882  60.522825  4.233
 45   155.518 53786.55101179 10.68 116.325524  60.511470  6.102
 45   155.481 53786.55101244 11.19 116.323274  60.514640  6.102
 45   155.399 53786.55101308 11.27 116.321014  60.517800  6.102
 45   148.783 53786.55101373 11.68 116.318754  60.520960  6.102
 46   148.427 53821.55096680 10.48 116.338748  60.508331  5.292
 46   156.573 53821.55096745  9.59 116.336498  60.511491  5.292
 46   156.396 53821.55096809  9.72 116.334238  60.514661  5.292
 47   151.102 53856.55105838 21.02 116.305402  60.517275 16.316
 47   151.478 53856.55105902 22.21 116.303142  60.520445 16.316
 47   152.696 53856.55105967 22.55 116.300882  60.523605 16.316
 48   158.279 53891.55106956 47.35 116.319514  60.513678 31.246
 48   158.249 53891.55107020 51.12 116.317264  60.516848 31.246
 48   158.054 53891.55107085 50.99 116.315004  60.520008 31.246
 48   158.131 53891.55107149 50.43 116.312744  60.523178 31.246
 49   151.418 53926.55113291 42.57 116.300965  60.518921 18.903
 49   151.454 53926.55113356 40.81 116.298715  60.522081 18.903
 49   151.218 53926.55113420 46.08 116.296455  60.525251 18.903
 50   149.645 53961.55111696 30.07 116.316278  60.513217 15.808
 50   149.918 53961.55111761 28.98 116.314028  60.516377 15.808
 50   149.829 53961.55111825 28.46 116.311768  60.519547 15.808
 50   149.598 53961.55111890 29.62 116.309508  60.522707 15.808
 51   149.979 53996.55106044 20.84 116.297204  60.521031 12.905
 51   150.014 53996.55106108 25.04 116.294944  60.524201 12.905
 51   150.309 53996.55106173 30.20 116.292684  60.527361 12.905
 52   148.601 54031.55111224 39.85 116.310566  60.516927 15.577
 52   148.580 54031.55111288 39.35 116.308306  60.520097 15.577
 52   148.735 54031.55111353 38.53 116.306046  60.523257 15.577
 53   149.268 54066.55110458 18.09 116.323701  60.511610  6.347
 53   149.435 54066.55110522 20.53 116.321451  60.514771  7.097
 53   149.504 54066.55110587 23.39 116.319191  60.517931  7.097
 53   149.371 54066.55110651 23.42 116.316931  60.521101  7.097
 54   149.228 54101.55106593 13.76 116.328583  60.509764  4.850
 54   149.450 54101.55106658 12.95 116.326333  60.512934  4.850
 54   155.888 54101.55106722 12.90 116.324074  60.516097  4.571
 54   149.753 54101.55106787 13.87 116.321814  60.519257  4.571
 55   153.564 54136.55103344 10.08 116.307729  60.516910  4.325
 55   153.388 54136.55103408 10.83 116.305469  60.520080  4.325
 55   150.254 54136.55103473 11.22 116.303209  60.523240  4.325
 56   149.460 54171.55104315  9.17 116.323384  60.512939  4.135
 56   149.717 54171.55104380 10.54 116.321124  60.516109  4.135
 56   150.003 54171.55104444 10.32 116.318872  60.519271  8.783
 57   154.506 54206.55103884  8.83 116.304733  60.518347 15.767
 57   154.726 54206.55103948 10.63 116.302473  60.521517 15.767
 57   154.972 54206.55104012 12.36 116.300213  60.524677 15.767
 58   153.330 54241.55107066 25.97 116.317437  60.513239 14.781
 58   153.156 54241.55107130 28.45 116.315177  60.516399 14.781
 58   153.262 54241.55107195 29.36 116.312917  60.519569 14.781
 58   153.278 54241.55107259 31.29 116.310667  60.522729 14.781
 59   153.438 54276.55108577 20.72 116.315807  60.515240 11.906
 59   153.412 54276.55108641 20.91 116.313547  60.518400 11.906
 59   153.427 54276.55108705 22.18 116.311297  60.521570 11.906
 61   149.331 54346.55105888 19.05 116.329629  60.510179 24.125
 61   149.415 54346.55105953 21.01 116.327369  60.513339 24.125
 61   149.260 54346.55106017 22.92 116.325119  60.516509 24.125
 61   149.486 54346.55106082 24.82 116.322859  60.519669 24.125
 62   149.685 54381.55102388 26.19 116.309482  60.516844 17.770
 62   149.604 54381.55102453 21.28 116.307222  60.520004 17.770
 62   149.514 54381.55102517 25.22 116.304962  60.523174 17.770
 63   147.953 54416.55100860 48.94 116.321783  60.513634 21.279
 63   147.939 54416.55100925 49.60 116.319533  60.516794 21.279
 63   147.989 54416.55100989 41.82 116.317273  60.519964 21.279
 64   149.398 54451.55099287 34.59 116.305629  60.517166 11.097
 64   149.490 54451.55099352 41.31 116.303369  60.520336 11.097
 64   149.411 54451.55099416 28.89 116.301109  60.523496 11.097
 66   148.130 54521.55100543 14.13 116.313047  60.514437  5.973
 66   148.393 54521.55100608 14.73 116.310787  60.517607  5.973
 66   148.955 54521.55100672 14.65 116.308527  60.520767  5.973
 66   149.434 54521.55100737 14.59 116.306275  60.523933  5.619
 67   161.391 54556.55101598  5.86 116.322643  60.514903 21.463
 67   158.596 54556.55101663 13.86 116.320383  60.518063 21.463
 67   156.751 54556.55101727 20.11 116.318123  60.521233 21.463
 68   156.925 54591.55100184 15.89 116.313013  60.515313 23.462
 68   156.258 54591.55100249 15.75 116.310753  60.518483 23.462
 68   158.952 54591.55100313 16.91 116.308493  60.521643 23.462
 69   155.624 54626.55101690 25.57 116.319506  60.512654 14.137
 69   155.246 54626.55101755 26.70 116.317246  60.515824 14.137
 69   155.274 54626.55101819 28.39 116.314996  60.518984 14.137
 69   154.915 54626.55101884 31.21 116.312736  60.522154 14.137
 70   152.242 54661.55102554 44.11 116.312245  60.515763 18.006
 70   151.917 54661.55102619 42.82 116.309995  60.518923 18.006
 70   151.912 54661.55102683 45.92 116.307735  60.522093 18.006
 71   150.637 54696.55100112 11.20 116.325308  60.512345 18.572
 71   151.170 54696.55100177 11.04 116.323058  60.515515 18.572
 71   151.404 54696.55100241 13.94 116.320798  60.518675 18.572
 71   151.626 54696.55100306 15.66 116.318538  60.521835 18.572
 72   151.593 54731.55098169 17.08 116.309285  60.515835 10.399
 72   150.804 54731.55098234 18.42 116.307025  60.519005 10.399
 72   150.870 54731.55098298 20.59 116.304765  60.522165 10.399
 72   151.021 54731.55098363 24.53 116.302505  60.525335 10.399
 73   147.884 54766.55098038 20.30 116.317443  60.514380 14.456
 73   147.942 54766.55098102 22.28 116.315183  60.517540 14.456
 73   148.432 54766.55098167 22.06 116.312923  60.520710 14.456
 74   150.130 54801.55097617 41.35 116.304407  60.519235  9.114
 74   149.825 54801.55097681 20.05 116.302147  60.522395  9.114
 74   149.808 54801.55097746 17.12 116.299887  60.525565  9.114
 75   149.423 54836.55097250 10.17 116.318188  60.513310  4.355
 75   149.677 54836.55097314 10.18 116.315928  60.516470  4.355
 75   149.939 54836.55097379 10.66 116.313678  60.519640  4.355
 75   149.882 54836.55097443 11.42 116.311418  60.522800  4.355
 76   149.910 54871.55097362  9.84 116.308892  60.515427  3.809
 76   149.216 54871.55097426  9.79 116.306632  60.518587  3.809
 76   149.454 54871.55097491 10.26 116.304372  60.521757  3.809
 76   149.713 54871.55097555 10.97 116.302112  60.524917  3.809
 77   155.309 54906.55097998  9.57 116.324828  60.512458  7.165
 77   155.232 54906.55098063 10.57 116.322578  60.515618  7.165
 77   149.674 54906.55098127 10.72 116.320318  60.518778  7.165
 77   149.392 54906.55098192 13.12 116.318058  60.521948  7.165
 78   153.675 54941.55096631 18.15 116.309303  60.515286 15.307
 78   154.742 54941.55096696 19.66 116.307043  60.518456 15.307
 78   153.949 54941.55096760 22.46 116.304783  60.521616 15.307
 78   153.492 54941.55096825 24.14 116.302533  60.524776 15.307
 79   282.950 54976.55099489  1.86 116.312746  60.517046  4.143
 79   281.855 54976.55099554  1.10 116.310486  60.520216  4.143
 80   153.283 55011.55100325 48.79 116.318302  60.514053 28.498
 80   153.307 55011.55100390 51.40 116.316042  60.517213 28.498
 80   153.215 55011.55100454 50.42 116.313792  60.520383 28.498
 80   153.246 55011.55100519 50.97 116.311532  60.523543 28.498
 81   151.066 55046.55099508 47.19 116.315993  60.514050 23.557
 81   150.761 55046.55099572 37.10 116.313743  60.517220 23.557
 81   150.557 55046.55099637 30.65 116.311483  60.520380 23.557
 81   150.200 55046.55099701 37.71 116.309223  60.523550 23.557
 82   161.823 55081.55096696 17.07 116.328582  60.510682 21.754
 82   150.047 55081.55096761 21.88 116.326322  60.513852 21.754
 82   150.273 55081.55096825 24.41 116.324072  60.517012 21.754
 82   150.480 55081.55096890 28.97 116.321812  60.520182 21.754
 83   154.605 55116.55092760 16.53 116.309980  60.517035 12.388
 83   155.124 55116.55092825 16.59 116.307720  60.520195 12.388
 83   154.945 55116.55092889 19.18 116.305460  60.523365 12.388
 84   148.857 55151.55092527 38.51 116.317431  60.514364  9.773
 84   148.720 55151.55092591 26.19 116.315171  60.517524  9.773
 84   148.731 55151.55092656 19.92 116.312921  60.520694  9.773
 84   149.368 55151.55092720 16.90 116.310661  60.523854  9.773
 85   149.939 55186.55091392 13.90 116.306708  60.517163  5.107
 85   149.991 55186.55091457 14.44 116.304448  60.520323  5.107
 85   150.110 55186.55091521 14.76 116.302188  60.523493  5.107
 86   149.644 55221.55092350 12.01 116.319192  60.513475  6.572
 86   149.830 55221.55092414 13.59 116.316932  60.516635  6.572
 86   150.093 55221.55092479 13.53 116.314672  60.519805  6.572
 86   150.351 55221.55092543 13.23 116.312422  60.522965  6.572
 87   149.663 55256.55090920 12.64 116.313062  60.514950  8.793
 87   149.867 55256.55090985 13.96 116.310802  60.518120  8.793
 87   150.058 55256.55091049 14.58 116.308542  60.521280  8.793
 87   150.234 55256.55091114 15.69 116.306282  60.524450  8.793
 88   149.123 55291.55091138 12.68 116.327241  60.510476 17.508
 88   149.426 55291.55091203 13.64 116.324981  60.513636 17.508
 88   149.437 55291.55091267 16.64 116.322731  60.516806 17.508
 88   149.591 55291.55091332 18.82 116.320471  60.519966 17.508
 90   156.694 55361.55089015  9.46 116.320470  60.513486 13.137
 90   157.134 55361.55089080  9.90 116.318210  60.516646 13.137
 90   157.537 55361.55089144 10.45 116.315950  60.519816 13.137
 90   155.636 55361.55089209 12.01 116.313700  60.522976 13.137
 91   150.234 55396.55089769 35.50 116.309435  60.515940 16.360
 91   149.726 55396.55089833 34.84 116.307175  60.519110 16.360
 91   149.763 55396.55089898 36.43 116.304915  60.522270 16.360
 91   149.835 55396.55089962 47.03 116.302655  60.525440 16.360
 92   149.829 55431.55090561 29.83 116.317956  60.514190 17.666
 92   149.707 55431.55090626 29.71 116.315696  60.517350 17.666
 92   149.673 55431.55090690 32.37 116.313446  60.520520 17.666
 92   149.884 55431.55090755 39.88 116.311186  60.523680 17.666
 93   149.672 55466.55086447 27.49 116.332575  60.509670 19.681
 93   149.363 55466.55086512 26.08 116.330325  60.512830 19.681
 93   149.295 55466.55086576 24.84 116.328065  60.516000 19.681
 93   149.115 55466.55086641 24.67 116.325805  60.519160 19.681
