# NaN NaN NaN ;Mean Elev.(m), Avg Gradient(m/km), RMS Gradient(m/km) - SRTM1     
#   32.000   0.046   3.861 ;Mean Elev.(m), Avg Gradient(m/km), RMS Gradient(m/km) - ASTER GDEM
#   25.482   1.514   8.469 ;Mean Elev.(m), Avg Gradient(m/km), RMS Gradient(m/km) - GMTED2010 
  7 124.991017  64.817339    31.381    31.356  4 52448.51801914 25.361
  8 125.006142  64.815890    48.996    49.014  3 52483.51800632 33.366
  9 125.016716  64.815661    47.622    47.598  3 52518.51796486 47.114
 11 125.009096  64.816227    48.948    49.180  3 52588.51799710 22.385
 12 125.016061  64.816602    49.779    49.779  2 52623.51794825 16.285
 13 125.002864  64.818408    50.051    50.070  3 52658.51796770 15.338
 15 125.007412  64.815876    49.264    49.317  3 52728.51798663 10.175
 16 125.008206  64.817204    49.515    49.525  3 52763.51799936 10.744
 17 124.995877  64.817247    51.349    51.332  3 52798.51797391 52.671
 18 124.994956  64.818851    50.281    50.301  3 52833.51804442 44.926
 19 125.006278  64.817489    48.672    48.680  3 52868.51808620 29.486
 20 125.006471  64.818206    48.515    48.499  3 52903.51809939 32.079
 21 125.022083  64.814749    47.727    47.727  2 52938.51803503 24.773
 22 124.993996  64.818609    49.170    49.044  3 52973.51807258 17.371
 23 124.999729  64.817430    49.871    49.961  3 53008.51808026 10.502
 24 124.987979  64.818213    49.336    49.404  3 53043.51803849  9.486
 25 125.001556  64.818644    50.329    50.269  3 53078.51807152  7.627
 27 124.996237  64.817964    48.745    48.898  4 53148.51808720 29.316
 28 125.008987  64.816353    52.806    52.769  3 53183.51808424 54.318
 29 125.004034  64.818425    49.030    48.997  3 53218.51810922 26.906
 30 125.013521  64.816029    48.311    48.311  2 53253.51808608 48.913
 32 125.011346  64.816294    50.566    50.566  2 53323.51806442 12.760
 33 125.019482  64.816199    50.758    50.993  3 53358.51802780 10.637
 34 124.989835  64.818425    49.392    49.466  4 53393.51804530  9.260
 35 125.016291  64.816082    50.616    50.616  2 53428.51803833  8.220
 36 124.992908  64.818836    49.769    49.792  4 53463.51805997  6.737
 37 124.994694  64.816800    49.670    49.601  4 53498.51812888 35.335
 38 125.010300  64.817400    51.028    51.039  3 53533.51811177 52.467
 39 125.001793  64.816991    50.336    50.331  3 53568.51812896 52.833
 40 125.018256  64.816115    49.564    49.564  2 53603.51807415 27.856
 41 124.988714  64.818118    49.324    49.315  4 53638.51807372 44.528
 42 124.994954  64.818376    47.757    47.740  3 53673.51809390 23.511
 43 125.021741  64.815593    49.752    49.752  2 53708.51802381 13.888
 44 125.029708  64.814546    50.426    50.426  2 53743.51793406 11.710
 45 125.007604  64.816367    50.268    50.210  3 53778.51796278 10.002
 46 125.025957  64.815492    50.172    50.172  2 53813.51793643  9.130
 47 124.988186  64.819640    49.207    49.197  4 53848.51799579  6.331
 49 124.994207  64.818452    51.379    51.376  3 53918.51807657 50.363
 50 124.995390  64.818491    48.053    48.051  4 53953.51807877 48.300
 52 124.993839  64.817762    48.583    48.618  3 54023.51805915 40.494
 53 125.010625  64.815908    50.372    50.479  3 54058.51805080 14.511
 54 125.016616  64.816506    49.783    49.680  3 54093.51803040 11.873
 55 124.989909  64.818249    49.619    49.700  3 54128.51797013  9.838
 56 125.008052  64.815738    50.321    50.273  3 54163.51800037  8.332
 57 124.994383  64.817710    49.747    49.679  4 54198.51797234  7.447
 58 125.000703  64.817361    48.170    48.210  3 54233.51801474 47.890
 59 125.004495  64.818231    51.917    51.752  3 54268.51803386 20.005
 60 125.005215  64.817058    50.332    50.361  3 54303.51803717 22.644
 61 125.009751  64.817756    50.343    50.600  3 54338.51802222 23.042
 62 124.998273  64.818001    49.070    49.080  3 54373.51797098 34.102
 63 125.004261  64.818545    48.049    48.016  3 54408.51796806 24.859
 64 124.988832  64.818721    48.516    48.555  4 54443.51793250 14.060
 65 125.006474  64.816137    49.240    49.253  3 54478.51795714 12.620
 66 124.990955  64.818925    49.530    49.412  4 54513.51794741  9.330
 67 125.009876  64.817203    50.541    50.538  3 54548.51797094  7.708
 68 125.003646  64.816640    50.359    50.334  3 54583.51794251  6.137
 69 125.004410  64.816476    53.473    53.509  3 54618.51796264 43.492
 70 125.002797  64.817504    49.963    49.964  3 54653.51797450 52.334
 71 125.009323  64.817156    50.740    51.191  3 54688.51796310 19.963
 72 124.992011  64.817832    51.263    51.272  3 54723.51792299 17.573
 73 125.006527  64.816083    48.393    48.345  3 54758.51793866 46.519
 74 124.988368  64.817667    48.253    48.224  4 54793.51791628 34.437
 75 125.003323  64.816187    48.933    48.885  3 54828.51793746 13.745
 76 124.993759  64.818156    48.914    48.883  4 54863.51791053 11.220
 77 125.006776  64.817077    49.992    49.866  3 54898.51793717  9.988
 78 124.995693  64.818260    48.969    49.163  3 54933.51790491  8.799
 79 125.003560  64.817176    51.725    51.732  3 54968.51793869 34.258
 80 125.001387  64.816581    51.381    51.479  3 55003.51795831 18.105
 81 125.007139  64.815784    49.124    49.119  3 55038.51794494 26.571
 82 125.011399  64.816492    49.396    49.409  3 55073.51793005 52.305
 83 124.993592  64.817674    49.210    49.208  4 55108.51787795 27.980
 84 125.005724  64.817197    47.711    46.685  3 55143.51788179 28.778
 85 124.988815  64.818919    47.675    47.655  4 55178.51785139 19.780
 86 125.003720  64.818620    49.327    49.235  3 55213.51787677 15.428
 87 124.997316  64.817226    48.784    48.640  3 55248.51785070 12.582
 88 125.007429  64.817865    49.468    49.196  3 55283.51787036 11.211
 89 125.003445  64.817349    47.943    47.768  4 55318.51784092 23.761
 90 125.007091  64.817207    51.296    51.293  3 55353.51784308 50.923
 91 124.992476  64.818083    49.908    49.904  4 55388.51784132 24.026
 92 125.004973  64.818104    49.329    49.342  3 55423.51786090 27.171
 93 125.013427  64.816593    49.182    49.107  3 55458.51783196 30.476
