# NaN NaN NaN ;Mean Elev.(m), Avg Gradient(m/km), RMS Gradient(m/km) - SRTM1     
#  136.445  -2.898  20.387 ;Mean Elev.(m), Avg Gradient(m/km), RMS Gradient(m/km) - ASTER GDEM
#  140.000  -0.932  22.465 ;Mean Elev.(m), Avg Gradient(m/km), RMS Gradient(m/km) - GMTED2010 
  9   245.411 52536.13300403 15.52 117.206863  60.084127 11.105
  9   245.664 52536.13300468 20.41 117.204663  60.080967 11.105
 10   244.393 52571.13303782 17.53 117.198681  60.088160 23.112
 10   232.595 52571.13303846 21.98 117.196481  60.084990 23.112
 15   146.804 52746.13303953 18.74 117.185332  60.090037  4.573
 15   144.648 52746.13304017 17.71 117.183122  60.086867  4.573
 16   244.599 52781.13297751 13.99 117.205761  60.085727 17.429
 16   245.063 52781.13297815 16.79 117.203551  60.082557 17.429
 17   231.766 52816.13305817  7.82 117.205143  60.087299  7.708
 17   246.799 52816.13305882  8.60 117.202943  60.084139  7.708
 19   146.424 52886.13314409 46.04 117.194653  60.089708  8.267
 19   146.523 52886.13314474 52.67 117.192443  60.086538  8.267
 28   232.805 53201.13313385  6.76 117.199059  60.089087  5.989
 28   244.605 53201.13313450  3.82 117.196849  60.085917  5.989
 29   146.214 53236.13310363 22.77 117.199208  60.087664  4.942
 29   145.961 53236.13310428 20.84 117.196998  60.084494  4.942
 32   230.746 53341.13309470 11.22 117.193013  60.089375  5.988
 32   146.451 53341.13309535 12.28 117.190803  60.086205  5.988
 34   231.281 53411.13306942  7.94 117.202943  60.088680  8.949
 34   232.400 53411.13307006  7.29 117.200733  60.085510  8.949
 34   233.142 53411.13307071  9.38 117.198533  60.082340  8.949
 35   232.617 53446.13305168  2.58 117.186682  60.090072  5.333
 35   233.666 53446.13305233  3.18 117.184482  60.086902  5.333
 36   161.779 53481.13313680  3.34 117.195841  60.086976  4.221
 36   149.039 53481.13313744  4.32 117.193631  60.083806  4.221
 37   231.804 53516.13314019  8.41 117.197549  60.089351  6.027
 37   244.372 53516.13314083  8.58 117.195339  60.086181  6.027
 39   248.722 53586.13311762  3.14 117.196493  60.089215 11.594
 39   256.859 53586.13311826  6.57 117.194283  60.086045 11.594
 40   244.915 53621.13307874  5.92 117.204425  60.088206 21.954
 40   248.457 53621.13307938  7.98 117.202225  60.085046 21.954
 40   246.018 53621.13308003 19.97 117.200015  60.081876 21.954
 41   244.838 53656.13310725 10.61 117.202275  60.088716  7.904
 41   245.311 53656.13310789 12.54 117.200065  60.085546  7.904
 41   248.724 53656.13310854 13.32 117.197865  60.082376  7.904
 42   144.982 53691.13309677 18.32 117.192798  60.088967  6.621
 42   232.321 53691.13309741 19.25 117.190588  60.085797  6.621
 43   232.636 53726.13302095 11.48 117.187426  60.087872 14.095
 43   233.200 53726.13302160 12.64 117.185216  60.084702 14.095
 47   244.998 53866.13304224 11.32 117.199837  60.086678 10.259
 47   249.149 53866.13304289 11.49 117.197637  60.083508 10.259
 55   230.983 54146.13302106 10.29 117.202248  60.087119 15.773
 55   231.994 54146.13302170 11.07 117.200038  60.083949 15.773
 57   247.595 54216.13302909 12.39 117.201486  60.087900  9.542
 57   248.427 54216.13302973 15.65 117.199276  60.084730  9.542
 58   248.010 54251.13305579  8.76 117.198075  60.087034  6.592
 58   248.724 54251.13305644 12.35 117.195865  60.083864  6.592
 60   148.676 54321.13305901 36.01 117.197717  60.087181 12.460
 60   146.306 54321.13305965 36.69 117.195507  60.084011 12.460
 61   244.360 54356.13301996  8.85 117.188583  60.087841 10.564
 61   244.786 54356.13302060  9.18 117.186383  60.084671 10.564
 63   143.693 54426.13296977 15.74 117.194642  60.088834  5.301
 63   143.576 54426.13297041 23.41 117.192442  60.085664  5.301
 64   147.073 54461.13297613 11.73 117.204593  60.088196  4.740
 64   147.244 54461.13297677 11.60 117.202393  60.085026  4.740
 64   151.268 54461.13297741 11.91 117.200183  60.081856  4.740
 65   144.264 54496.13297677  8.74 117.193703  60.087354  2.942
 65   143.974 54496.13297741  9.09 117.191493  60.084184  2.942
 67   232.066 54566.13298232  2.35 117.188147  60.088606  5.473
 67   233.653 54566.13298296  1.64 117.185947  60.085436  5.473
 68   244.976 54601.13298478  9.91 117.198586  60.087037 12.516
 68   245.099 54601.13298543 12.48 117.196386  60.083867 12.516
 69   246.835 54636.13299665  4.36 117.196167  60.088475 12.628
 69   244.292 54636.13299729  7.71 117.193967  60.085305 12.628
 71   243.839 54706.13296145  5.66 117.193533  60.089221 14.520
 71   244.193 54706.13296210  7.46 117.191333  60.086051 14.520
 72   244.280 54741.13296454  4.75 117.201509  60.087613 15.566
 72   244.705 54741.13296518  7.45 117.199309  60.084443 15.566
 74   232.559 54811.13295836 10.85 117.203787  60.085276  3.921
 74   234.320 54811.13295901 11.46 117.201577  60.082106  3.921
 77   158.332 54916.13294623  6.79 117.186296  60.088066  4.436
 77   146.279 54916.13294688 11.22 117.184086  60.084896  4.436
 78   247.867 54951.13295428 11.65 117.199036  60.088333 13.262
 78   233.365 54951.13295493 13.55 117.196826  60.085163 13.262
 79   252.921 54986.13297914  6.49 117.197104  60.088045 12.804
 79   253.369 54986.13297979 11.26 117.194904  60.084875 12.804
 80   247.841 55021.13297190  5.62 117.198131  60.089180 14.626
 80   248.597 55021.13297255  7.37 117.195931  60.086010 14.626
 81   244.425 55056.13296907  9.48 117.195737  60.088407 15.119
 81   245.049 55056.13296972 13.72 117.193537  60.085237 15.119
 82   244.657 55091.13292723  6.86 117.188858  60.088782 13.260
 82   243.551 55091.13292787 11.31 117.186658  60.085612 13.260
 83   245.105 55126.13290837 21.06 117.199391  60.086815 24.599
 83   245.116 55126.13290902 23.24 117.197181  60.083645 24.599
 85   231.170 55196.13289844 10.10 117.204340  60.088269  3.912
 85   232.516 55196.13289909  9.46 117.202140  60.085099  3.912
 85   234.144 55196.13289973  9.54 117.199930  60.081929  3.912
 89   244.596 55336.13286914  6.37 117.195493  60.088496 12.169
 89   232.961 55336.13286979 12.40 117.193293  60.085326 12.169
 92   243.933 55441.13287833  5.69 117.195277  60.088333 14.738
 92   244.525 55441.13287898  8.03 117.193077  60.085163 14.738
