# NaN NaN NaN ;Mean Elev.(m), Avg Gradient(m/km), RMS Gradient(m/km) - SRTM1     
#   57.189   0.348   3.748 ;Mean Elev.(m), Avg Gradient(m/km), RMS Gradient(m/km) - ASTER GDEM
#   34.268   1.072   9.364 ;Mean Elev.(m), Avg Gradient(m/km), RMS Gradient(m/km) - GMTED2010 
  8 128.162592  63.723207    65.426    65.426  2 52496.51176934 29.261
  9 128.135850  63.723914    67.327    67.722  3 52531.51175638 24.287
 11 128.156861  63.721769    67.790    67.790  2 52601.51178887 24.047
 12 128.141637  63.723433    67.837    67.869  4 52636.51175419 15.861
 16 128.173372  63.721644    64.016    64.016  2 52776.51173240 40.545
 17 128.139665  63.723621    67.202    67.198  4 52811.51181121 52.061
 18 128.142487  63.723687    65.466    65.506  4 52846.51186624 50.618
 19 128.152825  63.720800    66.518    66.518  2 52881.51190235 29.448
 20 128.166435  63.721866    65.146    65.146  2 52916.51185929 51.993
 21 128.143667  63.724378    67.763    67.763  2 52951.51182115 19.170
 28 128.157253  63.721605    66.805    66.805  2 53196.51188705 49.115
 30 128.170802  63.721174    69.231    69.231  2 53266.51183815 22.712
 31 128.136340  63.724352    65.042    64.999  3 53301.51189117 34.820
 32 128.158062  63.721077    68.361    68.361  2 53336.51186040 12.295
 35 128.167913  63.723056   102.877   102.877  2 53441.51181919  9.242
 36 128.142652  63.723700    67.715    67.817  3 53476.51188817  4.897
 39 128.161773  63.720972    67.846    67.846  2 53581.51189014 51.008
 40 128.165626  63.722203    67.758    67.758  2 53616.51184544 32.269
 42 128.152309  63.722059    68.106    68.106  2 53686.51186652 16.246
 45 128.163498  63.721372   102.381   102.381  2 53791.51174817 12.748
 46 128.144641  63.723706   103.312   103.375  3 53826.51171119 11.609
 47 128.145427  63.722643    64.284    64.292  3 53861.51180059 41.442
 49 128.148096  63.720382    67.035    67.035  2 53931.51187094 30.837
 50 128.155424  63.720536    65.718    65.718  2 53966.51184644 51.963
 51 128.139755  63.723309    67.801    67.805  4 54001.51180939 52.150
 52 128.153508  63.722174    68.296    68.296  2 54036.51184881 16.112
 57 128.150235  63.720617    63.869    63.869  2 54211.51178355 12.212
 60 128.159940  63.722356    66.714    66.714  2 54316.51182209 28.859
 61 128.165633  63.721273    65.483    65.483  2 54351.51178875 49.933
 62 128.154201  63.721205    64.702    64.702  2 54386.51176121 53.356
 64 128.143693  63.723933    68.461    68.461  2 54456.51173498 11.325
 66 128.152639  63.721784   103.430   103.430  2 54526.51174711  8.469
 67 128.163900  63.721838   104.109   104.109  2 54561.51174869  7.325
 69 128.155123  63.721242    68.518    68.518  2 54631.51175644 27.445
 71 128.166224  63.722651    67.841    67.841  2 54701.51173066 24.712
 72 128.145823  63.723487    66.131    66.116  3 54736.51172319 33.085
 73 128.160893  63.722538    64.097    64.097  2 54771.51171126 32.291
 74 128.145237  63.722729    67.877    67.998  3 54806.51171672 11.971
 77 128.164028  63.721608   102.541   102.541  2 54911.51171221  8.094
 80 128.155486  63.722667    67.110    67.110  2 55016.51173722 46.575
 81 128.159025  63.721164    65.396    65.396  2 55051.51173173 37.532
 82 128.167418  63.721417    67.201    67.201  2 55086.51169621 29.749
 83 128.151351  63.720971    67.122    67.122  2 55121.51166599 26.404
 84 128.160752  63.721742    67.655    67.655  2 55156.51165653 22.977
 85 128.145998  63.722251    68.078    68.044  3 55191.51165601 17.169
 86 128.159798  63.722663    67.205    67.205  2 55226.51165742 16.089
 89 128.155497  63.721404    64.376    64.376  2 55331.51163162 41.312
 90 128.159940  63.722976    66.846    66.846  2 55366.51162448 29.585
 91 128.148350  63.721585    65.257    65.257  2 55401.51163795 26.847
 92 128.160235  63.722744    65.599    65.599  2 55436.51164186 41.816
 93 128.169455  63.721477    65.135    65.135  2 55471.51159249 33.694
