# NaN NaN NaN ;Mean Elev.(m), Avg Gradient(m/km), RMS Gradient(m/km) - SRTM1     
#  120.443  11.924  67.129 ;Mean Elev.(m), Avg Gradient(m/km), RMS Gradient(m/km) - ASTER GDEM
#   96.072  11.387  70.009 ;Mean Elev.(m), Avg Gradient(m/km), RMS Gradient(m/km) - GMTED2010 
  8 124.175662  60.590473   113.842   113.794  6 52492.52907787 20.074
 10 124.164183  60.587074   109.565   109.716  5 52562.52910365 29.834
 12 124.158112  60.589192   117.059   117.059  2 52632.52906579  9.759
 13 124.166079  60.586975   112.866   112.430  5 52667.52908341  8.626
 14 124.164287  60.589089   109.841   109.804  5 52702.52905716  8.518
 15 124.171386  60.590221   108.478   108.538  6 52737.52909822  9.962
 16 124.177764  60.591331   284.682   284.830  5 52772.52906295  1.699
 17 124.156039  60.586701   125.076   125.431  4 52807.52912127 12.364
 18 124.160237  60.586465   109.325   108.968  4 52842.52917949 25.340
 19 124.162705  60.586622   110.886   111.054  5 52877.52921789 25.149
 20 124.180420  60.590775   108.394   108.377  6 52912.52917646 25.678
 21 124.159133  60.587226   116.091   116.883  4 52947.52913360 26.218
 23 124.169797  60.592559   116.760   116.923  4 53017.52916461 11.281
 28 124.171746  60.588671   111.728   111.497  6 53192.52920070 47.806
 29 124.171906  60.590618   116.145   116.326  5 53227.52920043 31.719
 30 124.172655  60.590882   112.056   112.034  6 53262.52917356 41.719
 31 124.155045  60.584441   111.357   111.326  4 53297.52921030 23.465
 38 124.161248  60.592818   122.546   122.546  2 53542.52923615 12.082
 41 124.161806  60.587081   107.808   107.825  5 53647.52917843 19.888
 42 124.163933  60.588754   113.986   114.985  5 53682.52919404 26.196
 47 124.159813  60.586288   107.947   107.815  4 53857.52911746 30.593
 49 124.157845  60.584781   113.151   111.427  4 53927.52919070 16.021
 52 124.162693  60.589893   236.721   236.721  2 54032.52917101  1.361
 54 124.171641  60.594859   116.189   116.220  4 54102.52912530  6.118
 57 124.160105  60.586226   109.636   109.635  4 54207.52909830 13.775
 60 124.168750  60.588483   111.033   110.744  6 54312.52914511 48.622
 62 124.162632  60.587761   109.646   109.339  5 54382.52908240 40.742
 63 124.171641  60.589295   116.649   117.935  5 54417.52906651 34.059
 68 124.165209  60.587823   108.211   107.991  5 54592.52906137 29.050
 69 124.167995  60.588847   114.904   114.182  6 54627.52907667 25.898
 70 124.163909  60.587996   110.370   110.419  5 54662.52908418 35.531
 71 124.173934  60.590445   117.282   117.491  5 54697.52905931 33.994
 73 124.168441  60.588790   112.556   112.765  6 54767.52903822 18.344
 74 124.160104  60.586343   115.445   116.933  5 54802.52903455 24.104
 75 124.167986  60.588108   115.593   115.853  5 54837.52903109 10.110
 76 124.162190  60.586464   113.978   113.739  4 54872.52903340 10.206
 77 124.172903  60.590108   114.157   114.178  5 54907.52903860  5.845
 78 124.160511  60.587589   116.151   116.179  4 54942.52902673  1.904
 80 124.168094  60.588544   113.298   112.992  5 55012.52906157 22.438
 81 124.166240  60.588842   110.018   109.924  5 55047.52905412 25.010
 82 124.176212  60.589640   110.597   110.472  6 55082.52902522 51.900
 84 124.168601  60.588515   110.810   110.814  6 55152.52898319 17.696
 85 124.160998  60.585979   116.451   116.314  5 55187.52897288 10.646
 86 124.168836  60.588646   112.337   112.109  5 55222.52898199 10.593
 87 124.165692  60.587147   111.765   111.776  5 55257.52896879  9.830
 88 124.173477  60.590456   109.101   109.185  6 55292.52897025 11.365
 90 124.171178  60.588350   111.336   111.372  5 55362.52894868 18.231
 91 124.161906  60.586424   109.306   109.334  4 55397.52895658 19.090
 92 124.168252  60.589403   110.910   110.881  5 55432.52896446 40.810
 93 124.178169  60.590947   109.315   109.396  6 55467.52892298 47.047
