# NaN NaN NaN ;Mean Elev.(m), Avg Gradient(m/km), RMS Gradient(m/km) - SRTM1     
#  106.880  -7.269  20.926 ;Mean Elev.(m), Avg Gradient(m/km), RMS Gradient(m/km) - ASTER GDEM
#   98.461  -8.095  23.262 ;Mean Elev.(m), Avg Gradient(m/km), RMS Gradient(m/km) - GMTED2010 
  8   117.320 52486.11294415  6.70 124.792989  60.671197 13.890
  8   128.260 52486.11294479  9.32 124.790709  60.668037 13.890
  9   111.263 52521.11290921  6.04 124.797320  60.682861 10.547
  9   110.769 52521.11290986 14.34 124.795050  60.679701 10.547
  9   110.155 52521.11291050 23.19 124.792770  60.676541 10.547
  9   109.301 52521.11291115 31.35 124.790490  60.673371 10.547
  9   107.848 52521.11291179 33.79 124.788220  60.670211 10.547
  9   109.932 52521.11291244 32.98 124.785940  60.667051 10.547
 10   110.530 52556.11295940 15.67 124.808276  60.686072  7.170
 10   108.058 52556.11296004 18.52 124.805996  60.682902  7.170
 10   108.218 52556.11296069 18.30 124.803716  60.679742  7.170
 10   109.365 52556.11296133 16.31 124.801436  60.676582  7.170
 10   109.832 52556.11296198 15.21 124.799166  60.673412  7.170
 10   109.750 52556.11296262 14.93 124.796886  60.670252  7.170
 10   109.468 52556.11296327 14.69 124.794606  60.667092  7.170
 11   103.945 52591.11295161 20.68 124.799579  60.682537  9.115
 11   103.972 52591.11295226 21.84 124.797309  60.679367  9.115
 11   103.993 52591.11295290 21.89 124.795029  60.676207  9.115
 11   103.919 52591.11295355 20.85 124.792749  60.673047  9.115
 11   103.716 52591.11295419 20.22 124.790469  60.669887  9.115
 11   103.544 52591.11295484 18.27 124.788199  60.666717  9.115
 12   114.983 52626.11287480  4.95 124.797783  60.675358 15.560
 12   115.099 52626.11287544  9.06 124.795503  60.672198 15.560
 12   148.696 52626.11287609  8.64 124.793233  60.669038 15.560
 12   112.786 52626.11287673  7.58 124.790953  60.665868 15.560
 13   115.246 52661.11291541  4.98 124.806061  60.685432  8.839
 13   113.240 52661.11291605  4.75 124.803781  60.682272  8.839
 13   112.861 52661.11291670  4.58 124.801511  60.679102  8.839
 13   114.752 52661.11291734  3.76 124.799231  60.675942  8.839
 13   112.401 52661.11291799  5.45 124.796951  60.672782  8.839
 13   111.976 52661.11291863  6.51 124.794671  60.669612  8.839
 13   111.336 52661.11291928  5.97 124.792401  60.666452  8.839
 14   107.555 52696.11289256  3.92 124.825804  60.689624  9.063
 14   107.532 52696.11289321  4.49 124.823524  60.686464  9.063
 14   107.999 52696.11289385  4.42 124.821244  60.683304  9.063
 14   108.407 52696.11289450  4.02 124.818968  60.680140  5.174
 14   108.898 52696.11289514  4.70 124.816688  60.676970  5.174
 14   108.130 52696.11289578  4.20 124.814408  60.673810  5.174
 15   107.143 52731.11292155  7.89 124.812280  60.685436  8.505
 15   107.448 52731.11292219  7.93 124.810000  60.682276  8.505
 15   107.199 52731.11292284  7.84 124.807730  60.679116  8.505
 15   106.517 52731.11292348  9.13 124.805450  60.675946  8.505
 15   104.272 52731.11292413 10.28 124.803170  60.672786  8.505
 15   103.790 52731.11292477 10.33 124.800900  60.669626  8.505
 15   103.428 52731.11292542 10.72 124.798620  60.666456  8.505
 17   113.648 52801.11293146 10.73 124.814309  60.675403  5.598
 17   112.869 52801.11293210 12.03 124.812029  60.672243  5.598
 18   110.732 52836.11299562 43.38 124.821035  60.688737 22.548
 18   110.277 52836.11299627 45.79 124.818755  60.685577 22.548
 18   111.270 52836.11299691 42.24 124.816475  60.682417 22.548
 18   112.108 52836.11299756 41.49 124.814195  60.679247 22.548
 18   112.014 52836.11299820 42.45 124.811915  60.676087 22.548
 18   108.567 52836.11299885 42.69 124.809635  60.672927 22.548
 18   108.472 52836.11299949 26.06 124.807355  60.669767 22.548
 19   108.947 52871.11303838 19.33 124.810111  60.680424  9.064
 19   109.756 52871.11303902 14.05 124.807831  60.677254  9.064
 19   109.712 52871.11303967 11.32 124.805551  60.674094  9.064
 19   110.384 52871.11304031 11.68 124.803271  60.670934  9.064
 19   110.180 52871.11304096  9.44 124.800991  60.667774  9.064
 20   112.353 52906.11303506 16.21 124.803582  60.682485 10.496
 20   112.595 52906.11303570 14.17 124.801302  60.679325 10.496
 20   111.322 52906.11303635 14.91 124.799022  60.676155 10.496
 20   110.846 52906.11303699 14.32 124.796752  60.672995 10.496
 20   110.104 52906.11303764 12.63 124.794472  60.669835 10.496
 20   109.796 52906.11303828 11.12 124.792192  60.666665 10.496
 21   103.867 52941.11296433 23.73 124.825464  60.689307 11.356
 21   104.065 52941.11296498 25.77 124.823184  60.686144 10.961
 21   104.070 52941.11296562 27.44 124.820904  60.682974 10.961
 21   104.152 52941.11296627 32.50 124.818624  60.679814 10.961
 21   104.218 52941.11296691 29.35 124.816344  60.676654 10.961
 21   104.214 52941.11296756 25.18 124.814064  60.673494 10.961
 29   114.107 53221.11304830 42.37 124.803101  60.682990 10.065
 29   114.636 53221.11304895 41.29 124.800831  60.679820 10.065
 29   115.159 53221.11304959 38.76 124.798551  60.676660 10.065
 29   115.609 53221.11305024 40.80 124.796271  60.673500 10.065
 29   115.973 53221.11305088 40.27 124.793991  60.670330 10.065
 29   110.348 53221.11305153 39.09 124.791721  60.667170 10.065
 30   113.547 53256.11302576 39.97 124.789010  60.680053 14.095
 30   113.491 53256.11302640 41.32 124.786730  60.676893 14.095
 30   112.679 53256.11302705 40.64 124.784460  60.673733 14.095
 30   111.956 53256.11302769 39.17 124.782180  60.670563 14.095
 30   113.086 53256.11302834 39.95 124.779910  60.667403 14.095
 31   106.474 53291.11303677 20.38 124.810945  60.687071  5.268
 31   108.192 53291.11303741 17.30 124.808665  60.683911  5.268
 31   112.298 53291.11303806 14.81 124.806385  60.680751  5.268
 31   106.336 53291.11303870 15.19 124.804105  60.677581  5.268
 31   106.249 53291.11303935 14.98 124.801825  60.674421  5.268
 31   106.074 53291.11303999 14.93 124.799545  60.671261  5.268
 31   109.909 53291.11304064 13.66 124.797265  60.668101  5.268
 32   117.409 53326.11301528  3.85 124.797078  60.668490 14.661
 32   115.793 53326.11301592  9.80 124.794808  60.665320 14.661
 40   108.277 53606.11301746 40.66 124.791763  60.679647  9.575
 40   107.933 53606.11301810 36.85 124.789493  60.676487  9.575
 40   107.852 53606.11301875 36.20 124.787213  60.673317  9.575
 40   107.985 53606.11301939 35.62 124.784943  60.670157  9.575
 40   108.167 53606.11302004 34.94 124.782663  60.666997  9.575
 42   107.561 53676.11303603 17.16 124.800905  60.683024 11.364
 42   107.666 53676.11303668 18.03 124.798625  60.679864 11.364
 42   108.382 53676.11303732 18.19 124.796345  60.676704 11.364
 42   109.701 53676.11303797 18.87 124.794075  60.673534 11.364
 42   109.780 53676.11303861 23.30 124.791795  60.670374 11.364
 42   107.711 53676.11303926 21.64 124.789515  60.667214 11.364
 52   107.272 54026.11300367 19.01 124.815249  60.682078 12.347
 52   109.536 54026.11300432 27.81 124.812969  60.678918 12.347
 52   109.081 54026.11300496 32.85 124.810689  60.675748 12.347
 52   104.053 54026.11300561 35.13 124.808409  60.672588 12.347
 52   106.300 54026.11300625 26.96 124.806129  60.669428 12.347
 60   111.613 54306.11298005 32.61 124.810128  60.686748  6.791
 60   112.156 54306.11298069 29.82 124.807853  60.683591 10.987
 60   111.618 54306.11298134 31.37 124.805573  60.680431 10.987
 60   112.218 54306.11298198 30.16 124.803293  60.677261 10.987
 60   111.916 54306.11298263 29.57 124.801013  60.674101 10.987
 60   112.782 54306.11298327 30.73 124.798743  60.670941 10.987
 60   111.059 54306.11298391 30.37 124.796463  60.667771 10.987
 61   106.857 54341.11296275 32.01 124.800334  60.682437  7.438
 61   106.934 54341.11296340 31.97 124.798054  60.679277  7.438
 61   106.867 54341.11296404 33.64 124.795774  60.676107  7.438
 61   106.740 54341.11296469 33.38 124.793504  60.672947  7.438
 61   106.684 54341.11296533 32.34 124.791224  60.669787  7.438
 61   106.663 54341.11296598 30.79 124.788944  60.666617  7.438
 63   105.504 54411.11291009 12.13 124.801153  60.679216  4.454
 63   107.357 54411.11291074 20.65 124.798884  60.676056 12.092
 63   107.519 54411.11291138 27.26 124.796604  60.672896 12.092
 63   106.946 54411.11291203 27.80 124.794324  60.669726 12.092
 63   108.250 54411.11291267 23.38 124.792054  60.666566 12.092
 64   105.588 54446.11288021 27.10 124.813110  60.678347 10.281
 64   107.279 54446.11288085 20.42 124.810830  60.675187 10.281
 64   106.894 54446.11288150 17.37 124.808560  60.672017 10.281
 70   113.713 54656.11291840 14.69 124.804439  60.684019  9.040
 70   117.015 54656.11291905  9.93 124.802159  60.680849  9.040
 70   113.084 54656.11291969 10.95 124.799879  60.677689  9.040
 70   112.897 54656.11292034  9.96 124.797599  60.674529  9.040
 70   113.282 54656.11292098  9.13 124.795319  60.671369  9.040
 70   112.073 54656.11292163  8.35 124.793049  60.668199  9.040
 71   108.959 54691.11290344 49.39 124.801872  60.683175 16.554
 71   108.949 54691.11290408 51.02 124.799592  60.680015 16.554
 71   108.889 54691.11290473 47.94 124.797322  60.676845 16.554
 71   108.920 54691.11290537 47.50 124.795042  60.673685 16.554
 71   108.831 54691.11290602 48.80 124.792762  60.670525 16.554
 71   109.122 54691.11290666 45.26 124.790492  60.667365 16.554
 72   170.020 54726.11286810  7.87 124.819812  60.689446  9.023
 72   172.232 54726.11286875  8.06 124.817532  60.686286  9.023
 72   170.323 54726.11286939  7.38 124.815252  60.683126  9.023
 72   169.625 54726.11287004  5.28 124.812972  60.679956  9.023
 72   206.833 54726.11287068  5.06 124.810692  60.676796  9.023
 72   111.717 54726.11287197 21.64 124.806132  60.670476  9.023
 73   108.980 54761.11288040 38.78 124.803883  60.683458 24.340
 73   113.765 54761.11288105 43.06 124.801613  60.680288 24.340
 73   107.622 54761.11288169 44.44 124.799333  60.677128 24.340
 73   107.505 54761.11288233 44.28 124.797053  60.673968 24.340
 73   107.421 54761.11288298 45.17 124.794773  60.670808 24.340
 73   112.145 54761.11288362 38.61 124.792503  60.667638 24.340
 74   107.792 54796.11286283  7.19 124.816457  60.683132 15.113
 74   133.551 54796.11286347 14.07 124.814177  60.679972 15.113
 74   126.913 54796.11286412 15.07 124.811897  60.676812 15.113
 74   112.116 54796.11286476 13.34 124.809617  60.673652 15.113
 74   112.340 54796.11286541 12.41 124.807337  60.670482 15.113
 75   127.898 54831.11288014  7.53 124.807017  60.685536 13.844
 75   114.700 54831.11288078  6.67 124.804737  60.682376 13.844
 75   114.871 54831.11288142  6.54 124.802467  60.679206 13.844
 75   115.327 54831.11288207  4.55 124.800187  60.676046 13.844
 75   116.414 54831.11288271  4.68 124.797907  60.672886 13.844
 75   115.193 54831.11288336  5.20 124.795627  60.669726 13.844
 75   115.659 54831.11288400  4.55 124.793357  60.666556 13.844
 81   110.656 55041.11288831 19.48 124.808795  60.686061 12.846
 81   111.501 55041.11288896 16.67 124.806515  60.682901 12.846
 81   112.060 55041.11288960 14.62 124.804245  60.679731 12.846
 81   111.724 55041.11289025 12.95 124.801965  60.676571 12.846
 81   111.192 55041.11289089 13.12 124.799685  60.673411 12.846
 81   109.635 55041.11289154 13.50 124.797405  60.670251 12.846
 81   109.682 55041.11289218 12.02 124.795135  60.667081 12.846
 83   107.819 55111.11282089 41.17 124.814043  60.685921 15.206
 83   108.019 55111.11282153 44.19 124.811763  60.682761 15.206
 83   107.891 55111.11282218 45.56 124.809483  60.679591 15.206
 83   107.818 55111.11282282 46.67 124.807203  60.676431 15.206
 83   107.853 55111.11282347 48.66 124.804923  60.673271 15.206
 83   108.018 55111.11282411 46.04 124.802643  60.670111 15.206
 83   107.976 55111.11282476 28.66 124.800373  60.666941 15.206
 84   113.041 55146.11282382 15.10 124.803602  60.684351 18.305
 84   113.800 55146.11282446 16.13 124.801322  60.681181 18.305
 84   109.939 55146.11282511 16.65 124.799042  60.678021 18.305
 84   110.874 55146.11282575 16.08 124.796762  60.674861 18.305
 84   109.861 55146.11282640 16.09 124.794482  60.671701 18.305
 84   110.384 55146.11282704 16.97 124.792212  60.668531 18.305
 84   107.736 55146.11282769 15.42 124.789932  60.665371 18.305
 85   107.814 55181.11279779 18.53 124.821222  60.688758 15.924
 85   107.579 55181.11279843 17.87 124.818942  60.685598 15.924
 85   108.112 55181.11279908 18.27 124.816662  60.682428 15.924
 85   107.793 55181.11279972 18.29 124.814382  60.679268 15.924
 85   107.751 55181.11280037 17.70 124.812102  60.676108 15.924
 85   107.295 55181.11280101 17.48 124.809822  60.672948 15.924
 85   106.850 55181.11280166 16.28 124.807542  60.669778 15.924
 86   108.074 55216.11281859 11.24 124.802766  60.682857 11.410
 86   111.746 55216.11281923 10.21 124.800496  60.679687 11.410
 86   107.213 55216.11281988 11.26 124.798216  60.676527 11.410
 86   106.952 55216.11282052 10.52 124.795936  60.673367 11.410
 86   107.097 55216.11282117 11.36 124.793666  60.670207 11.410
 86   109.791 55216.11282181 10.04 124.791386  60.667037 11.410
 87   108.487 55251.11279518  7.24 124.817516  60.687018 11.658
 87   108.315 55251.11279583  8.34 124.815236  60.683848 11.658
 87   107.679 55251.11279647  9.35 124.812956  60.680688 11.658
 87   108.106 55251.11279712  8.76 124.810676  60.677528 11.658
 87   108.009 55251.11279776  8.89 124.808396  60.674368 11.658
 87   107.294 55251.11279841  8.74 124.806116  60.671198 11.658
 88   110.248 55286.11281249  5.36 124.797582  60.681912 12.339
 88   109.943 55286.11281314  6.43 124.795312  60.678742 12.339
 88   109.382 55286.11281378  6.14 124.793032  60.675582 12.339
 88   110.752 55286.11281443  5.45 124.790752  60.672422 12.339
 88   112.127 55286.11281507  5.73 124.788482  60.669262 12.339
 88   108.809 55286.11281572  6.05 124.786202  60.666092 12.339
 91   112.125 55391.11278861  7.09 124.805256  60.674962  5.989
 91   111.375 55391.11278925 11.30 124.802976  60.671802  5.989
 91   111.414 55391.11278990 10.51 124.800706  60.668632  5.989
 92   108.283 55426.11280276 22.48 124.807108  60.683676 19.842
 92   107.650 55426.11280341 17.49 124.804828  60.680516 19.842
 92   108.964 55426.11280405 13.27 124.802558  60.677346 19.842
 92   115.135 55426.11280469 11.01 124.800278  60.674186 19.842
 92   114.119 55426.11280534  9.44 124.797998  60.671026 19.842
 92   113.366 55426.11280598  9.40 124.795718  60.667866 19.842
 93   112.131 55461.11277087 29.59 124.799094  60.681781 13.855
 93   110.554 55461.11277151 39.22 124.796814  60.678621 13.855
 93   110.440 55461.11277216 43.16 124.794534  60.675451 13.855
 93   110.694 55461.11277280 41.29 124.792264  60.672291 13.855
 93   110.593 55461.11277345 42.08 124.789984  60.669131 13.855
 93   112.206 55461.11277409 32.02 124.787714  60.665971 13.855
