# NaN NaN NaN ;Mean Elev.(m), Avg Gradient(m/km), RMS Gradient(m/km) - SRTM1     
#    4.103  -4.911  21.751 ;Mean Elev.(m), Avg Gradient(m/km), RMS Gradient(m/km) - ASTER GDEM
#   17.000  -4.677  27.756 ;Mean Elev.(m), Avg Gradient(m/km), RMS Gradient(m/km) - GMTED2010 
  7    21.294 52452.50113134 18.14 125.430574  69.949431 25.626
  7    19.753 52452.50113199 18.73 125.426174  69.952431 25.626
  7    20.778 52452.50113263 18.46 125.421764  69.955411 25.626
  7    20.859 52452.50113328 18.83 125.417364  69.958401 25.626
  7    21.698 52452.50113392 19.39 125.412964  69.961391 25.626
  7    22.751 52452.50113457 19.11 125.408554  69.964381 25.626
  8    93.894 52487.50111380  0.89 125.430927  69.958411  6.630
  8    91.804 52487.50111445  0.00 125.426527  69.961401  6.630
 10    11.001 52557.50113448 39.35 125.423527  69.949552 11.209
 10    10.457 52557.50113512 37.08 125.419127  69.952542 11.209
 10    10.230 52557.50113577 28.67 125.414717  69.955532 11.209
 10    10.631 52557.50113641 28.15 125.410317  69.958522 11.209
 10    10.193 52557.50113706 40.20 125.405907  69.961512 11.209
 11    10.335 52592.50113114 22.27 125.429975  69.952450  3.995
 11    10.510 52592.50113179 21.73 125.425575  69.955430  3.995
 11    10.226 52592.50113243 23.03 125.421165  69.958420  3.995
 11    10.770 52592.50113307 22.91 125.416765  69.961410  3.995
 11    11.684 52592.50113372 21.35 125.412365  69.964400  3.995
 12    10.997 52627.50104936 12.73 125.427899  69.949041  3.163
 12    12.352 52627.50105000 13.11 125.423489  69.952031  3.163
 12    11.598 52627.50105065 14.23 125.419089  69.955021  3.163
 12    13.004 52627.50105129 14.78 125.414679  69.958011  3.163
 12    14.520 52627.50105194 14.93 125.410279  69.960991  3.163
 12    17.989 52627.50105258 14.91 125.405869  69.963981  3.163
 13    14.115 52662.50109471 11.22 125.428410  69.955796  4.161
 13    14.199 52662.50109536 11.59 125.424010  69.958786  4.161
 13    15.281 52662.50109600 12.29 125.419600  69.961766  4.161
 13    15.610 52662.50109665 12.02 125.415200  69.964756  4.161
 15    16.841 52732.50109450  8.32 125.430492  69.961862  2.566
 15    16.446 52732.50109514  9.28 125.426082  69.964852  2.566
 17    96.221 52802.50111303  4.65 125.420210  69.947913  4.050
 17    92.596 52802.50111367  3.32 125.415800  69.950903  4.050
 17    91.974 52802.50111432  1.75 125.411400  69.953893  4.050
 17    90.480 52802.50111496  0.68 125.406990  69.956883  4.050
 17    86.958 52802.50111561  0.61 125.402580  69.959873  4.050
 19    32.605 52872.50121911 14.90 125.425854  69.954688  9.276
 19    32.266 52872.50121976 13.70 125.421444  69.957678  9.276
 20    93.498 52907.50120809  2.13 125.430853  69.960045  6.011
 20    90.281 52907.50120874  1.74 125.426443  69.963035  6.011
 20    87.393 52907.50120938  0.08 125.422043  69.966025  6.011
 21    11.493 52942.50113563 38.15 125.411958  69.957499  7.764
 21    11.756 52942.50113627 31.42 125.407548  69.960489  7.764
 23    13.370 53012.50119204 11.89 125.428062  69.957323  2.119
 23    13.872 53012.50119268 12.11 125.423662  69.960313  2.119
 23    16.387 53012.50119333 12.30 125.419262  69.963303  2.119
 24    14.555 53047.50115855  9.96 125.422993  69.949424  2.310
 24    14.229 53047.50115920 10.24 125.418583  69.952414  2.310
 24    13.943 53047.50115984 10.06 125.414183  69.955404  2.310
 24    13.284 53047.50116049 10.57 125.409773  69.958394  2.310
 24    13.064 53047.50116113 10.77 125.405373  69.961374  2.310
 26    14.089 53117.50116332 10.49 125.424796  69.946612  3.860
 26    15.982 53117.50116397  8.72 125.420396  69.949602  3.860
 26    15.448 53117.50116461  8.41 125.415996  69.952592  3.860
 26    15.183 53117.50116526  8.30 125.411586  69.955572  3.860
 26    15.459 53117.50116590  8.44 125.407186  69.958562  3.860
 26    13.905 53117.50116655  9.33 125.402776  69.961552  3.860
 27    14.351 53152.50121286 20.00 125.430160  69.947989 10.910
 27    13.513 53152.50121350 22.23 125.425760  69.950979 10.910
 27    10.079 53152.50121415 25.65 125.421360  69.953969 10.910
 27    10.168 53152.50121479 26.67 125.416960  69.956949 10.910
 27    10.195 53152.50121544 28.16 125.412550  69.959939 10.910
 27    10.168 53152.50121608 28.75 125.408150  69.962929 10.910
 29    12.591 53222.50122338 27.09 125.431626  69.958830 19.407
 29    12.856 53222.50122403 20.28 125.427226  69.961820 19.407
 29    15.080 53222.50122467 21.71 125.422816  69.964810 19.407
 32    11.975 53327.50119184 23.75 125.428139  69.959173  4.233
 32    11.834 53327.50119249 23.45 125.423729  69.962163  4.233
 32    11.619 53327.50119313 23.62 125.419329  69.965153  4.233
 33    12.820 53362.50114763 16.52 125.431495  69.964164  2.996
 33    12.155 53362.50114827 17.37 125.427095  69.967154  2.996
 34    14.853 53397.50116908  8.80 125.409408  69.960460  4.844
 34    13.225 53397.50116973 13.13 125.404998  69.963450  4.844
 36    13.792 53467.50119358  9.52 125.425727  69.946627  2.427
 36    13.541 53467.50119423  9.01 125.421322  69.949613  2.197
 36    13.953 53467.50119487  9.63 125.416922  69.952603  2.197
 36    14.385 53467.50119552  9.55 125.412512  69.955593  2.197
 36    14.149 53467.50119616  9.65 125.408112  69.958583  2.197
 36    13.968 53467.50119681  9.55 125.403702  69.961573  2.197
 37    96.930 53502.50124621  0.70 125.427789  69.952501  6.696
 37    94.293 53502.50124685  0.50 125.423384  69.955493  6.601
 39    13.758 53572.50124349 18.56 125.428371  69.956171 10.120
 39    13.657 53572.50124413 18.16 125.423974  69.959162 25.159
 39    13.894 53572.50124478 18.32 125.419564  69.962152 25.159
 39    19.019 53572.50124542 21.64 125.415164  69.965142 25.159
 42    10.741 53677.50121133 17.41 125.429978  69.951639  4.542
 42    10.922 53677.50121197 18.06 125.425578  69.954629  4.542
 42    11.302 53677.50121262 18.60 125.421180  69.957618  4.114
 42    11.127 53677.50121326 21.29 125.416770  69.960608  4.114
 42    11.885 53677.50121391 17.61 125.412370  69.963598  4.114
 43    12.028 53712.50114233 14.96 125.434231  69.964236  3.074
 43    11.385 53712.50114297 15.86 125.429821  69.967226  3.074
 44    11.394 53747.50105193  9.49 125.424260  69.945994  2.713
 44    13.526 53747.50105257  9.36 125.419860  69.948984  2.713
 44    14.292 53747.50105322  9.54 125.415460  69.951964  2.713
 44    14.075 53747.50105386  9.80 125.411049  69.954953  2.521
 44    13.667 53747.50105451 10.40 125.406649  69.957943  2.521
 44    14.734 53747.50105515 10.17 125.402239  69.960933  2.521
 45    14.657 53782.50108474  8.24 125.431666  69.957870  3.423
 45    14.855 53782.50108539  8.66 125.427267  69.960858  2.713
 45    16.998 53782.50108603  7.21 125.422857  69.963848  2.713
 46    15.545 53817.50105120  8.17 125.438475  69.967177  2.441
 46    16.504 53817.50105184  8.17 125.434075  69.970167  2.441
 47    16.308 53852.50112187  5.40 125.423100  69.948013  2.047
 47    16.016 53852.50112252  5.36 125.418700  69.951003  2.047
 47    15.233 53852.50112316  5.43 125.414290  69.953993  2.047
 47    15.369 53852.50112381  5.62 125.409890  69.956983  2.047
 47    15.591 53852.50112445  5.85 125.405480  69.959973  2.047
 48    92.557 53887.50112967  2.83 125.430584  69.958113  7.788
 48    91.152 53887.50113032  1.94 125.426174  69.961103  7.788
 48    86.567 53887.50113096  0.82 125.421764  69.964083  7.788
 52    11.996 54027.50118031 35.06 125.427559  69.947170 14.885
 52    12.359 54027.50118353 42.64 125.405539  69.962110 14.885
 54    11.591 54097.50114668 20.18 125.431870  69.963314  4.872
 54    11.662 54097.50114733 19.84 125.427460  69.966304  4.872
 55    10.589 54132.50109646 13.39 125.424424  69.947429  3.552
 55    11.100 54132.50109710 13.56 125.420024  69.950419  3.552
 55    12.296 54132.50109775 14.07 125.415624  69.953409  3.552
 55    12.040 54132.50109839 14.05 125.411214  69.956399  3.552
 55    13.098 54132.50109903 13.86 125.406814  69.959389  3.552
 55    12.195 54132.50109968 14.97 125.402400  69.962368  2.611
 56    15.542 54167.50111987  9.35 125.427734  69.961923  4.846
 56    16.335 54167.50112052 10.86 125.423334  69.964913  4.846
 57    11.677 54202.50110017 11.38 125.424668  69.948859  2.670
 57    14.345 54202.50110081 12.02 125.420258  69.951849  2.670
 57    14.112 54202.50110145 11.39 125.415858  69.954839  2.670
 57    13.447 54202.50110210 12.12 125.411458  69.957829  2.670
 57    12.758 54202.50110274 12.01 125.407048  69.960819  2.670
 63    11.963 54412.50108564 18.38 125.426847  69.958731  4.416
 63    12.178 54412.50108628 21.22 125.422437  69.961721  4.416
 63    12.143 54412.50108693 22.20 125.418037  69.964711  4.416
 66    13.666 54517.50107109  7.90 125.429168  69.947062  2.239
 66    15.629 54517.50107174  7.99 125.424768  69.950042  2.239
 66    15.069 54517.50107238  8.08 125.420368  69.953032  2.239
 66    14.370 54517.50107302  8.50 125.415958  69.956022  2.239
 66    14.140 54517.50107367  9.05 125.411558  69.959012  2.239
 66    14.014 54517.50107431  9.24 125.407148  69.962002  2.239
 68    15.654 54587.50106774  5.50 125.429527  69.951748  2.034
 68    15.349 54587.50106839  5.79 125.425127  69.954738  2.034
 68    14.956 54587.50106903  5.46 125.420717  69.957728  2.034
 68    13.818 54587.50106968  6.22 125.416317  69.960718  2.034
 68    15.371 54587.50107032  6.05 125.411907  69.963708  2.034
 72    98.805 54727.50104747  2.11 125.429713  69.947655  4.666
 72    96.288 54727.50104811  0.97 125.425313  69.950645  4.666
 72    93.013 54727.50104876  0.00 125.420913  69.953635  4.666
 74    11.498 54797.50104095 18.06 125.421590  69.948091  7.000
 74    11.131 54797.50104288 23.65 125.408380  69.957061  7.000
 74    11.176 54797.50104352 23.42 125.403970  69.960051  7.000
 76    11.887 54867.50103657 12.38 125.426257  69.947648  3.556
 76    11.876 54867.50103721 13.75 125.421857  69.950628  3.556
 76    12.128 54867.50103786 13.10 125.417447  69.953618  3.556
 76    13.041 54867.50103850 13.12 125.413047  69.956608  3.556
 76    11.950 54867.50103915 14.61 125.408637  69.959598  3.556
 76    11.997 54867.50103979 13.77 125.404227  69.962588  3.556
 77    14.100 54902.50105642 10.77 125.431564  69.959158  2.904
 77    13.394 54902.50105707 11.81 125.427164  69.962138  2.904
 77    13.199 54902.50105771 11.62 125.422754  69.965128  2.904
 78    14.388 54937.50102918  7.16 125.415423  69.959604  2.448
 78    15.737 54937.50102983  9.80 125.411013  69.962594  2.448
 83    12.845 55112.50099780 20.89 125.429106  69.949954  8.698
 83    12.970 55112.50099844 20.67 125.424706  69.952944  8.698
 83    12.836 55112.50099909 21.22 125.420306  69.955924  8.698
 83    12.830 55112.50099973 23.06 125.415896  69.958914  8.698
 83    12.715 55112.50100038 24.83 125.411496  69.961904  8.698
 84    11.428 55147.50100001 21.99 125.428824  69.955239  3.884
 84    11.594 55147.50100066 22.79 125.424424  69.958229  3.884
 84    11.452 55147.50100130 22.97 125.420024  69.961219  3.884
 84    11.992 55147.50100195 21.42 125.415614  69.964209  3.884
 85    11.280 55182.50097772 12.74 125.425243  69.947031  2.503
 85    12.035 55182.50097836 13.09 125.420843  69.950021  2.503
 85    14.492 55182.50097901 13.01 125.416433  69.953011  2.503
 85    13.568 55182.50097965 13.39 125.412033  69.955991  2.503
 85    12.302 55182.50098029 13.89 125.407623  69.958981  2.503
 85    12.182 55182.50098094 14.35 125.403213  69.961971  2.503
 86    13.460 55217.50099671 12.25 125.430584  69.957002  5.614
 86    13.492 55217.50099736 12.64 125.426174  69.959992  5.614
 86    14.676 55217.50099800 12.60 125.421774  69.962982  5.614
 86    13.881 55217.50099865 12.69 125.417364  69.965972  5.614
 87    12.488 55252.50097412 10.24 125.428523  69.948932  2.630
 87    13.486 55252.50097476 10.33 125.424123  69.951922  2.630
 87    14.144 55252.50097541 10.83 125.419713  69.954912  2.630
 87    13.566 55252.50097605 11.20 125.415313  69.957902  2.630
 87    11.851 55252.50097670 11.63 125.410903  69.960892  2.630
 87    12.954 55252.50097734 10.99 125.406493  69.963882  2.630
 88    13.160 55287.50098903 10.72 125.431468  69.960848  2.386
 88    13.851 55287.50098967 10.05 125.427058  69.963838  2.386
 88    12.706 55287.50099032 10.22 125.422658  69.966828  2.386
 91    15.387 55392.50096435 20.19 125.430157  69.948575  8.809
 91    14.720 55392.50096499 18.75 125.425757  69.951565  8.809
 91    15.221 55392.50096564 18.78 125.421357  69.954555  8.809
 91    14.818 55392.50096628 18.99 125.416947  69.957545  8.809
 91    15.445 55392.50096693 16.75 125.412547  69.960535  8.809
 91    16.386 55392.50096757 16.69 125.408137  69.963525  8.809
 92    14.025 55427.50098002 22.38 125.425558  69.957471 10.639
 92    14.335 55427.50098066 20.71 125.421158  69.960451 10.639
 92    14.271 55427.50098131 21.18 125.416748  69.963441 10.639
