# NaN NaN NaN ;Mean Elev.(m), Avg Gradient(m/km), RMS Gradient(m/km) - SRTM1     
#  120.127     NaN     NaN ;Mean Elev.(m), Avg Gradient(m/km), RMS Gradient(m/km) - ASTER GDEM
#  124.000  -9.426  23.388 ;Mean Elev.(m), Avg Gradient(m/km), RMS Gradient(m/km) - GMTED2010 
  7   131.124 52466.54101243 35.22 120.101655  60.240947 16.948
  7   130.948 52466.54101308 34.33 120.099425  60.244117 16.948
  7   129.990 52466.54101372 35.32 120.097205  60.247287 16.948
  7   130.092 52466.54101437 33.59 120.094975  60.250447 16.948
  7   130.118 52466.54101501 32.25 120.092755  60.253617 16.948
  7   130.247 52466.54101566 30.86 120.090530  60.256781 21.484
  7   130.513 52466.54101630 29.45 120.088300  60.259951 21.484
  8   127.316 52501.54100756 45.05 120.098042  60.252895 23.728
  8   127.271 52501.54100820 36.47 120.095822  60.256065 23.728
  8   127.427 52501.54100884 28.38 120.093592  60.259235 23.728
  8   127.185 52501.54100949 26.46 120.091372  60.262395 23.728
  8   127.184 52501.54101013 37.97 120.089142  60.265565 23.728
 10   245.003 52571.54102676  0.96 120.098893  60.239372  9.263
 10   214.708 52571.54102741  0.42 120.096663  60.242542  9.263
 10   187.072 52571.54102870 10.60 120.092223  60.248882  9.263
 10   187.354 52571.54102934  9.34 120.089993  60.252042  9.263
 11   127.183 52606.54099141 21.43 120.103718  60.248563 11.570
 11   127.790 52606.54099206 21.54 120.101488  60.251733 11.570
 11   126.396 52606.54099270 25.64 120.099268  60.254903 11.570
 11   126.480 52606.54099335 26.87 120.097038  60.258063 11.570
 11   126.496 52606.54099399 27.39 120.094818  60.261233 11.570
 11   126.348 52606.54099464 26.31 120.092588  60.264403 11.570
 11   126.309 52606.54099528 23.25 120.090360  60.267566  5.644
 15   129.751 52746.54102783 10.57 120.100567  60.238943  8.160
 15   130.104 52746.54102847 10.71 120.098347  60.242113  8.160
 15   130.726 52746.54102912 10.51 120.096127  60.245273  8.160
 15   130.857 52746.54102976 11.46 120.093897  60.248443  8.160
 15   131.930 52746.54103041 11.67 120.091679  60.251609 17.010
 15   132.721 52746.54103105 12.41 120.089449  60.254779 17.010
 15   133.719 52746.54103170 12.61 120.087229  60.257949 17.010
 15   134.253 52746.54103234 15.20 120.084999  60.261109 17.010
 16   131.138 52781.54096774 47.64 120.086163  60.243890 31.885
 16   131.123 52781.54096839 45.45 120.083943  60.247050 31.885
 16   131.066 52781.54096903 47.68 120.081713  60.250220 31.885
 16   130.908 52781.54096968 50.39 120.079493  60.253390 31.885
 18   125.277 52851.54109708 21.47 120.099699  60.235471  5.537
 18   125.987 52851.54109773 22.09 120.097469  60.238631  5.537
 18   126.189 52851.54109837 22.79 120.095249  60.241801  5.537
 18   126.119 52851.54109902 24.54 120.093029  60.244971  5.537
 18   126.253 52851.54109966 26.61 120.090799  60.248141  5.537
 18   126.492 52851.54110030 27.83 120.088579  60.251301  5.537
 18   126.505 52851.54110095 35.44 120.086349  60.254471  5.537
 18   126.484 52851.54110159 44.03 120.084125  60.257633 20.586
 19   129.956 52886.54113175 39.91 120.100355  60.236913 19.275
 19   130.417 52886.54113239 43.99 120.098135  60.240073 19.275
 19   130.009 52886.54113304 44.03 120.095905  60.243243 19.275
 19   128.131 52886.54113497 51.16 120.089235  60.252743 19.275
 19   129.161 52886.54113562 48.73 120.087015  60.255913 19.275
 19   128.024 52886.54113626 50.88 120.084783  60.259076 34.335
 20   128.767 52921.54108970 18.47 120.102067  60.251159  3.816
 20   127.067 52921.54109034 14.49 120.099847  60.254329  3.816
 20   127.267 52921.54109099 16.15 120.097627  60.257489  3.816
 20   127.136 52921.54109163 17.44 120.095397  60.260659  3.816
 20   127.450 52921.54109228 19.72 120.093174  60.263824 22.567
 20   127.813 52921.54109292 21.60 120.090944  60.266994 22.567
 21   125.824 52956.54105330 33.65 120.096661  60.243634 19.200
 21   125.828 52956.54105395 43.72 120.094431  60.246804 19.200
 21   127.171 52956.54105459 41.44 120.092211  60.249964 19.200
 21   126.192 52956.54105524 39.01 120.089981  60.253134 19.200
 21   125.575 52956.54105588 36.19 120.087761  60.256304 19.200
 21   125.348 52956.54105653 32.45 120.085528  60.259473  7.187
 22   127.264 52991.54107155 25.15 120.102342  60.243988 14.734
 22   127.130 52991.54107219 24.95 120.100112  60.247158 14.734
 22   127.290 52991.54107284 24.99 120.097892  60.250318 14.734
 22   127.329 52991.54107348 24.67 120.095662  60.253488 14.734
 22   218.282 52991.54107413  1.74 120.093442  60.256658 14.734
 24   126.384 53061.54104750 19.08 120.103251  60.245694 12.088
 24   126.704 53061.54104814 18.01 120.101019  60.248857  7.117
 25   126.923 53096.54107395 17.37 120.101832  60.244322 11.557
 25   127.211 53096.54107460 17.10 120.099612  60.247492 11.557
 28   128.271 53201.54112280 24.53 120.099723  60.240970  7.453
 28   128.546 53201.54112345 25.93 120.097503  60.244140  7.453
 28   128.811 53201.54112409 26.00 120.095283  60.247300  7.453
 28   128.989 53201.54112474 26.53 120.093053  60.250470  7.453
 28   129.248 53201.54112538 26.48 120.090832  60.253635 20.476
 28   129.189 53201.54112603 26.78 120.088602  60.256805 20.476
 28   130.323 53201.54112667 25.60 120.086382  60.259975 20.476
 29   128.226 53236.54109516 47.91 120.103064  60.258363 34.280
 29   128.067 53236.54109580 50.52 120.100844  60.261533 34.280
 29   128.014 53236.54109645 49.38 120.098614  60.264703 34.280
 29   128.069 53236.54109709 50.32 120.096394  60.267863 34.280
 29   128.384 53236.54109774 51.13 120.094164  60.271033 34.280
 30   146.226 53271.54104907 19.45 120.096094  60.231835  8.751
 30   128.418 53271.54104972 21.50 120.093864  60.234995  8.751
 30   129.845 53271.54105036 21.49 120.091644  60.238165  8.751
 30   129.133 53271.54105101 21.97 120.089414  60.241335  8.751
 30   128.835 53271.54105165 23.72 120.087194  60.244495  8.751
 30   128.758 53271.54105230 24.62 120.084964  60.247665  8.751
 30   128.843 53271.54105294 25.97 120.082734  60.250835  8.751
 30   128.868 53271.54105359 27.20 120.080509  60.254005 35.212
 31   129.612 53306.54111255 37.17 120.098467  60.229516 14.156
 31   129.349 53306.54111319 40.52 120.096247  60.232686 14.156
 31   129.126 53306.54111384 42.60 120.094020  60.235852 28.343
 31   127.640 53306.54111448 48.64 120.091800  60.239022 28.343
 31   127.682 53306.54111512 47.98 120.089570  60.242192 28.343
 31   127.625 53306.54111577 47.31 120.087350  60.245352 28.343
 31   127.544 53306.54111641 48.77 120.085120  60.248522 28.343
 31   127.620 53306.54111706 46.98 120.082900  60.251692 28.343
 31   127.631 53306.54111770 46.88 120.080670  60.254852 28.343
 35   129.327 53446.54103778 12.68 120.095632  60.228274  6.807
 35   129.601 53446.54103843 12.97 120.093412  60.231436  4.955
 35   128.971 53446.54103907 13.22 120.091182  60.234606  4.955
 35   129.002 53446.54103972 13.78 120.088962  60.237776  4.955
 35   128.381 53446.54104036 13.42 120.086732  60.240946  4.955
 35   129.025 53446.54104101 13.33 120.084512  60.244106  4.955
 35   127.960 53446.54104165 13.75 120.082282  60.247276  4.955
 35   128.361 53446.54104230 13.86 120.080062  60.250446  4.955
 36   128.397 53481.54112334 15.00 120.097831  60.229136 13.672
 36   128.962 53481.54112399 15.65 120.095611  60.232306 13.672
 36   128.380 53481.54112463 17.67 120.093391  60.235476 13.672
 36   128.661 53481.54112528 18.81 120.091161  60.238636 13.672
 36   128.342 53481.54112592 19.96 120.088941  60.241806 13.672
 36   128.924 53481.54112656 19.23 120.086711  60.244976 13.672
 36   128.729 53481.54112721 21.58 120.084491  60.248146 13.672
 36   130.626 53481.54112785 19.51 120.082261  60.251306 13.672
 36   131.397 53481.54112850 23.26 120.080041  60.254476 13.672
 39   128.630 53586.54110710 38.57 120.100699  60.254439 23.499
 39   127.294 53586.54110775 34.41 120.098479  60.257609 23.499
 39   127.394 53586.54110839 34.97 120.096249  60.260769 23.499
 39   127.336 53586.54110904 39.33 120.094019  60.263939 23.499
 39   127.256 53586.54110968 45.60 120.091799  60.267109 23.499
 40   126.888 53621.54106715 31.61 120.086941  60.234708 20.951
 40   126.878 53621.54106780 31.86 120.084711  60.237878 20.951
 40   126.873 53621.54106844 34.21 120.082491  60.241038 20.951
 40   126.771 53621.54106909 33.35 120.080261  60.244208 20.951
 40   126.794 53621.54106973 27.24 120.078041  60.247378 20.951
 40   126.893 53621.54107038 25.17 120.075811  60.250538 20.951
 41   126.812 53656.54109845 50.90 120.086937  60.251662 28.132
 41   126.734 53656.54109909 51.88 120.084717  60.254832 28.132
 41   126.532 53656.54109974 50.88 120.082487  60.258002 28.132
 49   127.716 53936.54109891 48.74 120.091541  60.240327 11.008
 49   127.610 53936.54109955 52.14 120.089325  60.243495 31.511
 49   127.580 53936.54110020 50.65 120.087095  60.246665 31.511
 49   127.702 53936.54110084 50.54 120.084875  60.249835 31.511
 49   127.843 53936.54110149 50.71 120.082645  60.252995 31.511
 50   128.350 53971.54106714 39.78 120.094788  60.253673 27.261
 50   128.288 53971.54106778 38.74 120.092568  60.256843 27.261
 50   128.286 53971.54106843 38.00 120.090338  60.260003 27.261
 50   128.573 53971.54106907 37.95 120.088118  60.263173 27.261
 52   128.228 54041.54107354 39.38 120.101679  60.239621 16.172
 52   129.658 54041.54107419 44.77 120.099459  60.242791 16.172
 52   127.965 54041.54107483 41.31 120.097229  60.245961 16.172
 52   128.584 54041.54107548 43.04 120.095009  60.249124 17.268
 52   128.082 54041.54107612 41.43 120.092779  60.252294 17.268
 52   127.619 54041.54107677 43.18 120.090559  60.255464 17.268
 52   127.947 54041.54107741 43.51 120.088329  60.258634 17.268
 52   126.469 54041.54107805 38.11 120.086099  60.261794 17.268
 53   126.996 54076.54106931 23.27 120.102044  60.248348  7.205
 53   127.152 54076.54106995 26.42 120.099824  60.251513  6.972
 53   127.054 54076.54107060 26.09 120.097594  60.254683  6.972
 53   126.931 54076.54107124 25.07 120.095374  60.257853  6.972
 53   126.957 54076.54107188 24.26 120.093144  60.261023  6.972
 53   126.799 54076.54107253 24.37 120.090924  60.264183  6.972
 59   132.160 54286.54105080 43.81 120.101899  60.246623 27.920
 59   135.091 54286.54105144 39.56 120.099679  60.249793 27.920
 59   132.770 54286.54105209 41.61 120.097459  60.252963 27.920
 59   132.414 54286.54105273 39.91 120.095229  60.256123 27.920
 59   132.099 54286.54105338 41.34 120.093009  60.259293 27.920
 59   132.130 54286.54105402 41.06 120.090779  60.262463 27.920
 59   132.173 54286.54105467 41.49 120.088549  60.265633 27.920
 60   129.820 54321.54105027 12.55 120.092101  60.258580 15.604
 60   130.198 54321.54105092 16.11 120.089871  60.261750 15.604
 61   128.065 54356.54100919 38.42 120.105048  60.253647 30.024
 61   128.143 54356.54100983 40.19 120.102818  60.256817 30.024
 61   128.819 54356.54101047 42.06 120.100598  60.259977 30.024
 61   126.777 54356.54101112 47.25 120.098368  60.263147 30.024
 61   126.652 54356.54101176 47.06 120.096148  60.266317 30.024
 61   126.747 54356.54101241 48.95 120.093918  60.269477 30.024
 62   128.242 54391.54098764 50.56 120.101268  60.242542 14.393
 62   127.948 54391.54098829 47.69 120.099048  60.245702 14.393
 62   127.059 54391.54098893 47.52 120.096818  60.248872 14.393
 62   127.030 54391.54098958 45.23 120.094592  60.252036 27.290
 62   127.063 54391.54099022 49.75 120.092372  60.255206 27.290
 62   127.013 54391.54099087 48.57 120.090142  60.258376 27.290
 62   126.866 54391.54099151 49.17 120.087922  60.261536 27.290
 64   128.571 54461.54096386 21.22 120.100331  60.237448 10.091
 64   127.990 54461.54096451 23.05 120.098111  60.240618 10.091
 64   128.161 54461.54096515 23.73 120.095891  60.243778 10.091
 64   128.069 54461.54096580 25.23 120.093661  60.246948 10.091
 64   126.513 54461.54096644 27.30 120.091439  60.250111  6.982
 64   126.634 54461.54096709 31.04 120.089209  60.253281  6.982
 64   127.858 54461.54096773 28.96 120.086989  60.256451  6.982
 64   126.587 54461.54096838 27.39 120.084759  60.259611  6.982
 66   128.073 54531.54097791 16.90 120.099890  60.242774  7.242
 66   128.746 54531.54097856 15.68 120.097660  60.245944  7.242
 66   128.714 54531.54097920 16.37 120.095440  60.249114  7.242
 66   129.147 54531.54097985 17.13 120.093210  60.252284  7.242
 66   128.805 54531.54098049 17.12 120.090990  60.255444  7.242
 66   127.842 54531.54098113 17.19 120.088760  60.258614  7.242
 68   131.150 54601.54097567 17.90 120.091635  60.253347 12.174
 68   136.883 54601.54097632 21.01 120.089415  60.256507 12.174
 68   132.146 54601.54097696 22.28 120.087185  60.259677 12.174
 69   135.332 54636.54098496 43.74 120.100855  60.242498 33.764
 69   134.036 54636.54098560 40.14 120.098635  60.245658 33.764
 69   131.907 54636.54098625 47.94 120.096405  60.248828 33.764
 69   131.843 54636.54098689 49.32 120.094185  60.251998 33.764
 69   132.005 54636.54098754 50.85 120.091955  60.255168 33.764
 69   131.960 54636.54098818 52.11 120.089735  60.258328 33.764
 69   131.951 54636.54098883 49.79 120.087505  60.261498 33.764
 70   132.350 54671.54098910 44.42 120.101169  60.244637 24.115
 70   131.059 54671.54098975 42.62 120.098949  60.247797 24.115
 70   130.313 54671.54099039 38.84 120.096719  60.250967 24.115
 70   129.842 54671.54099104 40.85 120.094499  60.254137 24.115
 70   130.203 54671.54099168 41.17 120.092269  60.257307 24.115
 70   130.000 54671.54099233 42.75 120.090049  60.260467 24.115
 70   130.094 54671.54099297 43.94 120.087819  60.263637 24.115
 71   128.817 54706.54095105 13.26 120.102785  60.252331 17.364
 71   128.516 54706.54095170 13.97 120.100565  60.255491 17.364
 71   128.743 54706.54095234 13.94 120.098335  60.258661 17.364
 71   128.489 54706.54095299 16.33 120.096115  60.261831 17.364
 71   128.613 54706.54095363 21.05 120.093885  60.265001 17.364
 71   128.560 54706.54095428 24.92 120.091665  60.268161 17.364
 73   126.781 54776.54093299 46.36 120.097366  60.256969 20.016
 73   128.534 54776.54093364 44.91 120.095146  60.260139 20.016
 73   126.845 54776.54093428 46.67 120.092916  60.263309 20.016
 73   127.049 54776.54093492 39.07 120.090696  60.266469 20.016
 74   127.183 54811.54094531 23.70 120.098455  60.235675 10.048
 74   127.010 54811.54094596 24.54 120.096235  60.238845 10.048
 74   126.880 54811.54094660 25.67 120.094015  60.242015 10.048
 74   126.714 54811.54094725 26.86 120.091785  60.245175 10.048
 74   126.670 54811.54094789 27.50 120.089565  60.248345 10.048
 74   126.652 54811.54094854 29.49 120.087334  60.251516  8.102
 74   126.723 54811.54094918 34.07 120.085114  60.254676  8.102
 74   126.678 54811.54094983 29.09 120.082884  60.257846  8.102
 75   126.415 54846.54093136 18.76 120.103296  60.247949  5.033
 75   126.391 54846.54093200 19.14 120.101076  60.251109  5.033
 75   126.322 54846.54093264 19.64 120.098846  60.254279  5.033
 75   126.343 54846.54093329 20.19 120.096626  60.257449  5.033
 75   126.374 54846.54093393 19.92 120.094396  60.260619  5.033
 75   126.211 54846.54093458 20.00 120.092176  60.263779  5.033
 75   126.050 54846.54093522 18.94 120.089946  60.266949  5.033
 76   126.331 54881.54094907 16.15 120.099569  60.239087  5.061
 76   126.399 54881.54094971 16.91 120.097349  60.242257  5.061
 76   126.223 54881.54095036 18.37 120.095119  60.245417  5.061
 76   126.272 54881.54095100 18.72 120.092899  60.248587  5.061
 76   126.340 54881.54095165 17.98 120.090669  60.251757  5.061
 76   126.291 54881.54095229 17.67 120.088449  60.254917  5.061
 76   126.236 54881.54095294 17.02 120.086219  60.258087  5.061
 78   129.822 54951.54094259 21.82 120.100995  60.237949 12.699
 78   129.306 54951.54094324 29.09 120.098765  60.241119 12.699
 78   126.291 54951.54094388 33.94 120.096545  60.244289 12.699
 78   129.143 54951.54094453 26.64 120.094315  60.247449 12.699
 78   129.671 54951.54094517 24.36 120.092095  60.250619 12.699
 80   131.015 55021.54096151 39.06 120.101441  60.247979 23.694
 80   130.610 55021.54096215 37.95 120.099211  60.251149 23.694
 80   131.156 55021.54096279 35.42 120.096991  60.254319 23.694
 80   130.293 55021.54096344 33.61 120.094761  60.257489 23.694
 80   131.022 55021.54096408 33.72 120.092541  60.260649 23.694
 81   127.905 55056.54095803 49.60 120.102550  60.246065 27.550
 81   128.492 55056.54095867 47.77 120.100330  60.249225 27.550
 81   128.191 55056.54095932 47.13 120.098100  60.252395 27.550
 81   128.128 55056.54095996 44.46 120.095880  60.255565 27.550
 81   127.866 55056.54096061 46.65 120.093650  60.258735 27.550
 81   127.838 55056.54096125 48.10 120.091430  60.261895 27.550
 81   127.842 55056.54096190 49.10 120.089200  60.265065 27.550
 82   131.108 55091.54091619 37.69 120.103901  60.251006 32.054
 82   130.697 55091.54091683 45.65 120.101671  60.254176 32.054
 82   131.255 55091.54091748 45.11 120.099451  60.257336 32.054
 82   131.091 55091.54091812 45.49 120.097221  60.260506 32.054
 82   131.151 55091.54091877 46.28 120.095001  60.263676 32.054
 82   130.811 55091.54091941 45.44 120.092771  60.266846 32.054
 83   127.138 55126.54089862 45.82 120.092436  60.253286 26.185
 83   127.052 55126.54089927 48.05 120.090216  60.256446 26.185
 83   127.149 55126.54089991 45.08 120.087986  60.259616 26.185
 84   126.185 55161.54087674 23.16 120.102289  60.247235  9.385
 84   126.250 55161.54087738 24.14 120.100059  60.250405  9.385
 84   126.395 55161.54087803 26.43 120.097839  60.253565  9.385
 84   126.430 55161.54087867 27.07 120.095609  60.256735  9.385
 84   126.426 55161.54087932 29.77 120.093389  60.259905  9.385
 84   126.363 55161.54087996 26.72 120.091159  60.263075  9.385
 84   126.256 55161.54088061 23.68 120.088939  60.266235  9.385
 85   127.614 55196.54088611 17.23 120.099476  60.235669  6.285
 85   128.067 55196.54088675 17.94 120.097246  60.238839  6.285
 85   126.840 55196.54088740 18.25 120.095026  60.241999  6.285
 85   126.750 55196.54088804 19.28 120.092796  60.245169  6.285
 85   126.725 55196.54088869 19.37 120.090576  60.248339  6.285
 85   126.802 55196.54088933 19.90 120.088346  60.251509  6.285
 85   126.734 55196.54088998 18.98 120.086126  60.254669  6.285
 85   126.807 55196.54089062 19.00 120.083896  60.257839  6.285
 87   127.940 55266.54088214 13.59 120.100368  60.242449  6.903
 87   128.298 55266.54088279 14.73 120.098138  60.245619  6.903
 87   128.505 55266.54088343 13.99 120.095918  60.248789  6.903
 87   128.965 55266.54088408 14.11 120.093688  60.251959  6.903
 87   129.597 55266.54088472 14.39 120.091468  60.255119  6.903
 87   129.510 55266.54088536 13.42 120.089238  60.258289  6.903
 87   129.107 55266.54088601 14.09 120.087018  60.261459  6.903
 89   154.451 55336.54085939 23.82 120.096450  60.251993 20.063
 89   153.510 55336.54086004 32.30 120.094230  60.255163 20.063
 89   148.830 55336.54086068 41.32 120.092000  60.258333 20.063
 89   141.969 55336.54086133 46.57 120.089780  60.261493 20.063
 90   129.357 55371.54084825 32.81 120.101318  60.247197 21.788
 90   128.849 55371.54084890 33.25 120.099098  60.250357 21.788
 90   128.324 55371.54084954 34.61 120.096868  60.253527 21.788
 90   128.209 55371.54085018 35.83 120.094648  60.256697 21.788
 90   128.222 55371.54085083 37.08 120.092418  60.259867 21.788
 90   128.159 55371.54085147 41.98 120.090198  60.263027 21.788
 91   127.243 55406.54086757 16.96 120.097166  60.245490 16.447
 91   127.491 55406.54086822 18.02 120.094936  60.248660 16.447
 91   127.635 55406.54086886 19.48 120.092716  60.251830 16.447
 91   127.992 55406.54086951 22.57 120.090486  60.255000 16.447
 91   128.085 55406.54087015 26.22 120.088266  60.258160 16.447
 91   127.135 55406.54087080 34.68 120.086036  60.261330 16.447
 92   128.189 55441.54086729  9.77 120.102726  60.246759 17.092
 92   128.202 55441.54086793 11.02 120.100506  60.249919 17.092
 92   128.330 55441.54086858 12.10 120.098276  60.253089 17.092
 92   128.114 55441.54086922 14.68 120.096056  60.256259 17.092
 92   128.621 55441.54086987 14.99 120.093826  60.259429 17.092
 92   128.395 55441.54087051 17.03 120.091606  60.262589 17.092
 92   128.282 55441.54087116 22.64 120.089376  60.265759 17.092
 93   127.199 55476.54081084 35.48 120.104847  60.254955 22.617
 93   126.804 55476.54081149 35.14 120.102627  60.258115 22.617
 93   126.782 55476.54081213 33.82 120.100397  60.261285 22.617
 93   126.858 55476.54081278 32.86 120.098177  60.264455 22.617
 93   126.837 55476.54081342 33.12 120.095947  60.267625 22.617
 93   126.929 55476.54081407 36.00 120.093727  60.270785 22.617
