# NaN NaN NaN ;Mean Elev.(m), Avg Gradient(m/km), RMS Gradient(m/km) - SRTM1     
#   44.116  -0.924   3.423 ;Mean Elev.(m), Avg Gradient(m/km), RMS Gradient(m/km) - ASTER GDEM
#   32.271  -2.218   5.452 ;Mean Elev.(m), Avg Gradient(m/km), RMS Gradient(m/km) - GMTED2010 
  7 127.132461  64.051152    60.966    61.009 26 52445.51387006 44.964
  8 127.151999  64.040285    60.034    60.067 32 52480.51385950 39.284
  9 127.183839  64.025285    58.338    58.364 35 52515.51380552 47.201
 10 127.124172  64.055708    58.185    58.289 26 52550.51385927 43.489
 11 127.175082  64.028730    57.419    57.212 36 52585.51382770 32.654
 12 127.174269  64.027961    58.094    57.468 37 52620.51380912 22.959
 15 127.163015  64.030931    59.606    58.359 37 52725.51383771 13.794
 16 127.162237  64.031559    58.167    58.055 37 52760.51385548 20.951
 17 127.142276  64.047340    62.667    62.495 28 52795.51381611 29.231
 18 127.144349  64.046173    61.203    61.205 28 52830.51388246 50.154
 19 127.167780  64.029956    62.001    61.786 37 52865.51392281 19.983
 20 127.166548  64.031040    59.395    59.398 37 52900.51395183 33.385
 21 127.176787  64.027886    57.655    57.673 36 52935.51389307 37.513
 22 127.140969  64.047927    58.681    58.883 28 52970.51391823 25.871
 23 127.145209  64.045495    60.746    60.831 28 53005.51393337 14.787
 24 127.123114  64.055794    60.466    59.970 26 53040.51388620 12.759
 25 127.162929  64.031778   400.985   400.906 37 53075.51391318 10.435
 26 127.121605  64.056091    60.348    59.998 25 53110.51388884 10.419
 27 127.142760  64.046248    57.826    57.761 28 53145.51392865 45.004
 28 127.167714  64.030191    63.503    63.635 37 53180.51393547 20.691
 29 127.159245  64.033614    61.815    61.874 35 53215.51395862 23.995
 30 127.174938  64.028283    61.011    60.632 37 53250.51393163 24.339
 31 127.123844  64.055870    61.447    61.087 26 53285.51393281 22.922
 32 127.169220  64.029902    59.965    59.095 36 53320.51390755 17.838
 33 127.185360  64.024369    61.667    61.834 35 53355.51387484  9.990
 34 127.130653  64.052595    60.962    60.359 26 53390.51389095  9.717
 35 127.175461  64.028154    61.986    61.933 37 53425.51388253  8.577
 36 127.143572  64.046833    61.989    62.407 28 53460.51389429  7.457
 37 127.134501  64.050892    58.071    58.136 27 53495.51397814 36.422
 38 127.173978  64.028115    62.225    62.150 37 53530.51394911 24.718
 39 127.161796  64.031610    62.158    61.596 37 53565.51397823 23.288
 41 127.128471  64.053822    60.460    60.484 26 53635.51392291 49.776
 42 127.141559  64.047099    57.222    57.258 28 53670.51394252 37.703
 43 127.181129  64.026949    60.055    59.384 35 53705.51387199 18.251
 44 127.202422  64.015147    61.331    61.799 35 53740.51378141 14.398
 45 127.164515  64.031708    62.011    61.836 37 53775.51380679 12.985
 46 127.187701  64.023543    61.847    62.061 34 53810.51378606 11.056
 47 127.134044  64.051244    58.914    58.822 27 53845.51383799 25.741
 48 127.159871  64.033738    63.887    63.923 35 53880.51386041 50.527
 49 127.141273  64.046894    62.641    62.620 28 53915.51392131 16.770
 50 127.144069  64.045785    58.754    58.753 28 53950.51392947 40.626
 51 127.177026  64.027781    62.403    62.412 36 53985.51386164 50.970
 52 127.140612  64.047582    60.895    60.789 27 54020.51390509 28.835
 53 127.170898  64.029834    58.883    58.210 37 54055.51389219 25.123
 54 127.175547  64.028892    61.175    61.315 36 54090.51387895 15.421
 55 127.134971  64.049754    61.252    61.170 27 54125.51381251 11.689
 56 127.163896  64.031030    61.916    61.601 37 54160.51384704 10.139
 57 127.138226  64.048483    61.386    60.983 28 54195.51381383  9.122
 58 127.157064  64.035953    58.161    57.816 34 54230.51386093 29.826
 59 127.161971  64.032062    64.307    64.320 36 54265.51387764 45.224
 60 127.165292  64.031063    62.255    62.443 37 54300.51388175 22.431
 61 127.172231  64.028647    62.271    62.260 37 54335.51386992 18.105
 63 127.167937  64.029530    57.239    57.220 37 54405.51381454 39.987
 64 127.128913  64.053029    57.634    57.424 26 54440.51377752 24.303
 65 127.163620  64.030781    59.645    58.636 37 54475.51380213 17.882
 66 127.136641  64.048813    58.023    56.873 27 54510.51379133 17.620
 67 127.168073  64.029961    62.358    62.419 37 54545.51381622  9.962
 68 127.162714  64.031222    61.972    62.053 37 54580.51378333  8.149
 69 127.165980  64.030699    64.704    64.700 37 54615.51380577 34.552
 70 127.152651  64.039364    61.804    61.727 31 54650.51381996 20.578
 71 127.170221  64.030384    60.967    60.517 37 54685.51381150 34.944
 72 127.134492  64.050632    62.778    62.800 27 54720.51376701 50.798
 73 127.162945  64.031173    59.238    59.247 36 54755.51378605 49.425
 74 127.132081  64.051167    58.511    58.208 27 54790.51376052 25.921
 75 127.151565  64.040464    59.779    58.704 32 54825.51378449 16.744
 76 127.136920  64.049565    58.855    57.986 27 54860.51375354 14.041
 77 127.167091  64.030101    58.590    57.947 36 54895.51378311 12.364
 78 127.136930  64.049232    60.100    59.710 28 54930.51375171  9.370
 79 127.162817  64.031189    61.357    61.356 37 54965.51378405 35.044
 80 127.155588  64.037217    63.056    62.869 33 55000.51380536 19.861
 81 127.162934  64.031202    60.782    60.695 36 55035.51378957 42.538
 82 127.173967  64.028281    62.383    62.558 37 55070.51377839 17.383
 83 127.133594  64.050878    61.244    61.118 27 55105.51372584 26.043
 84 127.164742  64.031376    57.142    56.582 36 55140.51372773 41.423
 85 127.133079  64.051674    58.379    57.735 27 55175.51369370 22.799
 86 127.158113  64.035314    57.682    57.432 35 55210.51372372 20.440
 87 127.139583  64.048351    56.807    56.779 27 55245.51369859 18.618
 88 127.168206  64.030240    57.615    57.405 36 55280.51371629 15.034
 89 127.159593  64.033349    58.578    58.763 35 55315.51368335 20.816
 90 127.170537  64.028498    63.344    63.252 37 55350.51368744 18.218
 91 127.136146  64.049613    60.381    60.380 28 55385.51368607 44.693
 92 127.163339  64.031585    62.111    61.872 37 55420.51370669 18.641
 93 127.174311  64.029299    60.256    60.247 36 55455.51368237 49.442
 94 127.193340  64.018769    58.314    58.157 37 55490.51359787 43.577
