# NaN NaN NaN ;Mean Elev.(m), Avg Gradient(m/km), RMS Gradient(m/km) - SRTM1     
#    8.859   0.049   1.480 ;Mean Elev.(m), Avg Gradient(m/km), RMS Gradient(m/km) - ASTER GDEM
#    1.000  -0.064   1.197 ;Mean Elev.(m), Avg Gradient(m/km), RMS Gradient(m/km) - GMTED2010 
  7     2.448 52456.48363633  5.15 128.258060  72.145169  7.381
  7     1.114 52456.48363697  6.75 128.252620  72.148069  7.381
  7     1.361 52456.48363762  7.60 128.247175  72.150969  2.662
  7     1.026 52456.48363826  8.86 128.241735  72.153869  2.662
  7     1.231 52456.48363890  9.28 128.236285  72.156779  2.662
  7     1.240 52456.48363955 10.05 128.230835  72.159679  2.662
 10     0.927 52561.48363790 40.44 128.247678  72.145195 22.383
 10     0.861 52561.48363854 38.06 128.242228  72.148105 22.383
 10     0.840 52561.48363919 38.18 128.236788  72.151005 22.383
 10     0.766 52561.48363983 41.82 128.231338  72.153905 22.383
 10     0.822 52561.48364048 48.86 128.225888  72.156805 22.383
 12     0.735 52631.48358946 26.76 128.247066  72.143516  7.809
 12     0.535 52631.48359011 26.74 128.241616  72.146416  7.809
 12     0.322 52631.48359075 27.06 128.236166  72.149316  7.809
 12     0.529 52631.48359140 27.24 128.230726  72.152216  7.809
 12     0.690 52631.48359204 26.58 128.225276  72.155116  7.809
 15     0.491 52736.48362183 26.14 128.268359  72.145785  5.428
 15     0.347 52736.48362248 27.39 128.262909  72.148695  5.428
 15     0.125 52736.48362312 27.19 128.257469  72.151595  5.428
 15     0.254 52736.48362377 25.55 128.252019  72.154495  5.428
 15     0.350 52736.48362441 24.77 128.246579  72.157395  5.428
 15     0.431 52736.48362506 25.00 128.241129  72.160295  5.428
 15     0.551 52736.48362570 25.02 128.235679  72.163195  5.428
 16     0.676 52771.48359656 29.60 128.275505  72.147313 17.108
 16     0.818 52771.48359721 28.86 128.270065  72.150213 17.108
 16     0.481 52771.48359785 25.38 128.264625  72.153113 17.108
 16     0.426 52771.48359849 25.62 128.259177  72.156017 27.612
 16     0.383 52771.48359914 26.76 128.253727  72.158917 27.612
 16     0.164 52771.48359978 28.21 128.248277  72.161817 27.612
 16     0.256 52771.48360043 30.08 128.242827  72.164717 27.612
 17     2.722 52806.48364557 22.30 128.243644  72.141672 14.347
 17     2.969 52806.48364621 20.42 128.238204  72.144572 14.347
 17     2.889 52806.48364686 18.64 128.232754  72.147482 14.347
 17     2.746 52806.48364750 17.73 128.227307  72.150380  6.529
 17     2.495 52806.48364815 18.19 128.221857  72.153280  6.529
 18     1.023 52841.48370514 11.32 128.249150  72.142678  7.802
 18     0.750 52841.48370578 11.74 128.243710  72.145578  7.802
 18     0.689 52841.48370643 12.28 128.238260  72.148478  7.802
 18     0.629 52841.48370707 13.32 128.232810  72.151378  7.802
 18     0.539 52841.48370772 14.24 128.227360  72.154278  7.802
 19     0.333 52876.48374407 36.94 128.251404  72.144125 13.088
 19     0.155 52876.48374471 28.27 128.245964  72.147025 13.088
 19     0.452 52876.48374536 27.80 128.240514  72.149925 13.088
 19     0.423 52876.48374600 30.52 128.235074  72.152825 13.088
 19     0.614 52876.48374665 37.61 128.229624  72.155725 13.088
 20     0.425 52911.48370604 28.87 128.277271  72.146669  7.342
 20     0.451 52911.48370668 31.34 128.271831  72.149569  7.342
 20     0.298 52911.48370733 30.49 128.266391  72.152469  7.342
 20     0.274 52911.48370797 31.96 128.260941  72.155369  7.342
 20     0.253 52911.48370861 33.28 128.255501  72.158269  7.342
 20     0.253 52911.48370926 34.62 128.250051  72.161179  7.342
 20     0.454 52911.48370990 36.54 128.244601  72.164079  7.342
 20     0.614 52911.48371055 38.05 128.239141  72.166979  7.342
 23     0.508 53016.48369523 21.19 128.268126  72.145611  4.662
 23     0.379 53016.48369588 22.14 128.262686  72.148521  4.662
 23     0.253 53016.48369652 22.55 128.257236  72.151421  4.662
 23     0.384 53016.48369717 23.34 128.251796  72.154321  4.662
 23     0.464 53016.48369781 24.20 128.246346  72.157221  4.662
 23     0.604 53016.48369846 25.01 128.240896  72.160121  4.662
 23     0.671 53016.48369910 27.76 128.235446  72.163021  4.662
 24     0.431 53051.48367307 21.19 128.246833  72.143601  4.176
 24     0.224 53051.48367372 21.72 128.241383  72.146501  4.176
 24     0.335 53051.48367436 22.16 128.235933  72.149401  4.176
 24     0.559 53051.48367501 22.91 128.230483  72.152301  4.176
 24     0.719 53051.48367565 23.73 128.225033  72.155201  4.176
 25     0.248 53086.48370962 20.27 128.261460  72.146022  3.926
 25     0.212 53086.48371027 20.41 128.256020  72.148922  3.926
 25     0.281 53086.48371091 20.28 128.250570  72.151832  3.926
 25     0.447 53086.48371156 21.02 128.245130  72.154732  3.926
 25     0.618 53086.48371220 21.92 128.239680  72.157632  3.926
 25     0.732 53086.48371285 22.73 128.234228  72.160526  7.053
 26     0.236 53121.48367999 17.07 128.245643  72.144530  3.857
 26     0.053 53121.48368064 17.22 128.240193  72.147430  3.857
 26     0.376 53121.48368128 17.31 128.234753  72.150330  3.857
 26     0.516 53121.48368193 17.40 128.229303  72.153230  3.857
 26     0.550 53121.48368257 17.73 128.223853  72.156130  3.857
 28    15.662 53191.48372659 12.08 128.262180  72.146173 14.846
 28    13.903 53191.48372723 10.92 128.256740  72.149073 14.846
 28    12.019 53191.48372788 11.02 128.251292  72.151970  2.626
 28     9.641 53191.48372852 11.26 128.245842  72.154880  2.626
 28     1.714 53191.48372917 11.79 128.240392  72.157780  2.626
 28     1.852 53191.48372981 11.75 128.234942  72.160680  2.626
 29     0.351 53226.48373022 29.81 128.267558  72.145416 17.545
 29     0.074 53226.48373086 29.53 128.262118  72.148316 17.545
 29    -0.185 53226.48373150 30.04 128.256668  72.151216 17.545
 29    -0.746 53226.48373215 32.63 128.251228  72.154116 17.545
 29    -0.269 53226.48373279 34.93 128.245778  72.157016 17.545
 29     0.167 53226.48373344 39.17 128.240328  72.159916 17.545
 29     0.469 53226.48373408 42.13 128.234878  72.162816 17.545
 30     0.269 53261.48370382 31.46 128.273688  72.145290 13.729
 30     0.303 53261.48370446 33.44 128.268248  72.148200 13.729
 30     0.041 53261.48370511 37.25 128.262808  72.151100 13.729
 30     0.268 53261.48370575 44.92 128.257368  72.154000 13.729
 30     0.216 53261.48370640 46.03 128.251918  72.156900 13.729
 30     0.208 53261.48370704 44.12 128.246468  72.159800 13.729
 30     0.192 53261.48370768 42.69 128.241018  72.162700 13.729
 30     0.377 53261.48370833 40.48 128.235568  72.165600 13.729
 31     1.244 53296.48373758 37.80 128.244569  72.142179  9.213
 31     1.299 53296.48373823 36.14 128.239129  72.145079  9.213
 31     1.245 53296.48373887 37.18 128.233689  72.147979  9.213
 31     1.138 53296.48373952 38.35 128.228239  72.150889  9.213
 31     1.161 53296.48374016 38.95 128.222794  72.153788 19.495
 32     0.577 53331.48371025 29.56 128.256761  72.146433  5.456
 32     0.296 53331.48371089 29.71 128.251321  72.149333  5.456
 32     0.295 53331.48371153 30.41 128.245871  72.152233  5.456
 32     0.508 53331.48371218 30.16 128.240421  72.155143  5.456
 32     0.639 53331.48371282 29.70 128.234975  72.158043  7.864
 32     0.791 53331.48371347 29.41 128.229525  72.160943  7.864
 34     0.683 53401.48368401 24.46 128.249271  72.145421  4.422
 34     0.399 53401.48368466 25.69 128.243821  72.148321  4.422
 34     0.416 53401.48368530 25.76 128.238371  72.151221  4.422
 34     0.516 53401.48368595 26.06 128.232931  72.154121  4.422
 34     0.716 53401.48368659 26.55 128.227477  72.157028  8.153
 35     0.612 53436.48367238 26.60 128.276905  72.143584  5.917
 35     0.651 53436.48367302 27.73 128.271465  72.146484  5.917
 35     0.400 53436.48367367 27.57 128.266015  72.149394  5.917
 35     0.383 53436.48367431 27.44 128.260575  72.152294  5.917
 35     0.345 53436.48367495 28.40 128.255135  72.155194  5.917
 35     0.378 53436.48367560 28.51 128.249685  72.158094  5.917
 35     0.438 53436.48367624 28.30 128.244231  72.161000  8.127
 35     0.666 53436.48367689 28.23 128.238781  72.163900  8.127
 36     0.837 53471.48372354 25.48 128.246701  72.143420  5.952
 36     0.601 53471.48372418 26.77 128.241251  72.146320  5.952
 36     0.411 53471.48372483 26.79 128.235811  72.149230  5.952
 36     0.610 53471.48372547 26.12 128.230362  72.152129  8.961
 36     0.731 53471.48372612 27.24 128.224912  72.155029  8.961
 37     0.880 53506.48375683 39.07 128.257681  72.144332 21.801
 37     0.809 53506.48375748 37.34 128.252241  72.147232 21.801
 37     0.738 53506.48375812 39.84 128.246791  72.150132 21.801
 37     0.738 53506.48375877 47.55 128.241351  72.153042 21.801
 37     0.776 53506.48375941 42.86 128.235901  72.155942 21.801
 37     0.488 53506.48376005 41.02 128.230444  72.158843 11.211
 38    14.192 53541.48376191 11.51 128.255364  72.146095 16.817
 38     1.328 53541.48376255 12.06 128.249924  72.148995 16.817
 38     1.324 53541.48376320 11.85 128.244474  72.151895 16.817
 38     2.225 53541.48376384 12.11 128.239026  72.154791  2.392
 38     1.400 53541.48376449 12.49 128.233576  72.157701  2.392
 39    -4.718 53576.48375074 21.06 128.269537  72.144292  8.331
 39    -3.388 53576.48375138 20.99 128.264097  72.147192  8.331
 39    -2.386 53576.48375203 21.67 128.258657  72.150092  8.331
 39    -1.376 53576.48375267 22.45 128.253207  72.153002  8.331
 39    -0.818 53576.48375332 23.24 128.247767  72.155902  8.331
 39    -0.266 53576.48375396 23.92 128.242317  72.158802  8.331
 39     0.166 53576.48375461 24.39 128.236867  72.161696 11.851
 39     0.511 53576.48375525 26.14 128.231417  72.164606 11.851
 40    18.302 53611.48370213 16.87 128.279253  72.143818  8.295
 40    17.006 53611.48370277 15.83 128.273813  72.146718  8.295
 40    15.978 53611.48370342 14.58 128.268373  72.149628  8.295
 40    14.195 53611.48370406 13.87 128.262933  72.152528  8.295
 40    13.477 53611.48370471 14.41 128.257493  72.155428  8.295
 40     8.366 53611.48370535 16.15 128.252043  72.158328  8.295
 40     5.764 53611.48370600 16.85 128.246589  72.161227 16.825
 40    -0.036 53611.48370664 21.24 128.241149  72.164137 16.825
 41    -3.680 53646.48370755 19.00 128.243719  72.144996  5.134
 41    -2.884 53646.48370820 20.87 128.238269  72.147896  5.134
 41    -1.950 53646.48370884 21.00 128.232819  72.150796  5.134
 41    -1.152 53646.48370949 22.08 128.227379  72.153696  5.134
 42     0.085 53681.48372342 20.25 128.257855  72.145593  3.978
 42    -0.080 53681.48372406 20.45 128.252415  72.148493  3.978
 42    -0.095 53681.48372471 20.97 128.246975  72.151393  3.978
 42     0.103 53681.48372535 21.09 128.241525  72.154303  3.978
 42     0.345 53681.48372599 20.70 128.236075  72.157203  3.978
 42     0.381 53681.48372664 20.96 128.230625  72.160104  4.125
 43     0.232 53716.48365061 19.17 128.275653  72.145933  4.581
 43     0.157 53716.48365125 19.61 128.270213  72.148833  4.581
 43     0.179 53716.48365190 19.70 128.264773  72.151733  4.581
 43     0.318 53716.48365254 19.49 128.259323  72.154633  4.581
 43     0.356 53716.48365319 19.72 128.253883  72.157543  4.581
 43     0.442 53716.48365383 19.91 128.248433  72.160443  4.581
 43     0.423 53716.48365448 20.06 128.242978  72.163346  4.511
 43     0.458 53716.48365512 20.61 128.237528  72.166246  4.511
 44     0.547 53751.48356917 18.55 128.248959  72.142673  3.578
 44     0.090 53751.48356981 19.62 128.243509  72.145573  3.578
 44     0.137 53751.48357046 19.32 128.238059  72.148473  3.578
 44     0.303 53751.48357110 19.28 128.232619  72.151373  3.578
 44     0.536 53751.48357175 19.47 128.227159  72.154273  3.578
 45     0.439 53786.48359932 18.07 128.267777  72.145422  3.445
 45     0.181 53786.48359997 18.34 128.262337  72.148322  3.445
 45     0.164 53786.48360061 19.04 128.256897  72.151222  3.445
 45     0.408 53786.48360126 19.46 128.251447  72.154132  3.445
 45     0.467 53786.48360190 19.26 128.245997  72.157032  3.445
 45     0.472 53786.48360255 19.66 128.240548  72.159934  4.869
 45     0.425 53786.48360319 20.23 128.235098  72.162834  4.869
 46     0.270 53821.48355643 17.67 128.275799  72.152748  3.749
 46     0.337 53821.48355708 18.00 128.270359  72.155648  3.749
 46     0.426 53821.48355772 18.46 128.264909  72.158548  3.749
 46     0.505 53821.48355837 18.63 128.259469  72.161448  3.749
 46     0.511 53821.48355901 18.88 128.254019  72.164348  3.749
 47     0.364 53856.48364479 13.58 128.244723  72.145374  2.523
 47     0.135 53856.48364543 14.82 128.239273  72.148274  2.523
 47     0.167 53856.48364608 15.07 128.233823  72.151174  2.523
 47     0.451 53856.48364672 14.63 128.228373  72.154074  2.523
 47     0.558 53856.48364737 14.98 128.222923  72.156974  2.523
 48     2.332 53891.48365644 24.96 128.259206  72.145002 11.861
 48     2.293 53891.48365708 28.12 128.253756  72.147902 11.861
 48     2.327 53891.48365773 24.57 128.248316  72.150802 11.861
 48     1.922 53891.48365837 23.19 128.242870  72.153704  2.387
 48     1.481 53891.48365902 22.58 128.237420  72.156604  2.387
 48    -7.936 53891.48365966 22.03 128.231970  72.159504  2.387
 49     1.152 53926.48371868 17.11 128.246157  72.144370  4.967
 49     0.873 53926.48371932 18.30 128.240717  72.147270  4.967
 49     0.759 53926.48371997 19.52 128.235267  72.150170  4.967
 49     0.789 53926.48372061 18.64 128.229827  72.153070  4.967
 49     0.528 53926.48372125 18.95 128.224377  72.155970  4.967
 50     0.554 53961.48370402 29.05 128.263083  72.145030 13.504
 50    -0.117 53961.48370466 29.45 128.257643  72.147930 13.504
 50    -0.536 53961.48370531 32.47 128.252203  72.150830 13.504
 50    -0.607 53961.48370595 34.29 128.246753  72.153730 13.504
 50     0.045 53961.48370659 35.25 128.241313  72.156630 13.504
 50     0.529 53961.48370724 37.56 128.235863  72.159530 13.504
 50     0.622 53961.48370788 41.31 128.230413  72.162430 13.504
 52     1.114 54031.48369864 35.20 128.249597  72.144515  9.231
 52     1.224 54031.48369929 33.55 128.244157  72.147415  9.231
 52     1.154 54031.48369993 30.20 128.238707  72.150325  9.231
 52     1.122 54031.48370057 29.88 128.233257  72.153225  9.231
 52     0.797 54031.48370122 30.65 128.227807  72.156125  9.231
 53     0.521 54066.48369226 22.88 128.264470  72.146157  4.564
 53     0.316 54066.48369291 23.67 128.259030  72.149067  4.564
 53     0.215 54066.48369355 23.59 128.253580  72.151967  4.564
 53     0.225 54066.48369420 24.37 128.248130  72.154867  4.564
 53     0.264 54066.48369484 24.26 128.242690  72.157767  4.564
 53     0.442 54066.48369549 23.62 128.237240  72.160667  4.564
 53     0.725 54066.48369613 24.14 128.231790  72.163567  4.564
 54     0.565 54101.48365362 24.69 128.276477  72.144653  5.041
 54     0.554 54101.48365426 25.09 128.271037  72.147563  5.041
 54     0.467 54101.48365491 25.63 128.265597  72.150463  5.041
 54     0.532 54101.48365555 24.84 128.260157  72.153363  5.041
 54     0.351 54101.48365620 25.24 128.254707  72.156263  5.041
 54     0.536 54101.48365684 24.98 128.249257  72.159163  5.041
 54     0.628 54101.48365749 25.13 128.243807  72.162063  5.041
 54     0.785 54101.48365813 26.03 128.238357  72.164963  5.041
 55     0.536 54136.48361984 23.18 128.245852  72.144928  4.608
 55     0.357 54136.48362049 23.60 128.240412  72.147828  4.608
 55     0.059 54136.48362113 23.53 128.234962  72.150728  4.608
 55     0.023 54136.48362178 24.38 128.229512  72.153628  4.608
 55     0.121 54136.48362242 23.48 128.224062  72.156528  4.608
 56     0.657 54171.48363004 18.84 128.272737  72.144011  4.351
 56     0.564 54171.48363068 18.61 128.267297  72.146911  4.351
 56     0.231 54171.48363133 20.06 128.261857  72.149811  4.351
 56     0.223 54171.48363197 19.00 128.256407  72.152711  4.351
 56     0.124 54171.48363262 19.10 128.250967  72.155611  4.351
 56     0.190 54171.48363326 19.39 128.245517  72.158521  4.351
 56     0.458 54171.48363391 18.37 128.240067  72.161421  4.351
 56     0.657 54171.48363455 18.10 128.234617  72.164321  4.351
 57     1.046 54206.48362443 19.80 128.247872  72.142351  5.174
 57     0.736 54206.48362508 19.62 128.242422  72.145261  5.174
 57     0.304 54206.48362572 20.56 128.236982  72.148161  5.174
 57    -0.020 54206.48362636 20.87 128.231535  72.151059  6.981
 57     0.056 54206.48362701 20.51 128.226085  72.153959  6.981
 58     0.483 54241.48365754 32.36 128.259642  72.144560 23.464
 58     0.720 54241.48365819 39.98 128.254192  72.147460 23.464
 58     0.691 54241.48365883 41.58 128.248752  72.150370 23.464
 58     0.486 54241.48365948 35.64 128.243302  72.153270 23.464
 58     0.552 54241.48366012 33.64 128.237852  72.156170 23.464
 58     0.530 54241.48366077 33.54 128.232402  72.159070 23.464
 59     1.722 54276.48367265 10.25 128.256561  72.146098 16.648
 59     1.904 54276.48367329 10.03 128.251121  72.149008 16.648
 59     1.729 54276.48367394 10.15 128.245671  72.151908 16.648
 59     1.725 54276.48367458 10.47 128.240221  72.154808 16.648
 59     1.606 54276.48367523 10.60 128.234773  72.157711  2.244
 59     1.722 54276.48367587 10.54 128.229323  72.160611  2.244
 61    -2.829 54346.48364641 25.15 128.278097  72.144685  6.303
 61    -2.464 54346.48364706 27.25 128.272657  72.147585  6.303
 61    -1.742 54346.48364770 29.54 128.267207  72.150485  6.303
 61    -1.194 54346.48364835 29.23 128.261767  72.153395  6.303
 61    -0.614 54346.48364899 31.31 128.256327  72.156295  6.303
 61    -0.080 54346.48364964 31.72 128.250877  72.159195  6.303
 61     0.251 54346.48365028 33.55 128.245432  72.162093 22.356
 61     0.461 54346.48365093 35.51 128.239972  72.165003 22.356
 62    -0.029 54381.48361027 28.56 128.249379  72.144421  9.607
 62    -0.196 54381.48361092 28.47 128.243939  72.147321  9.607
 62     0.003 54381.48361156 30.59 128.238489  72.150221  9.607
 62     0.391 54381.48361221 30.60 128.233039  72.153121  9.607
 62     0.638 54381.48361285 39.60 128.227589  72.156021  9.607
 63     0.176 54416.48359563 23.29 128.268006  72.144946  4.693
 63     0.194 54416.48359627 23.32 128.262566  72.147846  4.693
 63     0.069 54416.48359692 23.38 128.257126  72.150746  4.693
 63     0.069 54416.48359756 23.64 128.251676  72.153646  4.693
 63     0.248 54416.48359821 23.35 128.246226  72.156556  4.693
 63     0.412 54416.48359885 22.68 128.240786  72.159456  4.693
 63     0.583 54416.48359950 22.54 128.235331  72.162357  4.531
 64     0.378 54451.48357925 19.18 128.242844  72.144508  3.424
 64     0.172 54451.48357990 19.38 128.237394  72.147408  3.424
 64    -0.028 54451.48358054 20.46 128.231944  72.150308  3.424
 64     0.311 54451.48358119 20.89 128.226504  72.153208  3.424
 65     0.569 54486.48359223 19.84 128.261984  72.144696  4.006
 65     0.251 54486.48359287 21.07 128.256534  72.147596  4.006
 65     0.048 54486.48359352 21.82 128.251094  72.150496  4.006
 65     0.121 54486.48359416 21.91 128.245644  72.153396  4.006
 65     0.212 54486.48359481 22.55 128.240194  72.156296  4.006
 65     0.491 54486.48359545 22.55 128.234744  72.159196  4.006
 66     0.583 54521.48359232 19.78 128.251777  72.144598  5.476
 66     0.229 54521.48359296 20.85 128.246327  72.147498  5.476
 66     0.135 54521.48359361 21.02 128.240887  72.150398  5.476
 66     0.168 54521.48359425 21.94 128.235437  72.153298  5.476
 66     0.421 54521.48359490 22.24 128.229987  72.156198  5.476
 67     0.483 54556.48360287 18.21 128.269643  72.145962 14.908
 67     0.293 54556.48360351 18.31 128.264193  72.148862 14.908
 67     0.144 54556.48360416 19.20 128.258753  72.151762 14.908
 67     0.239 54556.48360480 18.76 128.253313  72.154662 14.908
 67     0.364 54556.48360544 18.37 128.247864  72.157561  3.544
 67     0.569 54556.48360609 17.96 128.242414  72.160461  3.544
 67     0.739 54556.48360673 17.71 128.236964  72.163371  3.544
 68     0.262 54591.48358873 16.47 128.251701  72.146207  4.401
 68    -0.110 54591.48358937 18.40 128.246256  72.149106  3.989
 68    -0.010 54591.48359002 18.20 128.240816  72.152006  3.989
 68     0.311 54591.48359066 17.13 128.235366  72.154916  3.989
 68     0.511 54591.48359131 16.55 128.229916  72.157816  3.989
 69     3.704 54626.48360443 16.32 128.259232  72.146785  5.267
 69     3.651 54626.48360508 16.35 128.253792  72.149685  5.267
 69     3.641 54626.48360572 16.95 128.248348  72.152584  3.024
 69     3.721 54626.48360636 16.76 128.242898  72.155484  3.024
 69     3.681 54626.48360701 17.54 128.237448  72.158394  3.024
 69     3.730 54626.48360765 17.35 128.231998  72.161294  3.024
 70    -0.107 54661.48361243 18.32 128.252456  72.146191 10.621
 70    -2.832 54661.48361307 20.25 128.247006  72.149091 10.621
 70    -2.108 54661.48361371 21.85 128.241566  72.152001 10.621
 70    -1.240 54661.48361436 24.26 128.236116  72.154901 10.621
 70    -0.694 54661.48361500 24.30 128.230664  72.157801 27.027
 71     0.658 54696.48358801 22.06 128.274574  72.143542 10.917
 71     0.497 54696.48358865 21.78 128.269134  72.146442 10.917
 71    -0.063 54696.48358930 23.47 128.263684  72.149342 10.917
 71    -1.704 54696.48358994 24.81 128.258244  72.152252 10.917
 71    -0.932 54696.48359059 26.12 128.252794  72.155152 10.917
 71    -0.221 54696.48359123 25.83 128.247354  72.158052 10.917
 71     0.089 54696.48359188 27.61 128.241902  72.160947 32.463
 71     0.617 54696.48359252 28.51 128.236452  72.163857 32.463
 72    14.588 54731.48356858  9.46 128.245092  72.146100 11.773
 72    12.098 54731.48356922 10.16 128.239645  72.149004  2.879
 72    15.266 54731.48356987 10.22 128.234195  72.151904  2.879
 72     3.054 54731.48357051 10.37 128.228745  72.154804  2.879
 73     0.899 54766.48356726 30.86 128.261271  72.144412  9.629
 73     0.865 54766.48356791 32.56 128.255831  72.147312  9.629
 73     0.776 54766.48356855 33.56 128.250381  72.150212  9.629
 73     0.752 54766.48356920 34.83 128.244941  72.153112  9.629
 73     0.794 54766.48356984 36.76 128.239491  72.156012  9.629
 73     0.731 54766.48357049 36.09 128.234040  72.158920  8.616
 74     0.499 54801.48356176 23.97 128.247359  72.142818  3.599
 74     0.151 54801.48356241 24.73 128.241909  72.145718  3.599
 74     0.004 54801.48356305 25.33 128.236461  72.148619  6.097
 74     0.210 54801.48356370 25.11 128.231011  72.151519  6.097
 74     0.525 54801.48356434 25.49 128.225561  72.154419  6.097
 75     0.541 54836.48355938 24.12 128.262411  72.144027  3.641
 75     0.345 54836.48356003 24.41 128.256971  72.146937  3.641
 75     0.246 54836.48356067 25.29 128.251521  72.149837  3.641
 75     0.273 54836.48356132 25.47 128.246081  72.152737  3.641
 75     0.453 54836.48356196 26.56 128.240636  72.155642  7.175
 75     0.567 54836.48356261 27.25 128.235186  72.158542  7.175
 75     0.639 54836.48356325 27.94 128.229726  72.161442  7.175
 76     0.343 54871.48356050 21.02 128.244560  72.145531  6.052
 76     0.121 54871.48356115 21.87 128.239120  72.148431  6.052
 76     0.213 54871.48356179 23.07 128.233670  72.151331  6.052
 76     0.436 54871.48356244 22.59 128.228220  72.154231  6.052
 77     0.474 54906.48356687 21.07 128.276419  72.143554  3.687
 77     0.291 54906.48356751 21.46 128.270979  72.146454  3.687
 77     0.297 54906.48356816 21.89 128.265539  72.149364  3.687
 77     0.280 54906.48356880 22.85 128.260089  72.152264  3.687
 77     0.390 54906.48356945 23.53 128.254649  72.155164  3.687
 77     0.436 54906.48357009 23.93 128.249200  72.158062  6.418
 77     0.524 54906.48357074 24.10 128.243760  72.160972  6.418
 77     0.600 54906.48357138 24.72 128.238310  72.163872  6.418
 78     0.254 54941.48355320 19.35 128.245386  72.146023  5.406
 78     0.231 54941.48355384 18.69 128.239946  72.148933  5.406
 78     0.323 54941.48355448 19.37 128.234496  72.151833  5.406
 78     0.378 54941.48355513 19.78 128.229046  72.154733  5.406
 79     1.567 54976.48358113 31.19 128.256100  72.145103 18.593
 79     1.560 54976.48358178 30.99 128.250660  72.148003 18.593
 79     1.479 54976.48358242 34.05 128.245215  72.150901 35.756
 79     1.597 54976.48358307 37.36 128.239765  72.153811 35.756
 79     1.604 54976.48358371 37.48 128.234315  72.156711 35.756
 79     1.566 54976.48358436 39.12 128.228865  72.159611 35.756
 80     1.576 55011.48359014 10.77 128.263113  72.144706 12.126
 80     1.346 55011.48359078 11.07 128.257673  72.147616 12.126
 80     1.334 55011.48359142 10.80 128.252223  72.150516 12.126
 80     1.376 55011.48359207 10.75 128.246783  72.153416 12.126
 80     1.241 55011.48359271 10.97 128.241339  72.156311  1.778
 80     1.232 55011.48359336 10.83 128.235889  72.159221  1.778
 80     1.332 55011.48359400 10.66 128.230429  72.162121  1.778
 81    -0.790 55046.48358196 23.15 128.257768  72.144689 13.405
 81    -3.055 55046.48358261 24.86 128.252328  72.147589 13.405
 81    -1.890 55046.48358325 26.93 128.246878  72.150489 13.405
 81    -1.332 55046.48358390 29.44 128.241435  72.153393 31.805
 81    -0.516 55046.48358454 31.73 128.235985  72.156293 31.805
 81     0.117 55046.48358519 32.99 128.230535  72.159193 31.805
 82     0.378 55081.48355449 25.87 128.276045  72.145289  6.833
 82     0.217 55081.48355514 25.45 128.270605  72.148189  6.833
 82    -0.387 55081.48355578 26.14 128.265155  72.151099  6.833
 82    -1.480 55081.48355643 29.04 128.259715  72.153999  6.833
 82    -0.749 55081.48355707 31.63 128.254265  72.156899  6.833
 82    -0.097 55081.48355772 33.91 128.248825  72.159799  6.833
 82     0.333 55081.48355836 35.83 128.243371  72.162697 19.425
 82     0.609 55081.48355901 39.85 128.237921  72.165597 19.425
 83     0.395 55116.48351384 26.60 128.251804  72.143748 11.300
 83    -0.096 55116.48351449 27.27 128.246354  72.146648 11.300
 83    -0.057 55116.48351513 29.21 128.240914  72.149558 11.300
 83     0.201 55116.48351578 30.77 128.235467  72.152458 19.134
 83     0.576 55116.48351642 35.43 128.230017  72.155358 19.134
 84     0.640 55151.48351215 21.38 128.262065  72.144622  5.085
 84     0.368 55151.48351280 21.54 128.256625  72.147532  5.085
 84     0.081 55151.48351344 22.72 128.251185  72.150432  5.085
 84     0.162 55151.48351409 23.45 128.245735  72.153332  5.085
 84     0.453 55151.48351473 22.25 128.240292  72.156235  5.037
 84     0.536 55151.48351538 22.46 128.234842  72.159135  5.037
 85     0.420 55186.48350016 19.78 128.246064  72.144230  3.721
 85     0.109 55186.48350080 20.46 128.240614  72.147134  5.484
 85     0.118 55186.48350145 21.19 128.235174  72.150034  5.484
 85     0.276 55186.48350209 21.54 128.229724  72.152934  5.484
 85     0.512 55186.48350274 22.01 128.224274  72.155834  5.484
 86     0.707 55221.48351038 20.53 128.264833  72.144185  4.099
 86     0.454 55221.48351103 20.71 128.259393  72.147095  4.099
 86     0.275 55221.48351167 21.98 128.253953  72.149995  4.099
 86     0.266 55221.48351232 22.23 128.248503  72.152895  4.099
 86     0.323 55221.48351296 22.92 128.243059  72.155800  5.461
 86     0.440 55221.48351361 22.95 128.237609  72.158700  5.461
 86     0.671 55221.48351425 23.11 128.232159  72.161600  5.461
 87     0.480 55256.48349609 18.56 128.251948  72.145044  3.681
 87     0.179 55256.48349673 19.71 128.246501  72.147948  4.732
 87     0.159 55256.48349738 19.91 128.241051  72.150848  4.732
 87     0.306 55256.48349802 19.92 128.235601  72.153748  4.732
 87     0.604 55256.48349867 19.53 128.230151  72.156648  4.732
 88     0.646 55291.48349891 20.29 128.274709  72.144951  4.220
 88     0.428 55291.48349956 21.05 128.269269  72.147861  4.220
 88     0.391 55291.48350020 21.47 128.263829  72.150761  4.220
 88     0.414 55291.48350084 21.56 128.258389  72.153661  4.220
 88     0.475 55291.48350149 22.86 128.252939  72.156561  4.220
 88     0.497 55291.48350213 23.41 128.247490  72.159460  5.035
 88     0.633 55291.48350278 22.87 128.242040  72.162370  5.035
 88     0.646 55291.48350342 23.37 128.236590  72.165270  5.035
 89     0.719 55326.48348074 31.61 128.257417  72.144124 18.920
 89     0.313 55326.48348139 32.40 128.251967  72.147024 18.920
 89     0.174 55326.48348203 32.72 128.246527  72.149924 18.920
 89     0.477 55326.48348268 31.01 128.241081  72.152821 11.866
 89     0.618 55326.48348332 28.69 128.235631  72.155731 11.866
 89     0.659 55326.48348397 27.53 128.230181  72.158631 11.866
 90    14.774 55361.48347704 11.50 128.266546  72.144458 14.692
 90     8.224 55361.48347768 11.78 128.261096  72.147358 14.692
 90     4.882 55361.48347833 11.18 128.255656  72.150258 14.692
 90     3.186 55361.48347897 11.05 128.250206  72.153158 14.692
 90     2.773 55361.48347962 10.91 128.244764  72.156055  2.628
 90     1.338 55361.48348026 11.14 128.239314  72.158965  2.628
 90     1.774 55361.48348091 11.07 128.233864  72.161865  2.628
 91    -0.622 55396.48348457 17.66 128.246120  72.146011 10.347
 91    -1.561 55396.48348522 19.37 128.240670  72.148915 18.246
 91    -1.686 55396.48348586 21.87 128.235220  72.151815 18.246
 91    -0.861 55396.48348651 23.42 128.229770  72.154715 18.246
 91    -0.167 55396.48348715 25.46 128.224320  72.157615 18.246
 92     0.523 55431.48349250 23.40 128.260337  72.144773 12.036
 92    -0.031 55431.48349314 22.69 128.254887  72.147683 12.036
 92    -0.689 55431.48349379 25.02 128.249447  72.150583 12.036
 92    -0.688 55431.48349443 29.10 128.243997  72.153483 12.036
 92     0.000 55431.48349508 31.69 128.238544  72.156386 27.019
 92     0.489 55431.48349572 37.08 128.233094  72.159286 27.019
 93     0.196 55466.48345265 33.24 128.277511  72.147246 10.887
 93     0.265 55466.48345329 32.15 128.272071  72.150146 10.887
 93     0.296 55466.48345394 32.20 128.266631  72.153046 10.887
 93     0.421 55466.48345458 34.35 128.261181  72.155956 10.887
 93     0.304 55466.48345523 41.05 128.255741  72.158856 10.887
 93     0.422 55466.48345587 39.75 128.250291  72.161756 10.887
 93     0.299 55466.48345652 40.96 128.244839  72.164652 19.954
