# NaN NaN NaN ;Mean Elev.(m), Avg Gradient(m/km), RMS Gradient(m/km) - SRTM1     
#    4.267  -6.431  11.595 ;Mean Elev.(m), Avg Gradient(m/km), RMS Gradient(m/km) - ASTER GDEM
#   16.996  -5.508  11.676 ;Mean Elev.(m), Avg Gradient(m/km), RMS Gradient(m/km) - GMTED2010 
  8 125.054565  69.722411    22.311    19.638 14 52506.50305378 19.296
  9 125.058111  69.707885    21.596    21.216 16 52541.50303340 17.733
 10 125.078764  69.697175    14.294    13.437  8 52576.50307943 28.078
 11 125.059878  69.719621    18.496    18.055 15 52611.50304648 15.536
 12 125.059589  69.710940    20.585    19.903 17 52646.50303146 12.021
 13 125.053091  69.731563    18.424    18.140 10 52681.50300655 10.564
 15 125.053498  69.720635    20.343    19.864 14 52751.50308655  8.085
 16 125.048551  69.706653    16.580    18.847 13 52786.50302845 20.967
 17 125.045289  69.713695    46.610    36.803 12 52821.50310321 10.581
 18 125.065146  69.706450    15.380    15.315  7 52856.50314882 48.410
 19 125.053932  69.715538    52.118    49.373 14 52891.50318317 15.402
 20 125.066923  69.721253    13.167    13.350  4 52926.50313619 35.176
 21 125.057133  69.711416    15.230    16.297 11 52961.50310282 18.385
 22 125.054497  69.715423    17.640    15.558 16 52996.50314388 11.711
 23 125.053133  69.730676    14.871    15.165 10 53031.50310752 11.393
 24 125.056928  69.716067    19.436    17.938 16 53066.50311331  8.952
 25 125.053080  69.729684    17.883    17.785 10 53101.50311399  8.540
 26 125.041656  69.726119    21.128    16.842 10 53136.50311747  7.990
 27 125.046051  69.719235    48.848    38.843 10 53171.50316697 13.380
 30 125.056361  69.702371    21.076    21.303 12 53276.50311560 36.524
 34 125.061392  69.719544    19.537    19.720 16 53416.50310253  9.303
 35 125.040742  69.712567    18.790    17.959 12 53451.50309983  7.773
 36 125.039721  69.720277    22.317    19.111 10 53486.50318654  6.607
 37 125.053170  69.722345    38.146    35.392 13 53521.50317928 36.782
 38 125.081647  69.696553    17.234    17.197  7 53556.50319827 39.713
 39 125.052669  69.734311    19.101    19.038  7 53591.50314415 12.583
 40 125.045809  69.704684    38.453    38.925 10 53626.50312680 41.971
 41 125.081751  69.693554    12.447    12.994  5 53661.50314948 43.894
 42 125.065264  69.717850    14.736    14.434  8 53696.50312278 19.360
 44 125.056359  69.716111    16.529    16.684 16 53766.50301769 11.558
 45 125.051032  69.733706    14.311    14.621 10 53801.50302274 10.122
 46 125.040379  69.715659    17.088    16.957 11 53836.50302774  7.948
 47 125.061157  69.710345    17.372    17.292 16 53871.50308170 12.080
 48 125.047299  69.718403    45.395    35.424 12 53906.50312240 12.154
 49 125.062287  69.706394    30.442    31.592 15 53941.50314848 41.635
 50 125.050966  69.729624    19.170    19.505 11 53976.50310797 15.147
 51 125.036394  69.717662    20.603    20.712  9 54011.50310894 13.509
 52 125.082530  69.700910    12.408    12.354  5 54046.50311820 25.506
 53 125.083456  69.704831    15.955    21.017  5 54081.50311181 22.305
 54 125.055678  69.733436    15.248    13.978  9 54116.50305045 16.573
 55 125.053434  69.718072    18.137    17.639 14 54151.50306568 12.426
 56 125.052883  69.733233    18.128    18.126 10 54186.50304290 10.644
 57 125.050646  69.715224    45.419    42.998 15 54221.50307492  3.897
 58 125.060294  69.715195    48.647    48.170 15 54256.50309760 17.640
 59 125.048084  69.724840    28.918    26.959 12 54291.50310139 14.043
 60 125.060780  69.719114    42.518    41.707 15 54326.50309725 26.206
 61 125.056168  69.732904    24.752    26.489  9 54361.50305093 15.396
 62 125.065837  69.709460    20.057    19.810 11 54396.50303528 38.690
 63 125.052583  69.731072    16.239    17.128 10 54431.50300058 12.173
 64 125.054427  69.714265    20.555    17.945 15 54466.50301737  9.710
 65 125.050959  69.728900    18.870    18.982 11 54501.50301392  7.898
 66 125.047961  69.725769    18.624    18.438 11 54536.50303471  8.053
 67 125.052215  69.732513    20.230    20.279 10 54571.50301672  5.780
 68 125.060902  69.713354    15.552    17.080 13 54606.50302604 19.930
 69 125.056114  69.720744    46.745    41.252 15 54641.50303660 12.423
 70 125.051089  69.721079    33.030    28.044 13 54676.50303892 15.999
 71 125.054784  69.731803    20.094    18.548  9 54711.50299577 15.138
 72 125.077230  69.700004    18.721    19.137  8 54746.50300249 23.255
 73 125.078551  69.707246    13.152    13.169  7 54781.50297606 22.814
 74 125.062785  69.709233    15.025    16.610 11 54816.50299754 18.566
 75 125.057319  69.723788    13.126    13.167  8 54851.50297759 15.749
 76 125.055856  69.715840    14.309    12.109 14 54886.50300293 13.556
 77 125.052398  69.734334    16.916    17.550 10 54921.50298053 10.045
 78 125.064217  69.707070    15.524    15.558 11 54956.50299730 20.524
 79 125.062732  69.711364    53.387    57.136 15 54991.50302118 16.839
 80 125.071805  69.711994    19.556    19.531 10 55026.50301182 14.461
 81 125.048406  69.725209    21.087    21.977 11 55061.50300811 41.459
 82 125.064062  69.727010    16.055    16.056  6 55096.50295735 17.752
 83 125.082363  69.697080    13.416    13.509  5 55131.50294488 41.535
 84 125.052746  69.726817    13.879    13.854 12 55166.50291973 18.152
 85 125.056258  69.714468    12.947    12.863 17 55201.50294085 15.273
 86 125.053671  69.728448    13.266    13.153  9 55236.50292650 13.877
 87 125.059235  69.716789    14.555    15.431 16 55271.50293546 11.491
 88 125.057036  69.731477    11.571    11.194  9 55306.50290884 10.921
 89 125.058877  69.716681    44.562    43.185 15 55341.50290590 37.623
 90 125.056658  69.723358    36.322    35.743 13 55376.50290022 15.430
 91 125.066440  69.708213    21.366    20.862 10 55411.50292041 45.669
 92 125.058845  69.719902    30.236    26.865 16 55446.50291487 19.365
