# NaN NaN NaN ;Mean Elev.(m), Avg Gradient(m/km), RMS Gradient(m/km) - SRTM1     
#  136.065 -11.387  33.914 ;Mean Elev.(m), Avg Gradient(m/km), RMS Gradient(m/km) - ASTER GDEM
#  149.984 -10.242  35.083 ;Mean Elev.(m), Avg Gradient(m/km), RMS Gradient(m/km) - GMTED2010 
  8 115.505923  60.743678   156.975   156.975  2 52488.13886943 10.203
  9 115.497786  60.743034   158.631   158.631  2 52523.13884296  8.975
 10 115.507622  60.743525   153.300   153.096  3 52558.13889301 42.905
 11 115.500218  60.744210   152.917   152.917  2 52593.13889200 15.085
 12 115.523617  60.742903   154.564   154.564  2 52628.13881390 10.742
 13 115.503784  60.742966   154.793   153.781  3 52663.13885443  7.954
 14 115.523055  60.742619   155.201   156.264  3 52698.13882968  8.803
 16 115.492073  60.743664   152.198   152.140  3 52768.13885847 32.195
 17 115.519283  60.743668   155.767   155.684  3 52803.13887546 48.074
 18 115.515402  60.742309   154.324   154.324  2 52838.13893977 12.932
 19 115.512552  60.744385   155.937   155.937  2 52873.13897950 41.319
 20 115.506172  60.743578   153.311   153.311  2 52908.13896392 36.014
 21 115.526784  60.742625   152.096   152.084  3 52943.13888900 44.755
 23 115.499608  60.743232   152.568   152.568  2 53013.13894929  8.610
 24 115.514149  60.742405   154.586   154.586  2 53048.13891827  9.300
 25 115.496112  60.743431   151.880   151.824  3 53083.13895391  7.697
 26 115.509689  60.742594   152.151   152.151  2 53118.13892388  8.947
 27 115.503889  60.743244   158.429   158.386  3 53153.13897405 34.767
 28 115.516164  60.743814   160.404   160.404  2 53188.13896170 14.412
 29 115.504854  60.743559   155.571   155.571  2 53223.13898071 31.040
 30 115.493678  60.744377   158.766   158.766  2 53258.13895651 11.415
 31 115.506544  60.742447   158.386   158.386  2 53293.13897733 10.439
 32 115.507858  60.744049   153.730   153.730  2 53328.13895080 28.006
 33 115.503722  60.744036   154.011   154.060  3 53363.13890463  8.063
 35 115.502204  60.743598   154.617   153.371  3 53433.13891803  6.811
 36 115.514719  60.743540   156.767   157.867  3 53468.13895602  6.678
 38 115.505011  60.743957   158.603   158.603  2 53538.13899981 49.650
 39 115.498466  60.743224   156.566   156.574  3 53573.13900154 36.777
 40 115.494873  60.744309   159.846   159.186  3 53608.13895076  8.763
 41 115.515174  60.743000   152.624   152.624  2 53643.13895190 13.732
 42 115.500305  60.743395   152.288   152.288  2 53678.13897081 45.786
 43 115.502117  60.744319   152.230   152.209  3 53713.13889924 12.417
 44 115.524526  60.743177   157.752   157.752  2 53748.13881222  8.546
 45 115.508653  60.743080   151.858   151.858  2 53783.13884350  7.704
 46 115.495912  60.744088   151.623   151.671  3 53818.13880722  6.439
 47 115.509721  60.743571   151.715   151.715  2 53853.13888291 22.993
 48 115.516759  60.743720   160.222   160.222  2 53888.13888980 45.521
 49 115.498642  60.743039   159.914   159.588  3 53923.13895976 10.302
 50 115.495955  60.744338   153.600   153.600  2 53958.13895268 11.900
 51 115.526493  60.743506   154.399   154.399  2 53993.13887898 52.694
 52 115.517737  60.743836   152.625   152.689  3 54028.13894059 44.122
 53 115.508387  60.742135   153.323   153.323  2 54063.13893501 20.467
 54 115.498396  60.744685   153.462   153.462  2 54098.13890351 12.245
 55 115.516598  60.742413   155.817   155.817  2 54133.13885764  7.086
 56 115.499812  60.744186   155.691   155.691  2 54168.13887740  6.640
 59 115.506243  60.742670   159.056   159.056  2 54273.13891517 37.670
 60 115.508742  60.743084   155.164   155.083  3 54308.13891711 13.118
 61 115.499967  60.743130   159.268   159.268  2 54343.13889605  8.260
 62 115.511816  60.742526   158.131   158.131  2 54378.13885254 10.965
 63 115.504735  60.743702   152.017   152.047  3 54413.13884350 41.138
 65 115.508651  60.742328   152.479   152.479  2 54483.13883690 11.642
 66 115.515478  60.742978   153.545   151.887  3 54518.13883224 10.090
 67 115.499867  60.743168   152.044   151.963  3 54553.13884912  8.173
 68 115.509710  60.742190   156.269   156.269  2 54588.13882807 12.691
 69 115.505382  60.743176   159.564   159.564  2 54623.13884607 22.432
 70 115.505598  60.743892   157.119   157.119  2 54658.13885506 11.578
 71 115.503642  60.744081   156.745   156.745  2 54693.13883687 42.921
 72 115.513719  60.742670   158.023   158.023  2 54728.13880848 11.113
 73 115.506724  60.744474   152.955   152.955  2 54763.13881453 51.615
 74 115.516086  60.743104   153.310   153.291  3 54798.13880171 19.066
 76 115.517239  60.743688   152.789   152.690  3 54868.13879772  9.453
 77 115.498264  60.743739   155.867   155.867  2 54903.13881486  7.050
 78 115.512428  60.743282   163.297   162.566  3 54938.13878822  3.769
 79 115.509147  60.743222   166.493   166.493  2 54973.13882022 15.070
 80 115.503218  60.743315   162.343   161.838  3 55008.13883626 40.812
 81 115.508808  60.744221   155.639   155.639  2 55043.13882509 42.822
 82 115.501163  60.744075   155.082   155.082  2 55078.13880361 21.170
 83 115.511937  60.743262   154.631   154.566  3 55113.13875778 49.075
 84 115.505238  60.744014   152.478   152.429  3 55148.13875875 20.384
 85 115.516697  60.744246   154.137   154.137  2 55183.13873869 10.550
 87 115.515120  60.742888   153.628   153.628  2 55253.13873524  9.990
 88 115.498595  60.744021   153.940   153.940  2 55288.13874659  8.471
 89 115.505487  60.743986   157.937   157.937  2 55323.13872301 18.991
 90 115.504372  60.743220   165.862   164.605  3 55358.13872225 17.485
 91 115.510725  60.742340   162.506   162.506  2 55393.13872518 13.610
 92 115.508635  60.743398   153.414   153.375  3 55428.13873801 42.142
 93 115.501071  60.744367   160.630   160.859  3 55463.13870207  8.062
