# NaN NaN NaN ;Mean Elev.(m), Avg Gradient(m/km), RMS Gradient(m/km) - SRTM1     
#  120.079   7.207  33.891 ;Mean Elev.(m), Avg Gradient(m/km), RMS Gradient(m/km) - ASTER GDEM
#  124.000   4.013  31.705 ;Mean Elev.(m), Avg Gradient(m/km), RMS Gradient(m/km) - GMTED2010 
  8   123.768 52482.53905888 49.89 120.704497  60.404146 18.610
  8   123.523 52482.53905952 49.58 120.702257  60.407316 18.610
  8   123.563 52482.53906017 48.18 120.700007  60.410476 18.610
  8   123.387 52482.53906081 48.70 120.697767  60.413646 18.610
  8   123.269 52482.53906145 51.94 120.695517  60.416816 18.610
  9   122.610 52517.53901597 21.45 120.710552  60.412304  3.144
  9   122.567 52517.53901662 20.88 120.708302  60.415464  3.144
  9   122.510 52517.53901726 20.64 120.706062  60.418634  3.144
  9   122.417 52517.53901791 20.49 120.703822  60.421794  3.144
 10   123.637 52552.53906252 52.73 120.695910  60.395505 19.144
 10   123.523 52552.53906316 49.30 120.693670  60.398665 19.144
 10   123.401 52552.53906381 48.83 120.691420  60.401835 19.144
 10   123.450 52552.53906445 47.71 120.689180  60.405005 19.144
 10   123.224 52552.53906510 51.49 120.686930  60.408165 19.144
 11   120.907 52587.53904242 48.13 120.708869  60.408055 20.759
 11   120.966 52587.53904306 46.76 120.706629  60.411225 20.759
 11   120.799 52587.53904371 45.18 120.704379  60.414395 20.759
 11   120.794 52587.53904435 47.51 120.702139  60.417555 20.759
 11   120.654 52587.53904500 39.69 120.699899  60.420725 20.759
 12   121.619 52622.53900535 24.81 120.710017  60.409453  8.674
 12   121.621 52622.53900599 25.90 120.707777  60.412623  8.674
 12   121.607 52622.53900664 27.90 120.705527  60.415783  8.674
 12   121.520 52622.53900728 26.60 120.703287  60.418953  8.674
 13   120.858 52657.53901474 21.63 120.705959  60.404407  6.994
 13   120.806 52657.53901539 21.82 120.703709  60.407577  6.994
 13   120.772 52657.53901603 21.19 120.701469  60.410737  6.994
 13   120.607 52657.53901668 21.68 120.699219  60.413907  6.994
 13   120.544 52657.53901732 20.04 120.696979  60.417067  6.994
 15   120.332 52727.53903921 20.13 120.706123  60.405018  5.132
 15   120.316 52727.53903986 21.36 120.703883  60.408178  5.132
 15   120.236 52727.53904050 20.94 120.701633  60.411348  5.132
 15   120.205 52727.53904115 19.93 120.699393  60.414508  5.132
 15   120.192 52727.53904179 19.26 120.697143  60.417678  5.132
 17   128.369 52797.53901767 27.36 120.703686  60.401256  5.298
 17   128.523 52797.53901832 27.83 120.701446  60.404416  5.298
 17   128.489 52797.53901896 28.71 120.699196  60.407586  5.298
 17   128.396 52797.53901961 28.68 120.696956  60.410756  5.298
 17   128.413 52797.53902025 27.74 120.694706  60.413916  5.298
 18   124.901 52832.53908933 18.76 120.702198  60.402167  4.056
 18   124.828 52832.53908998 19.64 120.699958  60.405337  4.056
 18   124.786 52832.53909062 19.61 120.697708  60.408497  4.056
 18   124.543 52832.53909127 20.27 120.695458  60.411667  4.056
 18   124.318 52832.53909191 20.31 120.693218  60.414827  4.056
 19   124.436 52867.53913327 43.88 120.706283  60.408966 13.573
 19   124.286 52867.53913392 40.27 120.704043  60.412136 13.573
 19   124.194 52867.53913456 43.09 120.701793  60.415306 13.573
 19   124.208 52867.53913521 40.46 120.699553  60.418466 13.573
 20   123.386 52902.53915204 49.54 120.706854  60.405851 14.441
 20   123.323 52902.53915269 53.01 120.704604  60.409011 14.441
 20   123.175 52902.53915333 49.69 120.702364  60.412181 14.441
 20   123.039 52902.53915398 48.85 120.700124  60.415351 14.441
 20   123.017 52902.53915462 51.61 120.697871  60.418514  9.754
 21   121.830 52937.53909200 50.21 120.710309  60.413022 18.211
 21   121.659 52937.53909264 48.57 120.708059  60.416182 18.211
 21   121.619 52937.53909328 48.74 120.705819  60.419352 18.211
 21   121.455 52937.53909393 49.79 120.703579  60.422522 18.211
 22   122.065 52972.53912120 20.97 120.699959  60.402138  9.406
 22   121.969 52972.53912185 22.79 120.697719  60.405298  9.406
 22   122.030 52972.53912249 23.95 120.695479  60.408468  9.406
 22   122.086 52972.53912314 27.06 120.693229  60.411628  9.406
 23   121.116 53007.53913173 18.04 120.701207  60.403430  7.561
 23   121.207 53007.53913238 19.28 120.698957  60.406600  7.561
 23   121.275 53007.53913302 19.33 120.696717  60.409770  7.561
 23   121.442 53007.53913366 19.91 120.694472  60.412932  6.293
 24   122.616 53042.53908588 12.57 120.697340  60.396243  6.618
 24   122.632 53042.53908652 11.42 120.695100  60.399403  6.618
 24   122.665 53042.53908717 12.14 120.692850  60.402574  7.387
 24   122.896 53042.53908781 13.67 120.690610  60.405734  7.387
 24   123.259 53042.53908846 11.82 120.688360  60.408904  7.387
 25   120.401 53077.53912017 11.79 120.704219  60.404308  4.782
 25   120.545 53077.53912081 13.05 120.701969  60.407468  4.782
 25   120.538 53077.53912146 12.87 120.699729  60.410638  4.782
 25   120.555 53077.53912210 13.05 120.697489  60.413798  4.782
 26   141.791 53112.53909096  2.05 120.688990  60.403864  3.010
 26   140.233 53112.53909160  4.69 120.686750  60.407024  3.010
 27   129.121 53147.53913413 53.41 120.701711  60.400404 29.420
 27   129.026 53147.53913478 43.59 120.699471  60.403574 29.420
 27   128.850 53147.53913542 42.31 120.697221  60.406734 29.420
 27   128.884 53147.53913607 43.99 120.694981  60.409904 29.420
 27   128.794 53147.53913671 50.47 120.692741  60.413074 29.420
 28   129.355 53182.53913692 30.12 120.707926  60.406853  6.032
 28   129.204 53182.53913757 29.75 120.705686  60.410023  6.032
 28   129.023 53182.53913821 28.49 120.703436  60.413193  6.032
 28   128.820 53182.53913886 27.93 120.701197  60.416355  6.808
 28   128.823 53182.53913950 26.21 120.698947  60.419515  6.808
 29   127.172 53217.53916055 35.17 120.704127  60.405573  7.528
 29   127.191 53217.53916119 37.82 120.701887  60.408743  7.528
 29   127.146 53217.53916184 37.10 120.699644  60.411906 11.859
 29   127.214 53217.53916248 38.33 120.697394  60.415066 11.859
 30   125.495 53252.53913925 33.75 120.707570  60.410026  8.484
 30   125.429 53252.53913989 34.44 120.705330  60.413186  8.484
 30   125.371 53252.53914054 33.54 120.703090  60.416356  8.484
 30   125.232 53252.53914118 33.14 120.700840  60.419516  8.484
 31   123.817 53287.53913537 53.70 120.694942  60.394809 22.994
 31   123.809 53287.53913601 52.13 120.692692  60.397979 22.994
 31   123.742 53287.53913666 53.21 120.690452  60.401139 22.994
 31   123.772 53287.53913730 51.70 120.688202  60.404309 22.994
 31   123.576 53287.53913795 53.49 120.685962  60.407479 22.994
 32   122.878 53322.53911337 26.29 120.709364  60.407996 15.363
 32   122.857 53322.53911401 27.92 120.707124  60.411156 15.363
 32   122.661 53322.53911466 34.58 120.704874  60.414326 15.363
 32   122.911 53322.53911530 33.06 120.702634  60.417496 15.363
 32   122.705 53322.53911595 27.42 120.700384  60.420656 15.363
 33   123.115 53357.53908038 14.79 120.712030  60.414215  7.013
 33   139.105 53357.53908102 14.66 120.709780  60.417375  7.013
 33   139.810 53357.53908167 15.29 120.707540  60.420545  7.013
 33   123.069 53357.53908231 15.46 120.705290  60.423715  7.013
 34   124.926 53392.53909260  8.67 120.698851  60.397665  8.068
 34   124.753 53392.53909324  8.75 120.696601  60.400835  8.068
 34   124.441 53392.53909389  9.82 120.694361  60.403995  8.068
 34   124.442 53392.53909453 10.16 120.692111  60.407165  8.068
 34   123.879 53392.53909518 10.08 120.689871  60.410335  8.068
 35   121.428 53427.53908966 10.87 120.710567  60.410459  5.370
 35   121.528 53427.53909031 10.73 120.708327  60.413629  5.370
 35   139.607 53427.53909160 10.69 120.703837  60.419959  5.370
 38   129.203 53532.53916039 29.53 120.708642  60.408937  7.562
 38   129.152 53532.53916104 29.39 120.706402  60.412107  7.562
 38   129.049 53532.53916168 29.92 120.704152  60.415267  7.562
 38   129.086 53532.53916232 29.34 120.701912  60.418437  7.562
 39   127.272 53567.53917985 22.06 120.704195  60.402223  9.169
 39   127.538 53567.53918049 22.20 120.701955  60.405393  9.169
 39   127.559 53567.53918114 21.88 120.699705  60.408553  9.169
 39   127.621 53567.53918178 22.36 120.697465  60.411723  9.169
 39   127.650 53567.53918243 22.51 120.695215  60.414883  9.169
 40   126.011 53602.53912647 33.19 120.710031  60.412532  8.201
 40   125.668 53602.53912712 33.15 120.707781  60.415692  8.201
 40   125.614 53602.53912776 32.58 120.705541  60.418862  8.201
 40   125.545 53602.53912841 32.44 120.703291  60.422032  8.201
 41   123.105 53637.53912211 53.96 120.697182  60.398462 24.178
 41   122.979 53637.53912276 51.24 120.694932  60.401632 24.178
 41   122.842 53637.53912340 52.64 120.692692  60.404792 24.178
 41   122.795 53637.53912405 52.51 120.690442  60.407962 24.178
 42   121.610 53672.53914311 51.48 120.700038  60.401157 21.810
 42   121.261 53672.53914376 47.04 120.697798  60.404327 21.810
 42   121.303 53672.53914440 46.20 120.695558  60.407487 21.810
 42   121.197 53672.53914505 48.10 120.693308  60.410657 21.810
 43   122.563 53707.53907687 18.17 120.712445  60.414323  9.080
 43   122.686 53707.53907751 21.58 120.710195  60.417493  9.080
 43   122.760 53707.53907816 20.38 120.707955  60.420653  9.080
 43   122.877 53707.53907880 20.40 120.705705  60.423823  9.080
 44   121.983 53742.53898885 16.50 120.716688  60.416944  8.105
 44   122.032 53742.53898949 17.66 120.714448  60.420104  8.105
 44   121.998 53742.53899014 19.40 120.712198  60.423274  8.105
 44   122.121 53742.53899078 17.72 120.709958  60.426444  8.105
 44   122.266 53742.53899143 17.86 120.707718  60.429604  8.105
 45   121.083 53777.53901320 12.98 120.705596  60.408004  5.457
 45   121.207 53777.53901384 14.16 120.703346  60.411174  5.457
 46   120.483 53812.53899077 10.86 120.714796  60.414515  4.989
 46   120.625 53812.53899141 10.98 120.712546  60.417675  4.989
 46   120.731 53812.53899206 11.30 120.710306  60.420845  4.989
 46   120.666 53812.53899270 11.12 120.708056  60.424005  4.989
 46   120.489 53812.53899335 11.32 120.705816  60.427175  4.989
 47   120.106 53847.53904165 14.42 120.699314  60.397333 12.829
 47   120.532 53847.53904229 15.40 120.697074  60.400503 12.829
 47   120.780 53847.53904294 19.10 120.694834  60.403663 12.829
 47   120.937 53847.53904358 23.92 120.692581  60.406834 16.634
 47   121.219 53847.53904422 28.14 120.690341  60.409994 16.634
 49   127.240 53917.53912444 40.03 120.699903  60.400617  6.495
 49   127.273 53917.53912508 36.08 120.697657  60.403782 10.054
 49   127.199 53917.53912573 35.05 120.695417  60.406942 10.054
 49   127.044 53917.53912637 34.93 120.693167  60.410112 10.054
 50   122.208 53952.53912825 29.44 120.701788  60.398817  5.537
 50   122.275 53952.53912890 30.57 120.699548  60.401987  5.537
 50   122.167 53952.53912954 30.11 120.697298  60.405157  5.537
 50   122.250 53952.53913019 34.35 120.695055  60.408323 10.297
 50   122.089 53952.53913083 40.81 120.692815  60.411483 10.297
 52   123.174 54022.53910745 47.84 120.700571  60.400853 13.276
 52   123.028 54022.53910809 45.07 120.698331  60.404013 13.276
 52   122.922 54022.53910874 45.80 120.696077  60.407184 15.085
 52   122.996 54022.53910938 43.21 120.693837  60.410354 15.085
 52   122.850 54022.53911002 46.46 120.691587  60.413514 15.085
 53   122.438 54057.53910049 32.56 120.709002  60.407547  8.068
 53   122.608 54057.53910113 36.58 120.706755  60.410718 13.358
 53   122.683 54057.53910178 36.29 120.704515  60.413888 13.358
 53   122.496 54057.53910242 31.92 120.702265  60.417048 13.358
 53   122.326 54057.53910307 29.82 120.700025  60.420218 13.358
 54   123.130 54092.53908337 25.90 120.709578  60.412051  6.675
 54   122.951 54092.53908402 25.66 120.707328  60.415215  8.731
 54   122.854 54092.53908466 24.02 120.705088  60.418375  8.731
 54   122.740 54092.53908531 23.78 120.702848  60.421545  8.731
 55   121.882 54127.53901631 17.73 120.700033  60.397523  6.696
 55   121.827 54127.53901696 19.93 120.697783  60.400683  6.696
 55   121.818 54127.53901760 20.42 120.695548  60.403854  6.713
 55   121.925 54127.53901825 20.72 120.693298  60.407024  6.713
 55   121.876 54127.53901889 19.96 120.691048  60.410184  6.713
 56   122.373 54162.53905150 15.91 120.705238  60.406413 11.607
 56   122.440 54162.53905214 15.00 120.702988  60.409583 11.607
 56   122.353 54162.53905279 15.34 120.700748  60.412743 11.607
 56   121.863 54162.53905343 16.17 120.698508  60.415913 11.607
 57   123.614 54197.53901916  2.41 120.700234  60.401112  8.012
 57   123.765 54197.53901980  3.61 120.697994  60.404272  8.012
 57   137.122 54197.53902045  2.85 120.695754  60.407442  8.012
 57   123.712 54197.53902109  3.30 120.693504  60.410612  8.012
 59   128.043 54267.53908302 24.67 120.706140  60.404473  5.177
 59   127.882 54267.53908366 25.62 120.703890  60.407643  5.177
 59   127.878 54267.53908431 25.87 120.701650  60.410803  5.177
 59   127.775 54267.53908495 25.63 120.699410  60.413973  5.177
 59   127.723 54267.53908560 26.10 120.697160  60.417133  5.177
 60   125.719 54302.53908741 43.06 120.705415  60.406525 13.976
 60   125.676 54302.53908805 42.53 120.703165  60.409685 13.976
 60   125.570 54302.53908870 46.66 120.700925  60.412855 13.976
 60   125.424 54302.53908934 44.46 120.698675  60.416015 13.976
 61   124.060 54337.53907407 29.33 120.707255  60.409025  8.218
 61   123.879 54337.53907471 29.99 120.705015  60.412185  8.218
 61   123.794 54337.53907536 30.40 120.702775  60.415355  8.218
 61   123.846 54337.53907600 29.27 120.700525  60.418515  8.218
 62   123.758 54372.53901944 20.27 120.703324  60.401235 10.113
 62   123.188 54372.53902008 19.88 120.701074  60.404405 10.113
 62   122.969 54372.53902073 19.14 120.698834  60.407565 10.113
 62   123.759 54372.53902137 18.32 120.696584  60.410735 10.113
 62   123.185 54372.53902202 16.81 120.694344  60.413895 10.113
 63   121.692 54407.53901900 47.27 120.704794  60.407425 23.173
 63   121.547 54407.53901965 47.91 120.702554  60.410585 23.173
 63   121.437 54407.53902029 52.25 120.700304  60.413755 23.173
 63   121.468 54407.53902094 51.65 120.698064  60.416915 23.173
 64   122.849 54442.53897917 19.94 120.697627  60.399294  9.031
 64   122.674 54442.53897982 20.81 120.695377  60.402464  9.031
 64   122.790 54442.53898046 22.38 120.693137  60.405624  9.031
 64   122.808 54442.53898111 22.13 120.690887  60.408794  9.031
 65   123.658 54477.53900733 14.90 120.706199  60.404985  8.233
 65   124.235 54477.53900798 14.23 120.703959  60.408145  8.233
 65   124.201 54477.53900862 15.09 120.701709  60.411315  8.233
 65   124.310 54477.53900927 15.36 120.699469  60.414475  8.233
 65   124.120 54477.53900991 15.57 120.697219  60.417645  8.233
 66   123.309 54512.53899447 12.34 120.699709  60.399586  9.995
 66   123.172 54512.53899512 13.24 120.697459  60.402746  9.995
 66   122.914 54512.53899576 13.69 120.695213  60.405915  7.081
 66   123.591 54512.53899641 13.72 120.692973  60.409085  7.081
 66   123.159 54512.53899705 13.81 120.690723  60.412245  7.081
 67   120.827 54547.53902187 13.43 120.706820  60.408343  4.629
 67   120.684 54547.53902252 16.10 120.704580  60.411513  4.629
 67   120.663 54547.53902316 17.93 120.702338  60.414676  5.862
 67   120.650 54547.53902381 17.93 120.700088  60.417836  5.862
 69   127.949 54617.53901166 38.48 120.706253  60.403939 11.823
 69   127.867 54617.53901231 37.85 120.704013  60.407109 11.823
 69   127.684 54617.53901295 38.25 120.701773  60.410269 11.823
 69   127.747 54617.53901360 40.22 120.699523  60.413439 11.823
 69   127.710 54617.53901424 44.11 120.697283  60.416599 11.823
 70   125.145 54652.53902402 25.64 120.703754  60.404520  3.468
 70   125.072 54652.53902467 26.43 120.701514  60.407690  3.468
 70   125.061 54652.53902531 26.42 120.699271  60.410853  9.303
 70   124.967 54652.53902596 26.31 120.697021  60.414013  9.303
 71   126.164 54687.53901474 22.23 120.708177  60.407047  3.380
 71   126.049 54687.53901538 23.22 120.705927  60.410207  3.380
 71   126.145 54687.53901603 22.20 120.703687  60.413377  3.380
 71   125.993 54687.53901667 22.40 120.701447  60.416547  3.380
 71   126.046 54687.53901732 21.86 120.699193  60.419710  5.176
 72   126.196 54722.53897025 28.62 120.699099  60.399945  5.815
 72   126.525 54722.53897089 28.58 120.696849  60.403105  5.815
 72   126.777 54722.53897154 29.14 120.694609  60.406276 19.482
 72   126.949 54722.53897218 33.44 120.692359  60.409436 19.482
 73   123.194 54757.53898948 48.84 120.706574  60.404110 14.004
 73   123.405 54757.53899012 50.71 120.704324  60.407270 14.004
 73   123.149 54757.53899077 50.42 120.702084  60.410440 14.004
 73   123.257 54757.53899141 53.94 120.699844  60.413600 14.004
 73   123.016 54757.53899206 52.37 120.697590  60.416771 10.971
 74   122.339 54792.53896327 46.63 120.697169  60.398655 11.545
 74   121.958 54792.53896391 32.94 120.694919  60.401815 11.545
 74   121.762 54792.53896456 32.34 120.692683  60.404982  9.995
 74   121.781 54792.53896520 32.36 120.690433  60.408152  9.995
 75   121.853 54827.53898755 22.28 120.703642  60.404277  6.401
 75   121.939 54827.53898820 24.96 120.701402  60.407437  6.401
 75   121.897 54827.53898884 23.83 120.699162  60.410607  6.401
 75   121.967 54827.53898949 23.88 120.696912  60.413767  6.401
 76   121.266 54862.53895757 19.64 120.700675  60.400485  4.795
 76   121.174 54862.53895821 20.51 120.698425  60.403645  4.795
 76   121.068 54862.53895886 20.98 120.696181  60.406816  5.700
 76   121.095 54862.53895950 20.51 120.693941  60.409976  5.700
 76   121.000 54862.53896015 19.41 120.691691  60.413146  5.700
 77   121.059 54897.53898782 20.26 120.706047  60.406134  5.372
 77   121.064 54897.53898846 21.28 120.703797  60.409304  5.372
 77   121.008 54897.53898911 20.47 120.701557  60.412464  5.372
 77   120.845 54897.53898975 22.05 120.699311  60.415634  5.978
 78   123.200 54932.53895346  9.89 120.700489  60.401552  5.696
 78   123.123 54932.53895410 10.34 120.698246  60.404723  9.254
 78   122.839 54932.53895474 12.14 120.695996  60.407893  9.254
 78   122.665 54932.53895539 12.27 120.693756  60.411053  9.254
 79   237.115 54967.53898898  4.57 120.704423  60.405452  3.096
 79   255.065 54967.53898962  3.44 120.702183  60.408622  3.096
 79   254.914 54967.53899027  2.70 120.699933  60.411792  3.096
 79   254.903 54967.53899091  4.11 120.697687  60.414956 12.817
 80   129.465 55002.53900857 26.78 120.702172  60.404407  3.724
 80   129.457 55002.53900921 26.38 120.699936  60.407570 11.038
 80   129.383 55002.53900986 27.07 120.697686  60.410730 11.038
 80   129.490 55002.53901050 26.35 120.695446  60.413900 11.038
 81   124.955 55037.53899526 44.17 120.705745  60.405910  8.677
 81   124.917 55037.53899591 42.43 120.703505  60.409070  8.677
 81   124.795 55037.53899655 44.89 120.701259  60.412242 10.829
 81   124.796 55037.53899720 37.80 120.699019  60.415402 10.829
 82   126.756 55072.53898245 31.40 120.707491  60.409647  6.017
 82   126.653 55072.53898310 31.90 120.705251  60.412807  6.017
 82   126.544 55072.53898374 31.01 120.703011  60.415977  6.017
 82   126.535 55072.53898439 30.78 120.700761  60.419147  6.017
 83   124.881 55107.53892632 26.88 120.700082  60.399130  5.644
 83   125.152 55107.53892696 28.18 120.697842  60.402290  5.644
 83   125.249 55107.53892761 30.14 120.695592  60.405460  5.644
 83   125.288 55107.53892825 31.03 120.693352  60.408620  5.644
 83   125.220 55107.53892890 35.73 120.691105  60.411789  9.338
 84   121.169 55142.53893244 44.57 120.705823  60.405874 15.795
 84   121.029 55142.53893309 43.83 120.703573  60.409044 15.795
 84   120.945 55142.53893373 49.02 120.701333  60.412204 15.795
 84   120.950 55142.53893438 43.93 120.699086  60.415375 11.790
 85   123.009 55177.53889760 23.27 120.698688  60.398790  5.066
 85   122.908 55177.53889824 22.83 120.696438  60.401959  7.539
 85   122.882 55177.53889889 24.64 120.694198  60.405129  7.539
 85   122.932 55177.53889953 22.90 120.691948  60.408289  7.539
 85   122.919 55177.53890018 22.74 120.689708  60.411459  7.539
 86   121.530 55212.53892728 22.80 120.704151  60.406352  6.186
 86   121.489 55212.53892793 25.02 120.701911  60.409522  6.186
 86   121.420 55212.53892857 24.97 120.699671  60.412692  6.186
 86   121.428 55212.53892922 23.96 120.697417  60.415854  5.042
 87   120.859 55247.53889983 17.81 120.701565  60.401857  5.144
 87   120.839 55247.53890048 19.04 120.699325  60.405027  5.144
 87   120.894 55247.53890112 19.55 120.697075  60.408187  5.144
 87   120.821 55247.53890177 18.06 120.694835  60.411357  5.144
 87   120.879 55247.53890241 17.64 120.692585  60.414517  5.144
 88   120.580 55282.53892091 16.69 120.707243  60.405934  4.409
 88   120.708 55282.53892156 16.91 120.704993  60.409104  4.409
 88   120.718 55282.53892220 16.78 120.702753  60.412264  4.409
 88   120.647 55282.53892285 16.78 120.700509  60.415436  3.762
 88   120.729 55282.53892349 15.48 120.698269  60.418596  3.762
 89   121.074 55317.53888981 29.23 120.704915  60.403907  7.777
 89   121.144 55317.53889046 31.22 120.702675  60.407077  7.777
 89   121.056 55317.53889110 34.56 120.700433  60.410242 23.187
 89   121.017 55317.53889175 32.88 120.698183  60.413402 23.187
 89   121.082 55317.53889239 32.51 120.695943  60.416572 23.187
 90   127.273 55352.53889378 53.41 120.705835  60.408178 11.118
 90   127.034 55352.53889442 48.44 120.703595  60.411348 11.118
 90   126.954 55352.53889506 46.62 120.701350  60.414512 13.650
 90   126.844 55352.53889571 51.11 120.699100  60.417672 13.650
 91   127.899 55387.53888898 38.37 120.698743  60.400531  7.644
 91   127.860 55387.53888962 37.80 120.696503  60.403691  7.644
 91   127.797 55387.53889027 37.49 120.694249  60.406861 10.251
 91   127.745 55387.53889091 36.22 120.692009  60.410031 10.251
 92   123.594 55422.53891137 14.78 120.705605  60.406426  3.108
 92   123.711 55422.53891201 15.11 120.703365  60.409596  3.108
 92   123.796 55422.53891266 14.99 120.701115  60.412756  3.108
 92   135.222 55422.53891330 14.32 120.698880  60.415929 18.788
 93   124.314 55457.53888523 44.25 120.708213  60.410793 12.182
 93   124.029 55457.53888587 42.41 120.705973  60.413953 12.182
 93   124.149 55457.53888652 41.36 120.703733  60.417123 12.182
 93   124.038 55457.53888716 46.31 120.701483  60.420293 12.182
