# NaN NaN NaN ;Mean Elev.(m), Avg Gradient(m/km), RMS Gradient(m/km) - SRTM1     
#  104.587  -6.238  27.039 ;Mean Elev.(m), Avg Gradient(m/km), RMS Gradient(m/km) - ASTER GDEM
#  100.000  -8.616  26.122 ;Mean Elev.(m), Avg Gradient(m/km), RMS Gradient(m/km) - GMTED2010 
 15 123.300455  60.583362   116.568   116.608  3 52734.11693167 22.437
 21 123.315180  60.581743   113.973   113.973  2 52944.11696987 23.695
 28 123.304507  60.583279   115.505   115.527  3 53189.11704069 20.162
 30 123.284500  60.585046   116.781   117.544  4 53259.11703039 18.457
 31 123.295861  60.583234   112.587   112.563  3 53294.11705496 49.645
 37 123.294777  60.588077   279.412   279.412  2 53504.11707930  1.346
 39 123.288225  60.583098   192.332   184.463  3 53574.11707618  8.397
 40 123.283302  60.582377   177.385   177.385  2 53609.11702641 11.257
 41 123.305355  60.582733   112.812   112.826  4 53644.11702803 18.978
 42 123.288974  60.582749   113.760   114.677  3 53679.11704645 26.779
 49 123.290151  60.585178   115.461   114.921  3 53924.11703644 27.188
 50 123.286125  60.585267   113.677   113.633  3 53959.11702755 30.381
 52 123.307883  60.584404   110.742   110.713  4 54029.11701729 44.552
 58 123.299532  60.584319   273.942   274.255  4 54239.11697408  5.887
 59 123.298420  60.585407   276.699   276.699  2 54274.11699128  1.146
 60 123.299433  60.584119   115.103   115.176  4 54309.11699329 25.258
 62 123.302602  60.583202   113.272   113.505  3 54379.11692918 27.913
 68 123.300267  60.583243   116.194   116.163  3 54589.11690540 27.850
 70 123.296223  60.584449   113.922   113.690  3 54659.11693150 27.402
 71 123.293332  60.583855   115.909   115.805  3 54694.11691199 21.509
 73 123.297360  60.584745   115.659   116.603  4 54764.11688990 23.249
 79 123.300441  60.585710   290.445   290.445  2 54974.11689740  1.091
 81 123.298699  60.583807   113.761   113.831  4 55044.11690162 28.379
 82 123.290802  60.584318   115.283   115.539  4 55079.11687853 29.331
 83 123.302661  60.584522   117.407   117.450  4 55114.11683388 21.431
 89 123.295396  60.583548   275.519   275.577  4 55324.11679989  3.693
 91 123.301029  60.582847   116.935   115.773  4 55394.11680223 37.240
 92 123.298883  60.583360   114.029   113.814  3 55429.11681385 26.306
