# NaN NaN NaN ;Mean Elev.(m), Avg Gradient(m/km), RMS Gradient(m/km) - SRTM1     
#   10.143  -0.415   5.007 ;Mean Elev.(m), Avg Gradient(m/km), RMS Gradient(m/km) - ASTER GDEM
#   21.000  -0.750   9.350 ;Mean Elev.(m), Avg Gradient(m/km), RMS Gradient(m/km) - GMTED2010 
  8 123.558729  66.932990    32.562    32.562  2 52499.51643545 35.671
 10 123.552641  66.926370    35.700    35.700  2 52569.51645143 22.915
 13 123.557232  66.932471    35.709    35.709  2 52674.51641175 12.470
 21 123.551567  66.923748    35.592    35.592  2 52954.51648248 21.037
 22 123.558161  66.931136    35.459    35.459  2 52989.51649329 16.852
 23 123.561107  66.936854    35.357    35.357  2 53024.51647547 11.870
 26 123.554433  66.925999    35.686    35.686  2 53129.51648107  7.468
 29 123.559101  66.938235    30.968    30.968  2 53234.51652303 53.449
 33 123.562456  66.938891    35.392    35.392  2 53374.51645006 11.585
 35 123.561065  66.939321    35.318    35.318  2 53444.51647595 10.255
 38 123.554558  66.928131    32.404    32.404  2 53549.51657948 53.810
 39 123.557642  66.933104    33.714    33.714  2 53584.51654272 30.876
 40 123.561278  66.937362    31.701    31.701  2 53619.51650019 30.776
 41 123.551961  66.924363    35.024    35.024  2 53654.51652414 26.077
 42 123.555071  66.928636    35.291    35.291  2 53689.51651994 15.736
 43 123.561482  66.940685    35.222    35.222  2 53724.51644639 12.240
 44 123.554267  66.924948    35.586    35.586  2 53759.51638624 11.868
 54 123.562054  66.938654    35.564    35.564  2 54109.51644776 11.356
 55 123.549451  66.926485    35.352    35.352  2 54144.51643894 10.223
 56 123.560446  66.935374    35.646    35.646  2 54179.51643200  9.221
 57 123.551973  66.924814    35.716    35.716  2 54214.51644638  8.265
 58 123.553828  66.926278    38.318    38.318  2 54249.51647435 36.261
 61 123.560319  66.935986    32.143    32.143  2 54354.51644392 31.261
 62 123.555176  66.928418    28.407    28.407  2 54389.51641980 36.720
 63 123.557156  66.933011    35.338    35.338  2 54424.51639329 12.527
 64 123.551464  66.924332    35.592    35.592  2 54459.51639472 11.760
 65 123.558007  66.933606    35.614    35.614  2 54494.51639825 10.008
 67 123.560580  66.935883    35.835    35.835  2 54564.51640547  8.590
 71 123.558573  66.935705    34.999    34.999  2 54704.51638563 27.130
 72 123.551349  66.926015    31.059    31.059  2 54739.51638322 52.649
 73 123.558245  66.933293    35.423    35.423  2 54774.51636617 16.742
 77 123.557500  66.935888    35.634    35.634  2 54914.51636905  8.649
 78 123.553463  66.925794    28.797    28.797  2 54949.51637249 38.502
 80 123.556507  66.929975    35.919    35.919  2 55019.51639370 22.166
 82 123.558837  66.935767    29.386    29.386  2 55089.51635124 53.198
 84 123.558522  66.931536    35.556    35.556  2 55159.51631143 21.313
 86 123.558284  66.934617    35.502    35.502  2 55229.51631426 13.510
 88 123.560014  66.935313    35.669    35.669  2 55299.51629727 10.211
 91 123.553894  66.924716    32.674    32.674  2 55404.51629739 29.371
 92 123.557019  66.933254    28.747    28.747  2 55439.51630011 50.220
 93 123.561077  66.936654    28.575    28.575  2 55474.51624640 47.735
