# NaN NaN NaN ;Mean Elev.(m), Avg Gradient(m/km), RMS Gradient(m/km) - SRTM1     
#   17.772  -0.349   5.603 ;Mean Elev.(m), Avg Gradient(m/km), RMS Gradient(m/km) - ASTER GDEM
#   22.822  -0.201   6.199 ;Mean Elev.(m), Avg Gradient(m/km), RMS Gradient(m/km) - GMTED2010 
  7 123.313863  67.038691    29.342    29.413  9 52466.13158908 22.395
  8 123.312961  67.045198    29.443    28.962  9 52501.13158163 23.384
  9 123.348876  67.053843    30.472    30.603 11 52536.13156576 23.214
 10 123.317587  67.039887    26.108    26.206 11 52571.13160341 40.217
 12 123.342128  67.055397    27.375    27.187 14 52641.13155876 12.825
 13 123.311259  67.041898    28.129    28.400  9 52676.13155192  8.554
 14 123.342929  67.056994    28.198    28.048 12 52711.13157369  8.906
 15 123.317914  67.055948    48.516    46.158 10 52746.13160222  6.631
 16 123.346064  67.054096    30.483    31.589 12 52781.13153956 22.127
 17 123.345828  67.055600    31.988    31.930 12 52816.13162022 51.189
 18 123.344292  67.056761    30.008    29.001 12 52851.13167148 24.593
 19 123.320366  67.047798    28.276    28.284 10 52886.13170840 26.347
 20 123.316462  67.049931    27.897    27.941  8 52921.13166377 33.676
 21 123.349230  67.053846    26.583    26.049 11 52956.13162673 20.486
 22 123.342315  67.055327    28.349    29.042 14 52991.13164336 13.194
 23 123.314200  67.039670    27.683    27.346  9 53026.13161311  9.609
 24 123.345029  67.055889    29.030    28.936 12 53061.13161931  7.655
 25 123.323337  67.062722    46.062    46.324  6 53096.13164770  7.626
 26 123.349353  67.056360    29.474    28.803 11 53131.13162067  5.864
 28 123.323268  67.045529    30.881    30.685 10 53201.13169848 21.532
 29 123.322145  67.046072    29.738    29.719 10 53236.13166794 45.143
 30 123.320183  67.025204    28.945    29.033  7 53271.13163152 48.094
 31 123.324093  67.046415    27.173    27.171 10 53306.13169124 43.179
 32 123.313391  67.044555    33.113    35.874  9 53341.13165965 10.407
 33 123.316014  67.051272    35.627    35.467  4 53376.13158848  7.265
 34 123.344180  67.060398    45.613    46.724  6 53411.13163082  7.657
 35 123.316741  67.056431    64.605    65.346 10 53446.13161438  6.200
 36 123.324170  67.046391    29.081    29.208 10 53481.13170078 15.213
 37 123.314232  67.040008    37.179    37.219 10 53516.13170611 33.664
 38 123.312483  67.045288    31.207    31.185  9 53551.13172533 52.147
 39 123.320344  67.047504    31.966    31.664 10 53586.13168192 14.944
 40 123.346138  67.056349    31.361    31.990 12 53621.13164079 20.381
 41 123.329449  67.046406    27.451    27.462 12 53656.13167155 40.059
 42 123.313494  67.044049    25.812    25.740  9 53691.13166172 26.300
 43 123.318361  67.055799    26.093    25.950  9 53726.13158333 16.562
 44 123.322001  67.027651    26.972    26.617  8 53761.13153759 13.347
 45 123.313422  67.043277    27.082    26.696  9 53796.13154998  8.620
 47 123.336704  67.053786    28.678    28.180 11 53866.13160460 38.264
 49 123.311228  67.044587    29.490    29.519  9 53936.13167538 45.613
 50 123.315693  67.050747    28.627    28.616  8 53971.13164111 44.927
 52 123.345262  67.055657    27.441    26.662 12 54041.13164805 35.884
 53 123.319461  67.047939    27.472    27.312 10 54076.13164459 22.144
 54 123.313865  67.055968    27.751    27.643 10 54111.13158503 14.240
 55 123.340863  67.055690    27.551    27.736 14 54146.13158310 10.019
 56 123.318504  67.056560    29.159    29.456  8 54181.13157151  8.872
 57 123.335186  67.051976    29.737    29.700 13 54216.13159210 13.034
 58 123.314914  67.037592    36.019    36.756 10 54251.13162171 26.063
 59 123.313890  67.039742    32.304    32.088  9 54286.13162753 16.437
 60 123.315149  67.039227    30.153    30.283  9 54321.13162460 21.444
 61 123.315286  67.051184    28.829    28.842 10 54356.13158329 43.939
 62 123.317111  67.039545    27.454    27.577 11 54391.13156519 48.303
 63 123.313226  67.042506    27.679    27.566 10 54426.13153503 11.053
 64 123.343697  67.056697    29.797    30.164 12 54461.13153817  8.575
 65 123.313198  67.042554    30.199    29.135  9 54496.13154172  7.124
 66 123.348453  67.062569    38.541    35.379  9 54531.13155004  6.810
 67 123.322048  67.058097    62.299    65.633  8 54566.13154437  4.440
 68 123.323893  67.045203    28.049    27.668 12 54601.13154909 38.514
 69 123.314150  67.040397    33.857    33.744  9 54636.13156224 15.798
 70 123.313918  67.042378    29.511    29.803  9 54671.13156574 36.118
 71 123.313345  67.044699    31.052    30.814  9 54706.13152641 28.113
 72 123.334397  67.051560    29.754    29.720 11 54741.13152755 31.952
 73 123.319681  67.047914    27.763    27.723 10 54776.13150705 31.671
 74 123.345929  67.056852    27.288    26.837 12 54811.13151977 16.327
 75 123.313534  67.044540    28.157    28.034  9 54846.13150735 11.420
 76 123.325359  67.045486    27.968    27.954 12 54881.13152571 10.043
 77 123.318431  67.055882    28.589    28.772  9 54916.13150861  8.196
 78 123.323436  67.044995    27.843    27.720 10 54951.13151891 29.312
 79 123.322693  67.046088    34.355    34.352 10 54986.13154345 32.400
 80 123.315918  67.041186    31.201    30.988 11 55021.13153750 18.910
 81 123.313052  67.040698    29.157    29.338  9 55056.13153467 27.915
 82 123.316279  67.051951    28.568    28.556 10 55091.13149057 39.092
 83 123.317424  67.038531    28.393    28.472 11 55126.13147397 45.974
 85 123.343747  67.056718    28.437    29.298 12 55196.13146049 17.163
 86 123.315665  67.050820    27.671    27.804 10 55231.13145534 16.658
 87 123.317820  67.039335    27.304    26.761 11 55266.13145942 14.191
 88 123.316557  67.051132    27.745    27.793  8 55301.13143654 12.365
 89 123.313089  67.040647    27.656    27.720  9 55336.13143474 44.543
 90 123.313912  67.040001    31.206    31.286 10 55371.13142521 48.538
 91 123.339650  67.055134    29.546    29.251 12 55406.13144067 32.890
 92 123.312306  67.040591    28.746    28.514  9 55441.13144393 35.200
 93 123.319654  67.055339    27.664    27.612  9 55476.13138426 35.259
