# NaN NaN NaN ;Mean Elev.(m), Avg Gradient(m/km), RMS Gradient(m/km) - SRTM1     
#    9.269  -3.127   9.646 ;Mean Elev.(m), Avg Gradient(m/km), RMS Gradient(m/km) - ASTER GDEM
#   18.391  -1.653  14.081 ;Mean Elev.(m), Avg Gradient(m/km), RMS Gradient(m/km) - GMTED2010 
  7 123.967689  68.764837    46.816    44.675 15 52469.13522306  8.289
  8 123.977541  68.775130    43.937    39.946 18 52504.13520755 20.073
  9 123.967310  68.744823    51.016    41.865 12 52539.13519684 10.588
 10 123.966127  68.761480    24.511    21.561 11 52574.13523675 32.750
 11 123.981086  68.775950    50.463    53.083 22 52609.13519313 12.565
 12 123.981740  68.766292    44.825    48.674 21 52644.13518773 10.240
 13 123.979762  68.773609    51.572    53.016 22 52679.13516612  7.990
 15 123.986920  68.792478    56.576    61.156 17 52749.13523124  5.371
 16 123.974322  68.752587    41.877    36.312 15 52784.13518003 22.768
 17 123.992075  68.768581    77.326    75.910 14 52819.13525325  5.305
 18 123.971163  68.756261    48.335    40.588 11 52854.13530501 15.133
 20 123.978064  68.781063    54.883    56.084 22 52924.13528785 12.971
 21 123.971757  68.749536    27.811    27.387 13 52959.13526026 18.552
 22 123.980148  68.765846    45.743    48.960 19 52994.13528727 10.964
 23 123.982712  68.782023    58.404    59.729 20 53029.13524836  6.122
 24 123.973053  68.757755    42.763    39.279 17 53064.13526065  7.453
 25 123.978274  68.783831    53.374    53.186 16 53099.13526802  5.538
 26 123.964451  68.748414    48.016    34.518 11 53134.13526153  4.849
 28 123.979295  68.770597    42.590    41.537 20 53204.13532921 15.992
 29 123.984831  68.777880    56.079    57.819 19 53239.13529615 14.794
 30 123.981025  68.752359    20.951    21.980 17 53274.13526346 18.155
 31 123.965119  68.758921    29.224    28.659 14 53309.13531680 22.805
 32 123.981901  68.777291    50.390    54.054 20 53344.13527944 11.681
 33 123.980688  68.751406    35.288    38.007 17 53379.13522967 10.040
 34 123.981899  68.768935    49.329    51.782 21 53414.13525752  7.581
 35 123.975156  68.748400    36.641    36.794 14 53449.13525198  7.047
 37 123.979940  68.771451    73.164    71.107 22 53519.13533072  9.771
 38 123.987878  68.783047    22.075    21.041 17 53554.13535092 16.941
 39 123.981021  68.774593    22.063    22.063 22 53589.13529945 51.217
 40 123.981185  68.761381    53.751    53.331 20 53624.13527766 10.878
 41 123.989197  68.772205    24.687    16.498 11 53659.13530248 44.162
 42 123.984303  68.780785    52.734    55.615 19 53694.13527893 12.152
 43 123.977887  68.780520    51.754    53.256 21 53729.13520219 10.810
 44 123.980499  68.756573    44.506    45.792 19 53764.13516856  8.209
 45 123.979446  68.776911    56.323    56.427 22 53799.13517240  5.825
 46 123.977808  68.753469    40.648    40.216 16 53834.13517368  6.340
 47 123.978187  68.764964    45.252    46.409 19 53869.13523527 10.150
 48 123.991653  68.779373    68.782    69.142 17 53904.13526574 11.691
 49 123.962878  68.764013    19.255    19.157 14 53939.13530356 43.394
 50 123.979467  68.781329    20.055    20.537 22 53974.13526057 16.153
 52 123.975434  68.756996    34.239    32.052 16 54044.13527799 19.345
 53 123.983290  68.779449    51.945    54.796 21 54079.13526742 13.721
 54 123.979802  68.785677    58.128    59.766 21 54114.13520288 10.229
 56 123.976475  68.781328    55.486    55.459 21 54184.13519376  6.695
 57 123.979795  68.764783    49.649    48.922 20 54219.13522508  6.470
 58 123.992247  68.779548    74.653    78.495 16 54254.13524658 16.624
 59 123.980426  68.771071    50.216    50.897 20 54289.13525179 10.688
 60 123.975253  68.766895    41.584    37.507 19 54324.13525015 19.971
 61 123.980125  68.783978    47.719    49.404 18 54359.13520236 43.226
 62 123.991843  68.776721    29.879    28.236 12 54394.13518816 41.662
 63 123.978394  68.775126    45.384    45.838 22 54429.13515424 11.307
 64 123.982545  68.765271    45.131    46.881 20 54464.13516951  9.071
 65 123.972871  68.769268    46.637    44.982 19 54499.13516583  7.554
 66 123.970938  68.760858    41.895    35.505 16 54534.13518483  8.131
 67 123.963942  68.769239    53.492    43.444 14 54569.13516967  4.454
 68 123.989055  68.775173    52.834    54.330 17 54604.13517624 19.371
 69 123.981828  68.774832    24.446    24.423 22 54639.13518708 52.579
 70 123.984886  68.776759    66.216    60.265 20 54674.13518926 11.546
 71 123.975791  68.774965    47.696    46.700 20 54709.13514753 19.191
 72 123.983449  68.770300    51.350    53.748 21 54744.13515690 17.690
 73 123.986661  68.778397    46.915    53.273 18 54779.13512994 17.626
 74 123.983823  68.766688    41.819    44.199 19 54814.13515086 14.985
 75 123.976397  68.773680    49.422    46.386 21 54849.13513010 10.639
 76 123.980926  68.768453    45.716    46.613 21 54884.13515428 10.076
 77 123.984999  68.789578    57.137    61.438 18 54919.13512925  6.630
 78 123.970496  68.759940    18.890    18.639 16 54954.13515057 16.665
 79 123.995262  68.782359    33.496    30.165 11 54989.13516994 46.330
 80 123.980542  68.773873    20.969    20.674 21 55024.13516366 24.080
 81 123.986191  68.776959    57.196    57.697 19 55059.13515761 13.314
 82 123.987334  68.789201    52.705    60.534 16 55094.13510892 16.029
 83 123.979687  68.768530    27.766    26.618 11 55129.13510073 41.106
 84 123.980743  68.775116    45.636    49.035 21 55164.13507334 15.425
 85 123.983022  68.768642    43.698    47.206 20 55199.13509201 13.222
 87 123.981532  68.770457    45.665    45.603 22 55269.13508645 10.317
 88 123.974458  68.777871    48.193    44.858 19 55304.13505816  8.893
 89 123.984834  68.774535    61.274    56.775 20 55339.13505799 26.755
 90 123.989145  68.780197    72.542    77.380 17 55374.13504845 10.912
 91 123.984954  68.769806    48.454    53.979 19 55409.13507160 14.765
 92 123.986851  68.777841    51.944    55.677 18 55444.13506611 21.784
 93 123.987483  68.790441    46.220    56.889 17 55479.13500115 28.345
