# NaN NaN NaN ;Mean Elev.(m), Avg Gradient(m/km), RMS Gradient(m/km) - SRTM1     
#  182.054 -50.796  56.242 ;Mean Elev.(m), Avg Gradient(m/km), RMS Gradient(m/km) - ASTER GDEM
#  153.622  -3.680  55.432 ;Mean Elev.(m), Avg Gradient(m/km), RMS Gradient(m/km) - GMTED2010 
 10 113.781680  60.029596   163.646   163.646  2 52567.55893174 46.314
 12 113.773287  60.028065   164.068   164.068  2 52637.55890326  5.218
 13 113.783865  60.031952   163.523   163.469  3 52672.55890558  5.149
 14 113.778244  60.028694   162.853   162.853  2 52707.55890947  7.354
 17 113.773295  60.025354   166.203   166.203  2 52812.55896062 49.721
 20 113.787817  60.035443   166.715   164.072  3 52917.55900957  7.978
 22 113.786866  60.034132   163.875   163.846  3 52987.55898427 11.386
 23 113.789342  60.035518   163.089   163.089  2 53022.55897288  8.193
 24 113.784177  60.032333   163.471   163.175  3 53057.55896503  7.815
 25 113.782996  60.031815   162.973   162.973  2 53092.55900281  6.446
 26 113.779697  60.029612   170.139   170.139  2 53127.55897360  9.817
 28 113.782697  60.031280   173.915   173.872  3 53197.55903779 21.218
 29 113.789519  60.035875   168.472   168.472  2 53232.55901566 40.897
 30 113.790133  60.038659   170.198   172.491  3 53267.55898472  9.461
 31 113.771315  60.024623   164.643   164.643  2 53302.55903785 42.613
 33 113.791919  60.037959   165.434   165.467  3 53372.55894429  3.609
 35 113.790395  60.037094   164.924   164.924  2 53442.55896755  0.606
 38 113.782166  60.029486   168.424   168.424  2 53547.55906753 50.174
 39 113.786128  60.032658   165.526   166.326  3 53582.55903679 46.400
 40 113.788957  60.034749   164.648   164.733  3 53617.55899288 47.103
 43 113.792252  60.037464   163.056   163.088  3 53722.55893949  7.827
 44 113.782226  60.030016   162.445   162.445  2 53757.55887266  4.795
 46 113.778454  60.026671   162.883   162.883  2 53827.55886283  4.052
 47 113.775726  60.028351   163.068   163.068  2 53862.55894932 26.933
 48 113.780761  60.029944   174.395   174.395  2 53897.55897168 19.638
 50 113.780740  60.030897   166.867   166.867  2 53967.55899360 50.803
 53 113.784966  60.031650   164.878   164.878  2 54072.55899139 10.989
 54 113.790520  60.037025   163.957   163.957  2 54107.55894146  6.118
 55 113.778623  60.028372   163.173   163.173  2 54142.55892619  4.910
 56 113.787763  60.033661   163.050   163.040  3 54177.55892348  4.299
 57 113.779204  60.028000   162.973   162.973  2 54212.55893337 22.023
 60 113.785737  60.032317   164.456   164.540  3 54317.55897040 46.870
 62 113.782424  60.030195   164.736   164.651  3 54387.55890971 48.291
 64 113.776168  60.029384   163.376   163.376  2 54457.55888362 12.975
 65 113.787170  60.033101   162.951   162.973  3 54492.55888869  7.268
 68 113.782548  60.030613   166.669   166.725  3 54597.55889231 24.559
 69 113.781913  60.030019   174.437   174.437  2 54632.55890534 16.304
 72 113.778477  60.027705   168.783   168.783  2 54737.55887153 47.514
 73 113.786116  60.034249   163.484   163.683  3 54772.55885878 47.040
 74 113.777061  60.026803   164.701   164.701  2 54807.55886495  9.765
 75 113.784822  60.032158   166.581   166.581  2 54842.55885547  4.178
 76 113.779765  60.029500   163.458   163.467  3 54877.55886749  3.321
 78 113.778789  60.028755   164.143   164.143  2 54947.55886016 25.874
 81 113.785064  60.032170   165.454   165.502  3 55052.55888044 25.107
 82 113.788647  60.035153   167.549   167.549  2 55087.55884395 50.778
 83 113.780564  60.029164   164.462   164.466  3 55122.55881517 20.442
 84 113.785976  60.032434   164.392   164.392  2 55157.55880394 14.385
 85 113.776024  60.028954   164.205   164.205  2 55192.55880509  7.366
 86 113.786100  60.033271   162.866   162.866  2 55227.55880535  2.375
 87 113.783057  60.029916   163.591   163.591  2 55262.55880041  0.873
 89 113.781587  60.032752   301.862   301.862  2 55332.55878054  3.173
 91 113.778718  60.028465   173.705   173.705  2 55402.55878660 15.362
 93 113.789551  60.036899   164.615   164.615  2 55472.55874015 23.295
