# NaN NaN NaN ;Mean Elev.(m), Avg Gradient(m/km), RMS Gradient(m/km) - SRTM1     
#   11.021  -1.000  11.446 ;Mean Elev.(m), Avg Gradient(m/km), RMS Gradient(m/km) - ASTER GDEM
#   22.373  -1.231  12.254 ;Mean Elev.(m), Avg Gradient(m/km), RMS Gradient(m/km) - GMTED2010 
  8    27.662 52485.13350224 41.04 123.059040  67.448831 17.642
  8    26.897 52485.13350288 41.48 123.055480  67.445781 17.642
  9    26.548 52520.13346236 20.61 123.077679  67.468535  9.960
  9    26.572 52520.13346300 17.46 123.074109  67.465475  9.960
  9    28.650 52520.13346365 16.84 123.070539  67.462415  9.960
  9    29.320 52520.13346429 16.98 123.066979  67.459355  9.960
  9    30.059 52520.13346494 17.98 123.063409  67.456295  9.960
  9    30.368 52520.13346558 18.68 123.059849  67.453235  9.960
  9    30.383 52520.13346623 24.80 123.056279  67.450185  9.960
  9    30.328 52520.13346687 39.62 123.052719  67.447125  9.960
 11    22.856 52590.13350157 19.97 123.080418  67.466045  6.313
 11    22.932 52590.13350221 22.08 123.076848  67.462985  6.313
 11    23.018 52590.13350286 20.47 123.073278  67.459935  6.313
 11    22.964 52590.13350350 26.68 123.069718  67.456875  6.313
 11    23.479 52590.13350415 22.33 123.066148  67.453815  6.313
 11    25.897 52590.13350479 19.79 123.062588  67.450755  6.313
 11    28.255 52590.13350544 19.07 123.059018  67.447695  6.313
 11    29.376 52590.13350608 18.14 123.055458  67.444645  6.313
 12    23.720 52625.13343371 15.93 123.082196  67.469327  2.607
 12    24.511 52625.13343436 15.81 123.078626  67.466277  2.607
 12    25.966 52625.13343500 14.83 123.075056  67.463217  2.607
 12    23.893 52625.13343565 15.44 123.071496  67.460157  2.607
 12    23.896 52625.13343629 16.05 123.067926  67.457097  2.607
 12    28.818 52625.13343694 15.44 123.064366  67.454037  2.607
 12    27.214 52625.13343758 15.04 123.060796  67.450977  2.607
 12    28.641 52625.13343822 15.24 123.057236  67.447927  2.607
 12    29.561 52625.13343887 14.31 123.053676  67.444867  2.607
 13    26.398 52660.13346797 13.07 123.083880  67.464270  2.470
 13    25.791 52660.13346862 12.80 123.080310  67.461210  2.470
 13    25.346 52660.13346926 13.30 123.076750  67.458150  2.470
 13    25.432 52660.13346991 13.80 123.073180  67.455090  2.470
 13    25.390 52660.13347055 13.17 123.069610  67.452040  2.470
 13    27.782 52660.13347119 13.36 123.066050  67.448980  2.470
 13    28.276 52660.13347184 12.55 123.062490  67.445920  2.470
 13    29.103 52660.13347248 12.63 123.058920  67.442860  2.470
 14    26.754 52695.13344904 11.06 123.094520  67.456677  2.165
 14    26.382 52695.13344968 11.14 123.090960  67.453617  2.165
 14    26.083 52695.13345033 11.27 123.087390  67.450567  2.165
 14    26.006 52695.13345097 11.38 123.083820  67.447507  2.165
 14    26.150 52695.13345162 11.12 123.080260  67.444447  2.165
 14    27.172 52695.13345226 11.50 123.076690  67.441387  2.165
 14    28.305 52695.13345291 11.08 123.073130  67.438337  2.165
 14    29.381 52695.13345355 11.01 123.069560  67.435277  2.165
 14    30.488 52695.13345420 11.40 123.066000  67.432217  2.165
 15    26.406 52730.13347933 10.05 123.087777  67.463958  1.994
 15    24.791 52730.13347998 10.84 123.084207  67.460908  1.994
 15    25.882 52730.13348062 10.59 123.080637  67.457848  1.994
 15    25.969 52730.13348127 10.75 123.077077  67.454788  1.994
 15    26.221 52730.13348191 10.68 123.073507  67.451728  1.994
 15    26.855 52730.13348256 10.16 123.069947  67.448668  1.994
 15    27.736 52730.13348320  9.98 123.066377  67.445618  1.994
 15    29.033 52730.13348385  9.74 123.062817  67.442558  1.994
 15    29.615 52730.13348449  9.89 123.059257  67.439498  1.994
 18    28.214 52835.13355127 22.03 123.075052  67.443037  9.620
 18    28.152 52835.13355191 21.07 123.071482  67.439977  9.620
 18    28.654 52835.13355256 20.32 123.067922  67.436917  9.620
 18    28.956 52835.13355320 19.64 123.064363  67.433864 19.340
 19    27.370 52870.13358920 24.02 123.088569  67.461248 11.321
 19    27.439 52870.13358984 19.88 123.084999  67.458198 11.321
 19    27.380 52870.13359048 17.90 123.081429  67.455138 11.321
 19    28.913 52870.13359113 17.77 123.077869  67.452078 11.321
 19    29.413 52870.13359177 17.90 123.074299  67.449018 11.321
 19    30.854 52870.13359242 18.09 123.070739  67.445958 11.321
 19    31.276 52870.13359306 17.36 123.067169  67.442908 11.321
 19    30.984 52870.13359371 17.37 123.063609  67.439848 11.321
 19    29.597 52870.13359435 18.39 123.060049  67.436788 11.321
 21    22.199 52940.13352300 51.36 123.074549  67.473861 22.762
 21    22.477 52940.13352364 46.77 123.070989  67.470801 22.762
 21    22.322 52940.13352428 46.54 123.067419  67.467741 22.762
 21    22.414 52940.13352493 45.20 123.063859  67.464681 22.762
 21    22.303 52940.13352557 44.06 123.060289  67.461621 22.762
 21    22.428 52940.13352622 43.00 123.056729  67.458561 22.762
 21    22.300 52940.13352686 39.52 123.053159  67.455511 22.762
 22    23.019 52975.13356930 16.65 123.088715  67.462686  3.725
 22    23.058 52975.13356994 16.65 123.085145  67.459636  3.725
 22    23.294 52975.13357058 16.24 123.081575  67.456576  3.725
 22    23.437 52975.13357123 16.19 123.078015  67.453516  3.725
 22    23.616 52975.13357187 17.02 123.074445  67.450456  3.725
 22    24.694 52975.13357252 16.91 123.070885  67.447406  3.725
 22    27.172 52975.13357316 17.15 123.067315  67.444346  3.725
 22    28.218 52975.13357381 17.44 123.063755  67.441286  3.725
 22    29.720 52975.13357445 16.35 123.060195  67.438226  3.725
 23    23.808 53010.13357352 12.02 123.080519  67.467410  2.355
 23    23.370 53010.13357417 12.20 123.076949  67.464350  2.355
 23    23.462 53010.13357481 12.75 123.073389  67.461290  2.355
 23    23.080 53010.13357546 12.88 123.069819  67.458240  2.355
 23    23.782 53010.13357610 12.75 123.066249  67.455180  2.355
 23    25.409 53010.13357675 12.62 123.062689  67.452120  2.355
 23    27.527 53010.13357739 12.38 123.059119  67.449060  2.355
 23    29.101 53010.13357804 12.05 123.055559  67.446010  2.355
 24    24.230 53045.13353613 10.39 123.089625  67.460461  2.753
 24    23.302 53045.13353678 11.21 123.086065  67.457401  2.753
 24    24.791 53045.13353742 11.23 123.082495  67.454341  2.753
 24    24.531 53045.13353806 11.41 123.078925  67.451291  2.753
 24    24.479 53045.13353871 12.54 123.075355  67.448231  2.753
 24    25.740 53045.13353935 13.43 123.071795  67.445171  2.753
 24    26.766 53045.13354000 13.73 123.068235  67.442111  2.753
 24    29.085 53045.13354064 11.88 123.064665  67.439051  2.753
 24    30.462 53045.13354129 11.45 123.061105  67.436001  2.753
 25    24.412 53080.13356894  9.03 123.079687  67.469177  1.977
 25    25.223 53080.13356958  9.32 123.076117  67.466117  1.977
 25    25.746 53080.13357023  9.51 123.072557  67.463057  1.977
 25    25.209 53080.13357087 10.17 123.068987  67.459997  1.977
 25    25.220 53080.13357152 10.05 123.065417  67.456947  1.977
 25    27.643 53080.13357216  9.54 123.061857  67.453887  1.977
 25    28.700 53080.13357281  9.33 123.058287  67.450827  1.977
 25    29.454 53080.13357345  9.10 123.054727  67.447767  1.977
 26    24.721 53115.13354035  8.62 123.088837  67.462180  2.091
 26    24.856 53115.13354099  8.20 123.085277  67.459120  2.091
 26    25.113 53115.13354164  8.69 123.081707  67.456060  2.091
 26    25.500 53115.13354228  9.05 123.078137  67.453010  2.091
 26    26.245 53115.13354293  8.92 123.074567  67.449950  2.091
 26    26.990 53115.13354357  8.86 123.071007  67.446890  2.091
 26    28.122 53115.13354422  8.45 123.067437  67.443830  2.091
 26    29.069 53115.13354486  8.75 123.063877  67.440770  2.091
 26    30.232 53115.13354551  8.83 123.060317  67.437720  2.091
 27    46.522 53150.13358683  2.88 123.081768  67.464264  5.932
 27    47.351 53150.13358747  1.59 123.078208  67.461204  5.932
 27    32.100 53150.13358812 12.64 123.074638  67.458144  5.932
 27    25.269 53150.13358941 25.42 123.067508  67.452034  5.932
 27    25.176 53150.13359005 26.91 123.063938  67.448974  5.932
 27    32.792 53150.13359070 23.95 123.060378  67.445914  5.932
 27    34.406 53150.13359134 24.52 123.056808  67.442854  5.932
 28    32.019 53185.13357869 17.29 123.088396  67.459326  4.604
 28    32.354 53185.13357933 16.95 123.084826  67.456276  4.604
 28    33.103 53185.13357998 16.96 123.081256  67.453216  4.604
 28    32.709 53185.13358062 17.21 123.077696  67.450156  4.604
 28    33.731 53185.13358127 16.84 123.074126  67.447096  4.604
 28    33.492 53185.13358256 17.27 123.067006  67.440986  4.604
 28    33.205 53185.13358320 18.77 123.063446  67.437926  4.604
 28    32.872 53185.13358385 20.48 123.059876  67.434866  4.604
 29    27.003 53220.13360313 30.44 123.083279  67.466913 15.558
 29    27.077 53220.13360378 26.09 123.079719  67.463863 15.558
 29    26.682 53220.13360442 22.37 123.076149  67.460803 15.558
 29    26.198 53220.13360507 20.15 123.072579  67.457743 15.558
 29    30.184 53220.13360571 16.89 123.069019  67.454683 15.558
 29    30.532 53220.13360635 16.42 123.065449  67.451623 15.558
 29    30.681 53220.13360700 22.10 123.061889  67.448573 15.558
 29    31.391 53220.13360764 27.38 123.058329  67.445513 15.558
 29    33.243 53220.13360829 31.77 123.054759  67.442453 15.558
 30    26.503 53255.13357956 20.76 123.073141  67.471259 17.611
 30    26.500 53255.13358021 19.24 123.069571  67.468199 17.611
 30    26.116 53255.13358085 18.80 123.066001  67.465149 17.611
 30    29.456 53255.13358150 18.67 123.062441  67.462089 17.611
 30    30.315 53255.13358214 17.56 123.058871  67.459029 17.611
 30    30.574 53255.13358279 22.39 123.055311  67.455969 17.611
 30    30.718 53255.13358343 31.08 123.051741  67.452909 17.611
 31    26.436 53290.13358973 32.33 123.088556  67.462236 15.468
 31    26.404 53290.13359038 38.06 123.084986  67.459176 15.468
 31    26.566 53290.13359102 28.99 123.081416  67.456126 15.468
 31    26.081 53290.13359166 26.21 123.077846  67.453066 15.468
 31    25.817 53290.13359231 26.92 123.074276  67.450006 15.468
 31    25.977 53290.13359295 28.18 123.070716  67.446946 15.468
 31    26.328 53290.13359360 28.14 123.067146  67.443896 15.468
 31    26.502 53290.13359424 30.17 123.063586  67.440836 15.468
 31    26.594 53290.13359489 41.71 123.060016  67.437776 15.468
 32    27.233 53325.13356456 13.70 123.086452  67.464322  2.543
 32    27.623 53325.13356521 14.22 123.082882  67.461262  2.543
 32    24.912 53325.13356585 13.96 123.079322  67.458202  2.543
 32    28.842 53325.13356649 14.19 123.075752  67.455142  2.543
 32    28.924 53325.13356714 13.78 123.072192  67.452092  2.543
 32    26.427 53325.13356778 13.95 123.068622  67.449032  2.543
 32    27.835 53325.13356843 13.95 123.065062  67.445972  2.543
 32    28.799 53325.13356907 14.25 123.061502  67.442912  2.543
 32    29.756 53325.13356972 13.84 123.057942  67.439852  2.543
 33    27.410 53360.13352437 10.07 123.080786  67.466582  1.999
 33    27.830 53360.13352501 10.53 123.077216  67.463522  1.999
 33    28.808 53360.13352566 10.54 123.073646  67.460462  1.999
 33    27.156 53360.13352630 10.22 123.070086  67.457402  1.999
 33    25.625 53360.13352695 10.69 123.066516  67.454342  1.999
 33    29.809 53360.13352759 10.51 123.062956  67.451282  1.999
 33    28.793 53360.13352823 10.54 123.059396  67.448232  1.999
 33    29.505 53360.13352888 10.38 123.055836  67.445172  1.999
 34    26.808 53395.13354317  8.90 123.091762  67.462172  1.985
 34    27.412 53395.13354382  9.24 123.088202  67.459112  1.985
 34    26.144 53395.13354446  9.03 123.084632  67.456052  1.985
 34    26.101 53395.13354510  9.78 123.081062  67.453002  1.985
 34    25.748 53395.13354575  9.15 123.077492  67.449942  1.985
 34    26.191 53395.13354639  9.43 123.073932  67.446882  1.985
 34    27.499 53395.13354704  9.53 123.070362  67.443822  1.985
 34    28.382 53395.13354768  9.55 123.066802  67.440762  1.985
 34    29.517 53395.13354833 10.23 123.063242  67.437712  1.985
 34    30.793 53395.13354897 10.14 123.059682  67.434652  1.985
 35    26.651 53430.13353532  9.12 123.081597  67.468443  1.957
 35    26.278 53430.13353597  9.47 123.078027  67.465393  1.957
 35    26.021 53430.13353661  9.79 123.074457  67.462333  1.957
 35    26.100 53430.13353726  9.57 123.070897  67.459273  1.957
 35    29.371 53430.13353790  9.31 123.067327  67.456213  1.957
 35    25.581 53430.13353855  9.73 123.063767  67.453153  1.957
 35    27.061 53430.13353919 10.02 123.060197  67.450103  1.957
 35    29.381 53430.13353984  9.56 123.056637  67.447043  1.957
 36    27.322 53465.13356332  6.39 123.094394  67.460216  2.338
 36    27.367 53465.13356397  6.63 123.090834  67.457156  2.338
 36    27.179 53465.13356461  6.73 123.087264  67.454096  2.338
 36    26.766 53465.13356526  7.01 123.083694  67.451036  2.338
 36    26.376 53465.13356590  7.09 123.080124  67.447986  2.338
 36    27.029 53465.13356655  7.60 123.076564  67.444926  2.338
 36    28.010 53465.13356719  7.35 123.072994  67.441866  2.338
 36    29.352 53465.13356784  7.65 123.069434  67.438806  2.338
 36    30.246 53465.13356848  7.78 123.065871  67.435745  2.758
 36    31.394 53465.13356913  7.57 123.062311  67.432695  2.758
 37    50.245 53500.13362811  4.97 123.060907  67.449749  6.227
 37    45.932 53500.13362876  8.72 123.057337  67.446699  6.227
 38    29.987 53535.13361155 14.89 123.084672  67.467058  5.521
 38    29.756 53535.13361220 14.17 123.081102  67.463998  5.521
 38    29.872 53535.13361284 14.55 123.077542  67.460938  5.521
 38    30.394 53535.13361349 14.46 123.073972  67.457878  5.521
 38    31.111 53535.13361413 14.40 123.070402  67.454818  5.521
 38    32.295 53535.13361478 14.97 123.066842  67.451768  5.521
 38    32.452 53535.13361542 17.96 123.063282  67.448708  5.521
 38    32.055 53535.13361607 24.71 123.059712  67.445648  5.521
 38    31.617 53535.13361671 32.37 123.056152  67.442588  5.521
 39    27.594 53570.13362316 27.74 123.078631  67.467944 10.151
 39    27.992 53570.13362380 24.81 123.075061  67.464884 10.151
 39    28.480 53570.13362445 19.39 123.071491  67.461834 10.151
 39    29.658 53570.13362509 17.98 123.067921  67.458774 10.151
 39    30.241 53570.13362573 18.57 123.064361  67.455714 10.151
 39    30.692 53570.13362638 18.32 123.060791  67.452654 10.151
 39    30.674 53570.13362702 28.27 123.057231  67.449594 10.151
 39    30.929 53570.13362767 36.46 123.053671  67.446544 10.151
 40    28.184 53605.13356999 18.84 123.076059  67.470464  7.594
 40    28.241 53605.13357063 18.10 123.072489  67.467414  7.594
 40    27.763 53605.13357127 18.62 123.068929  67.464354  7.594
 40    27.933 53605.13357192 18.83 123.065359  67.461294  7.594
 41    28.179 53640.13357154 35.11 123.084791  67.456262  9.428
 41    28.318 53640.13357219 42.56 123.081221  67.453202  9.428
 41    27.989 53640.13357283 44.07 123.077651  67.450152  9.428
 41    28.691 53640.13357348 40.42 123.074091  67.447092  9.428
 41    28.899 53640.13357412 40.55 123.070521  67.444032  9.428
 41    28.963 53640.13357476 42.38 123.066961  67.440972  9.428
 41    28.853 53640.13357541 46.23 123.063391  67.437912  9.428
 41    27.133 53640.13357605 46.56 123.059831  67.434862  9.428
 42    22.312 53675.13358955 28.96 123.083631  67.467227 27.005
 42    22.373 53675.13359020 30.38 123.080061  67.464167 27.005
 42    22.541 53675.13359084 31.87 123.076491  67.461117 27.005
 42    22.614 53675.13359149 34.22 123.072921  67.458057 27.005
 42    22.759 53675.13359213 38.91 123.069361  67.454997 27.005
 42    22.695 53675.13359278 43.45 123.065791  67.451937 27.005
 42    22.630 53675.13359342 42.85 123.062231  67.448887 27.005
 42    22.637 53675.13359406 39.33 123.058661  67.445827 27.005
 42    22.564 53675.13359471 38.07 123.055101  67.442767 27.005
 43    23.364 53710.13351949 19.57 123.080664  67.469235  5.622
 43    23.407 53710.13352013 20.02 123.077094  67.466175  5.622
 43    23.519 53710.13352078 21.63 123.073534  67.463125  5.622
 43    23.620 53710.13352142 22.59 123.069964  67.460065  5.622
 43    23.657 53710.13352207 22.64 123.066404  67.457005  5.622
 43    23.766 53710.13352271 24.23 123.062834  67.453945  5.622
 43    23.844 53710.13352336 23.93 123.059274  67.450885  5.622
 43    23.750 53710.13352400 23.11 123.055714  67.447825  5.622
 45    21.649 53780.13346110 14.10 123.085703  67.461636  4.089
 45    21.942 53780.13346174 14.50 123.082143  67.458576  4.089
 45    21.891 53780.13346239 17.05 123.078573  67.455516  4.089
 45    22.312 53780.13346303 15.98 123.075003  67.452466  4.089
 45    22.386 53780.13346368 17.54 123.071443  67.449406  4.089
 45    22.271 53780.13346432 17.62 123.067883  67.446346  4.089
 45    22.298 53780.13346497 17.44 123.064313  67.443286  4.089
 45    22.402 53780.13346561 16.04 123.060753  67.440226  4.089
 45    22.427 53780.13346626 16.23 123.057193  67.437166  4.089
 46    23.919 53815.13342998 10.83 123.075209  67.472372  2.086
 46    22.181 53815.13343062 11.22 123.071639  67.469309  2.454
 46    22.810 53815.13343127 11.43 123.068079  67.466259  2.454
 46    22.322 53815.13343191 11.93 123.064509  67.463199  2.454
 46    23.094 53815.13343256 12.21 123.060949  67.460139  2.454
 46    24.717 53815.13343320 11.52 123.057379  67.457079  2.454
 46    25.514 53815.13343385 11.21 123.053819  67.454019  2.454
 47    22.630 53850.13349530  9.54 123.089826  67.462609  2.992
 47    21.897 53850.13349594 10.92 123.086256  67.459549  2.992
 47    22.177 53850.13349659 10.23 123.082686  67.456489  2.992
 47    21.555 53850.13349723 11.76 123.079126  67.453439  2.992
 47    22.854 53850.13349788 10.70 123.075556  67.450379  2.992
 47    24.191 53850.13349852 11.52 123.071986  67.447319  2.992
 47    25.761 53850.13349917 11.78 123.068426  67.444259  2.992
 47    28.211 53850.13349981 10.71 123.064856  67.441199  2.992
 47    29.167 53850.13350046 10.92 123.061296  67.438149  2.992
 49    30.534 53920.13357397 16.21 123.080004  67.467934 15.996
 49    30.547 53920.13357461 15.30 123.076434  67.464874 15.996
 49    30.982 53920.13357525 15.09 123.072864  67.461814 15.996
 49    31.142 53920.13357590 15.86 123.069294  67.458754 15.996
 49    31.320 53920.13357654 19.91 123.065734  67.455694 15.996
 49    31.349 53920.13357719 22.30 123.062164  67.452644 15.996
 49    31.475 53920.13357783 26.80 123.058604  67.449584 15.996
 49    31.718 53920.13357848 28.74 123.055034  67.446524 15.996
 50    27.217 53955.13357265 26.68 123.079903  67.470528 13.463
 50    27.244 53955.13357329 22.25 123.076333  67.467468 13.463
 50    28.697 53955.13357394 20.62 123.072773  67.464418 13.463
 50    29.602 53955.13357458 17.86 123.069203  67.461358 13.463
 50    30.151 53955.13357523 17.29 123.065633  67.458298 13.463
 50    30.699 53955.13357587 17.90 123.062073  67.455238 13.463
 50    30.815 53955.13357652 20.68 123.058503  67.452178 13.463
 50    30.903 53955.13357716 28.62 123.054943  67.449128 13.463
 51    29.289 53990.13349096 15.51 123.078465  67.470940  4.850
 51    29.384 53990.13349161 16.01 123.074895  67.467880  4.850
 51    29.386 53990.13349225 16.16 123.071335  67.464820  4.850
 51    29.750 53990.13349290 15.89 123.067768  67.461764 24.990
 51    30.270 53990.13349354 15.88 123.064198  67.458704 24.990
 51    30.877 53990.13349419 16.01 123.060638  67.455644 24.990
 51    30.913 53990.13349483 21.81 123.057078  67.452584 24.990
 51    30.965 53990.13349548 29.60 123.053518  67.449524 24.990
 52    25.384 54025.13355765 40.28 123.090831  67.458724 28.390
 52    25.456 54025.13355830 47.84 123.087271  67.455664 28.390
 52    25.303 54025.13355894 47.48 123.083701  67.452604 28.390
 52    25.484 54025.13355959 44.55 123.080131  67.449544 28.390
 52    25.454 54025.13356023 49.19 123.076571  67.446494 28.390
 52    25.374 54025.13356088 53.06 123.073001  67.443434 28.390
 52    25.441 54025.13356152 49.20 123.069441  67.440374 28.390
 52    25.297 54025.13356217 48.67 123.065871  67.437314 28.390
 52    25.438 54025.13356281 48.07 123.062311  67.434254 28.390
 53    22.974 54060.13355059 28.84 123.086986  67.461128  8.584
 53    23.407 54060.13355123 30.82 123.083416  67.458068  8.584
 53    23.911 54060.13355188 34.74 123.079846  67.455008  8.584
 53    23.861 54060.13355252 37.87 123.076286  67.451958  8.584
 53    23.854 54060.13355317 30.91 123.072726  67.448898  8.584
 53    23.832 54060.13355381 28.40 123.069156  67.445838  8.584
 53    23.705 54060.13355446 25.84 123.065596  67.442778  8.584
 53    23.526 54060.13355510 25.81 123.062036  67.439718  8.584
 53    23.334 54060.13355575 24.06 123.058476  67.436668  8.584
 54    23.632 54095.13352473 21.59 123.077710  67.471247  5.785
 54    24.078 54095.13352537 21.92 123.074140  67.468197  5.785
 54    24.191 54095.13352602 23.11 123.070570  67.465137  5.785
 54    24.210 54095.13352666 23.71 123.067010  67.462077  5.785
 54    24.377 54095.13352731 24.96 123.063440  67.459017  5.785
 54    24.355 54095.13352795 26.01 123.059880  67.455957  5.785
 54    24.358 54095.13352860 25.58 123.056320  67.452907  5.785
 54    24.350 54095.13352924 25.03 123.052750  67.449847  5.785
 55    23.083 54130.13347053 17.57 123.094546  67.458388  5.043
 55    23.330 54130.13347118 19.30 123.090976  67.455328  5.043
 55    23.464 54130.13347182 20.96 123.087406  67.452268  5.043
 55    23.474 54130.13347247 21.33 123.083846  67.449218  5.043
 55    23.380 54130.13347311 22.64 123.080276  67.446158  5.043
 55    23.465 54130.13347376 21.93 123.076716  67.443098  5.043
 55    23.580 54130.13347440 19.42 123.073146  67.440038  5.043
 55    23.544 54130.13347505 19.24 123.069586  67.436988  5.043
 55    23.289 54130.13347569 17.96 123.066026  67.433928  5.043
 56    21.499 54165.13349658 17.52 123.079962  67.467560  4.954
 56    21.877 54165.13349722 16.88 123.076402  67.464500  4.954
 56    22.308 54165.13349787 16.77 123.072832  67.461440  4.954
 56    22.371 54165.13349851 19.22 123.069262  67.458380  4.954
 56    22.501 54165.13349916 20.20 123.065702  67.455330  4.954
 56    22.535 54165.13349980 19.93 123.062132  67.452270  4.954
 56    22.595 54165.13350045 19.86 123.058572  67.449210  4.954
 56    22.677 54165.13350109 18.17 123.055012  67.446150  4.954
 57    27.505 54200.13347292 13.71 123.092055  67.462145  3.796
 57    22.028 54200.13347356 15.08 123.088495  67.459085  3.796
 57    28.618 54200.13347421 15.15 123.084925  67.456025  3.796
 57    22.203 54200.13347485 17.60 123.081355  67.452965  3.796
 57    22.449 54200.13347550 17.08 123.077785  67.449915  3.796
 57    22.888 54200.13347614 17.30 123.074225  67.446855  3.796
 57    22.773 54200.13347679 16.82 123.070655  67.443795  3.796
 57    25.245 54200.13347743 15.39 123.067095  67.440735  3.796
 57    22.952 54200.13347808 15.67 123.063531  67.437674  3.167
 57    30.774 54200.13347872 14.13 123.059971  67.434624  3.167
 58    43.965 54235.13351350 10.75 123.076384  67.452785  4.808
 58    44.708 54235.13351415 11.22 123.072814  67.449725  4.808
 58    42.936 54235.13351479 15.55 123.069254  67.446665  4.808
 58    43.116 54235.13351544 17.20 123.065684  67.443605  4.808
 58    23.578 54235.13351672 39.62 123.058564  67.437495  4.808
 61    26.461 54340.13351710 42.88 123.080361  67.466803 25.428
 61    26.500 54340.13351774 48.71 123.076801  67.463743 25.428
 61    26.473 54340.13351839 45.89 123.073231  67.460683 25.428
 61    26.479 54340.13351903 44.01 123.069661  67.457633 25.428
 61    26.475 54340.13351967 39.74 123.066101  67.454573 25.428
 61    26.503 54340.13352032 42.96 123.062531  67.451513 25.428
 61    26.400 54340.13352096 46.73 123.058971  67.448453 25.428
 61    26.571 54340.13352161 47.05 123.055411  67.445393 25.428
 62    31.924 54375.13347188 15.30 123.071748  67.448026  7.503
 62    32.404 54375.13347253 15.34 123.068178  67.444966  7.503
 62    32.008 54375.13347317 19.23 123.064618  67.441906  7.503
 62    32.298 54375.13347382 16.04 123.061058  67.438846  7.503
 63    23.585 54410.13346376 21.46 123.081945  67.464693 13.880
 63    23.738 54410.13346440 20.07 123.078375  67.461643 13.880
 63    23.878 54410.13346505 20.49 123.074805  67.458583 13.880
 63    24.061 54410.13346569 23.94 123.071245  67.455523 13.880
 63    24.031 54410.13346634 27.79 123.067675  67.452463 13.880
 63    24.022 54410.13346698 27.43 123.064115  67.449403 13.880
 63    24.000 54410.13346763 26.31 123.060545  67.446353 13.880
 63    24.115 54410.13346827 23.57 123.056985  67.443293 13.880
 64    23.656 54445.13343266 13.61 123.092207  67.457568  3.751
 64    24.049 54445.13343330 13.63 123.088637  67.454508  3.751
 64    24.223 54445.13343395 13.58 123.085067  67.451458  3.751
 64    24.355 54445.13343459 14.13 123.081497  67.448398  3.751
 64    24.221 54445.13343524 16.10 123.077937  67.445338  3.751
 64    24.416 54445.13343588 15.52 123.074367  67.442278  3.751
 64    27.236 54445.13343653 14.28 123.070807  67.439218  3.751
 64    28.865 54445.13343717 13.65 123.067247  67.436168  3.751
 64    30.599 54445.13343782 12.54 123.063677  67.433108  3.751
 65    23.199 54480.13345435 12.74 123.086084  67.465103  3.003
 65    23.212 54480.13345499 12.93 123.082514  67.462043  3.003
 65    23.764 54480.13345564 12.09 123.078944  67.458983  3.003
 65    24.029 54480.13345628 11.98 123.075384  67.455923  3.003
 65    24.269 54480.13345693 12.58 123.071814  67.452863  3.003
 65    24.238 54480.13345757 14.24 123.068254  67.449803  3.003
 65    24.997 54480.13345822 13.67 123.064684  67.446753  3.003
 65    27.221 54480.13345886 13.32 123.061124  67.443693  3.003
 65    29.302 54480.13345951 12.39 123.057564  67.440633  3.003
 66    23.433 54515.13344724  9.81 123.091226  67.457217  2.952
 66    23.571 54515.13344789  9.82 123.087656  67.454157  2.952
 66    23.479 54515.13344853 10.62 123.084086  67.451097  2.952
 66    24.869 54515.13344917  9.91 123.080516  67.448047  2.952
 66    24.836 54515.13344982 11.79 123.076956  67.444987  2.952
 66    24.594 54515.13345046 12.27 123.073396  67.441927  2.952
 66    28.401 54515.13345111  9.44 123.069826  67.438867  2.952
 66    29.863 54515.13345175  9.70 123.066262  67.435806  2.765
 66    31.102 54515.13345240  9.47 123.062702  67.432756  2.765
 67    25.280 54550.13346715  7.23 123.080494  67.468283  1.943
 67    26.398 54550.13346779  7.44 123.076934  67.465223  1.943
 67    26.070 54550.13346844  7.78 123.073364  67.462163  1.943
 67    26.362 54550.13346908  7.59 123.069794  67.459113  1.943
 67    26.676 54550.13346973  7.43 123.066234  67.456053  1.943
 67    27.505 54550.13347037  7.15 123.062664  67.452993  1.943
 67    28.832 54550.13347102  6.73 123.059104  67.449933  1.943
 67    29.515 54550.13347166  6.87 123.055544  67.446873  1.943
 68    27.766 54585.13344198  5.75 123.085818  67.462263  3.784
 68    26.758 54585.13344263  6.59 123.082248  67.459213  3.784
 68    27.495 54585.13344327  5.71 123.078678  67.456153  3.784
 68    27.741 54585.13344392  5.35 123.075118  67.453093  3.784
 68    27.944 54585.13344456  5.81 123.071548  67.450033  3.784
 68    30.379 54585.13344521  5.84 123.067988  67.446973  3.784
 68    32.449 54585.13344585  5.70 123.064418  67.443913  3.784
 68    32.384 54585.13344650  7.99 123.060858  67.440863  3.784
 68    31.914 54585.13344714  6.45 123.057298  67.437803  3.784
 69    33.856 54620.13346160 24.13 123.082829  67.462525  4.710
 69    35.039 54620.13346225 25.38 123.079259  67.459475  4.710
 69    35.889 54620.13346289 24.90 123.075689  67.456415  4.710
 69    36.116 54620.13346354 26.06 123.072129  67.453355  4.710
 69    36.699 54620.13346418 26.09 123.068559  67.450295  4.710
 69    36.820 54620.13346483 26.52 123.064999  67.447235  4.710
 69    36.574 54620.13346547 24.76 123.061439  67.444185  4.710
 69    36.502 54620.13346612 25.26 123.057869  67.441125  4.710
 70    28.316 54655.13347184 26.63 123.082837  67.465346 11.164
 70    27.968 54655.13347249 22.91 123.079267  67.462286 11.164
 70    29.320 54655.13347313 19.14 123.075697  67.459236 11.164
 70    28.956 54655.13347378 17.62 123.072127  67.456176 11.164
 70    28.365 54655.13347442 16.80 123.068567  67.453116 11.164
 70    30.844 54655.13347507 16.52 123.064997  67.450056 11.164
 70    33.103 54655.13347571 16.01 123.061437  67.446996 11.164
 70    33.676 54655.13347636 21.77 123.057877  67.443936 11.164
 71    27.227 54690.13345784 35.67 123.081399  67.467213 22.965
 71    27.154 54690.13345849 29.18 123.077829  67.464153 22.965
 71    27.002 54690.13345913 27.22 123.074269  67.461093 22.965
 71    26.929 54690.13345978 27.41 123.070699  67.458033 22.965
 71    26.685 54690.13346042 27.15 123.067139  67.454983 22.965
 71    26.636 54690.13346107 27.51 123.063569  67.451923 22.965
 71    26.635 54690.13346171 27.58 123.060009  67.448863 22.965
 71    31.786 54690.13346235 30.70 123.056449  67.445803 22.965
 72    31.584 54725.13342272 16.67 123.091534  67.458772 10.613
 72    31.738 54725.13342337 16.66 123.087964  67.455712 10.613
 72    31.397 54725.13342401 17.08 123.084394  67.452652 10.613
 72    31.689 54725.13342466 16.58 123.080824  67.449592 10.613
 72    32.156 54725.13342530 16.58 123.077264  67.446542 10.613
 72    32.143 54725.13342595 16.31 123.073694  67.443482 10.613
 72    31.936 54725.13342659 16.51 123.070134  67.440422 10.613
 72    31.867 54725.13342724 17.28 123.066574  67.437362 10.613
 72    31.845 54725.13342788 18.78 123.063012  67.434309 25.986
 73    24.777 54760.13343447 33.27 123.083743  67.466884 30.045
 73    24.825 54760.13343511 40.49 123.080183  67.463824 30.045
 73    24.900 54760.13343576 42.94 123.076613  67.460764 30.045
 73    24.867 54760.13343640 41.48 123.073043  67.457714 30.045
 73    24.777 54760.13343705 44.32 123.069483  67.454654 30.045
 73    24.936 54760.13343769 46.07 123.065913  67.451594 30.045
 73    24.869 54760.13343834 42.45 123.062353  67.448534 30.045
 73    24.849 54760.13343898 41.31 123.058793  67.445474 30.045
 73    24.916 54760.13343962 38.58 123.055223  67.442424 30.045
 74    23.828 54795.13341631 17.69 123.092269  67.458080  6.914
 74    23.849 54795.13341695 18.82 123.088709  67.455020  6.914
 74    23.896 54795.13341760 21.70 123.085139  67.451960  6.914
 74    23.831 54795.13341824 23.53 123.081569  67.448910  6.914
 74    23.835 54795.13341889 24.24 123.078009  67.445850  6.914
 74    23.819 54795.13341953 23.85 123.074439  67.442790  6.914
 74    23.918 54795.13342018 24.37 123.070879  67.439730  6.914
 74    23.901 54795.13342082 22.15 123.067314  67.436671  3.122
 74    23.711 54795.13342146 19.80 123.063754  67.433621  3.122
 75    24.082 54830.13343461 15.02 123.083737  67.463782  4.112
 75    24.228 54830.13343525 14.69 123.080167  67.460722  4.112
 75    24.333 54830.13343590 14.55 123.076597  67.457672  4.112
 75    24.402 54830.13343654 15.31 123.073037  67.454612  4.112
 75    24.637 54830.13343719 15.21 123.069467  67.451552  4.112
 75    24.531 54830.13343783 16.52 123.065907  67.448492  4.112
 75    24.631 54830.13343847 17.57 123.062337  67.445432  4.112
 75    24.515 54830.13343912 16.01 123.058777  67.442372  4.112
 76    23.501 54865.13341043 13.73 123.093463  67.461200  4.811
 76    23.333 54865.13341108 13.85 123.089903  67.458140  4.811
 76    23.444 54865.13341172 14.65 123.086333  67.455080  4.811
 76    23.602 54865.13341237 16.43 123.082763  67.452020  4.811
 76    23.632 54865.13341301 17.62 123.079193  67.448970  4.811
 76    23.561 54865.13341366 17.21 123.075633  67.445910  4.811
 76    23.566 54865.13341430 17.59 123.072063  67.442850  4.811
 76    23.759 54865.13341494 16.06 123.068503  67.439790  4.811
 76    23.482 54865.13341559 16.27 123.064940  67.436729  2.766
 76    23.926 54865.13341623 14.84 123.061380  67.433679  2.766
 77    23.090 54900.13343309 11.41 123.082256  67.469248  2.971
 77    22.784 54900.13343373 10.89 123.078696  67.466188  2.971
 77    22.244 54900.13343438 10.66 123.075126  67.463128  2.971
 77    22.669 54900.13343502 10.77 123.071556  67.460078  2.971
 77    23.049 54900.13343567 10.72 123.067996  67.457018  2.971
 77    23.948 54900.13343631 10.26 123.064426  67.453958  2.971
 77    24.862 54900.13343696 10.47 123.060866  67.450898  2.971
 77    27.415 54900.13343760 10.00 123.057306  67.447838  2.971
 77    28.923 54900.13343825 10.33 123.053736  67.444788  2.971
 78    23.497 54935.13340274  9.56 123.087283  67.460689  2.560
 78    22.966 54935.13340339  9.55 123.083713  67.457639  2.560
 78    24.920 54935.13340403  9.59 123.080143  67.454579  2.560
 78    25.204 54935.13340468  9.69 123.076583  67.451519  2.560
 78    24.797 54935.13340532  9.62 123.073013  67.448459  2.560
 78    26.472 54935.13340597  9.45 123.069453  67.445399  2.560
 78    26.201 54935.13340661  9.62 123.065883  67.442339  2.560
 78    28.960 54935.13340725  9.87 123.062323  67.439289  2.560
 78    30.233 54935.13340790  9.83 123.058763  67.436229  2.560
 80    31.097 55005.13345442 16.66 123.084897  67.467483  5.085
 80    31.711 55005.13345506 15.27 123.081337  67.464423  5.085
 80    31.557 55005.13345571 15.09 123.077767  67.461363  5.085
 80    31.891 55005.13345635 14.95 123.074197  67.458313  5.085
 80    32.255 55005.13345700 14.49 123.070627  67.455253  5.085
 80    33.322 55005.13345764 14.33 123.067067  67.452193  5.085
 80    33.151 55005.13345829 14.27 123.063507  67.449133  5.085
 80    33.409 55005.13345893 19.16 123.059937  67.446073  5.085
 80    34.156 55005.13345957 20.54 123.056377  67.443013  5.085
 81    32.440 55040.13344577 17.70 123.066688  67.448986  4.258
 81    33.702 55040.13344641 18.24 123.063118  67.445926  4.258
 81    33.730 55040.13344706 17.46 123.059558  67.442866  4.258
 81    33.137 55040.13344770 17.16 123.055998  67.439816  4.258
 82    28.148 55075.13342429 23.36 123.082537  67.469878  7.793
 82    27.095 55075.13342493 25.73 123.078967  67.466828  7.793
 82    27.640 55075.13342558 24.08 123.075397  67.463768  7.793
 82    28.689 55075.13342622 21.28 123.071837  67.460708  7.793
 82    28.495 55075.13342687 20.85 123.068267  67.457648  7.793
 82    28.545 55075.13342751 19.54 123.064707  67.454598  7.793
 82    28.571 55075.13342816 18.09 123.061137  67.451538  7.793
 82    33.078 55075.13342880 17.45 123.057577  67.448478  7.793
 82    32.002 55075.13342945 28.68 123.054017  67.445418  7.793
 83    27.899 55110.13337555 21.07 123.089888  67.461166  6.706
 83    29.429 55110.13337620 20.06 123.086318  67.458116  6.706
 83    29.220 55110.13337684 18.43 123.082748  67.455056  6.706
 83    28.682 55110.13337749 17.31 123.079178  67.451996  6.706
 83    27.970 55110.13337813 16.98 123.075618  67.448936  6.706
 83    31.415 55110.13337878 17.47 123.072048  67.445886  6.706
 83    28.101 55110.13337942 19.61 123.068488  67.442826  6.706
 83    28.973 55110.13338007 19.48 123.064928  67.439766  6.706
 83    29.632 55110.13338071 21.85 123.061358  67.436706  6.706
 84    22.751 55145.13337756 25.47 123.084046  67.468166 15.243
 84    23.027 55145.13337821 28.02 123.080486  67.465106 15.243
 84    23.110 55145.13337885 32.57 123.076916  67.462046 15.243
 84    23.290 55145.13337950 37.19 123.073346  67.458996 15.243
 84    23.553 55145.13338014 36.69 123.069786  67.455936 15.243
 84    23.281 55145.13338079 35.54 123.066216  67.452876 15.243
 84    23.015 55145.13338143 31.79 123.062656  67.449816 15.243
 84    23.001 55145.13338208 28.76 123.059086  67.446756 15.243
 84    23.215 55145.13338272 29.38 123.055526  67.443696 15.243
 85    23.895 55180.13335197 23.69 123.092988  67.457695  5.103
 85    23.945 55180.13335261 23.99 123.089428  67.454635  5.103
 85    23.937 55180.13335326 24.64 123.085858  67.451575  5.103
 85    23.838 55180.13335390 23.99 123.082288  67.448525  5.103
 85    23.644 55180.13335454 24.94 123.078728  67.445465  5.103
 85    23.448 55180.13335519 24.99 123.075158  67.442405  5.103
 85    23.414 55180.13335583 23.80 123.071598  67.439345  5.103
 85    23.115 55180.13335648 24.28 123.068035  67.436284  3.513
 85    22.658 55180.13335712 23.33 123.064475  67.433234  3.513
 86    23.061 55215.13337252 20.39 123.082569  67.465894  4.948
 86    23.264 55215.13337317 20.81 123.078999  67.462834  4.948
 86    23.356 55215.13337381 22.08 123.075439  67.459774  4.948
 86    23.439 55215.13337445 22.71 123.071869  67.456714  4.948
 86    23.398 55215.13337510 22.41 123.068309  67.453664  4.948
 86    23.186 55215.13337574 21.65 123.064739  67.450604  4.948
 86    23.009 55215.13337639 21.83 123.061179  67.447544  4.948
 86    23.035 55215.13337703 21.30 123.057619  67.444484  4.948
 87    22.164 55250.13334898 18.09 123.090351  67.459956  4.970
 87    22.288 55250.13334962 19.51 123.086781  67.456896  4.970
 87    22.220 55250.13335027 21.46 123.083211  67.453836  4.970
 87    22.093 55250.13335091 21.58 123.079651  67.450776  4.970
 87    21.854 55250.13335156 21.61 123.076081  67.447726  4.970
 87    21.630 55250.13335220 20.92 123.072521  67.444666  4.970
 87    21.114 55250.13335285 20.39 123.068951  67.441606  4.970
 87    20.839 55250.13335349 20.61 123.065391  67.438546  4.970
 87    21.693 55250.13335414 19.24 123.061824  67.435494  3.430
 88    21.637 55285.13336605 18.03 123.079049  67.467473  4.855
 88    21.663 55285.13336669 17.59 123.075479  67.464413  4.855
 88    21.898 55285.13336734 17.51 123.071919  67.461353  4.855
 88    21.775 55285.13336798 19.81 123.068349  67.458293  4.855
 88    21.686 55285.13336862 19.18 123.064789  67.455243  4.855
 88    22.276 55285.13336927 18.31 123.061219  67.452183  4.855
 88    23.149 55285.13336991 18.84 123.057659  67.449123  4.855
 88    21.625 55285.13337056 18.41 123.054099  67.446063  4.855
 89    27.964 55320.13333849 16.15 123.084244  67.466781  7.022
 89    26.913 55320.13333914 16.31 123.080684  67.463721  7.022
 89    25.820 55320.13333978 16.68 123.077114  67.460661  7.022
 89    21.631 55320.13334043 18.27 123.073544  67.457611  7.022
 89    24.418 55320.13334107 17.22 123.069984  67.454551  7.022
 89    22.933 55320.13334171 17.42 123.066414  67.451491  7.022
 89    23.281 55320.13334236 16.56 123.062854  67.448431  7.022
 89    22.935 55320.13334300 16.46 123.059284  67.445371  7.022
 89    23.204 55320.13334365 16.53 123.055724  67.442311  7.022
 90    32.706 55355.13334409 32.13 123.059335  67.445939 14.409
 90    33.851 55355.13334474 25.78 123.055775  67.442879 14.409
 91    27.386 55390.13333984 22.67 123.090924  67.462922 19.988
 91    27.229 55390.13334049 21.22 123.087354  67.459872 19.988
 91    27.347 55390.13334113 21.04 123.083784  67.456812 19.988
 91    27.557 55390.13334178 20.25 123.080214  67.453752 19.988
 91    27.765 55390.13334242 20.23 123.076654  67.450692 19.988
 91    27.640 55390.13334307 19.58 123.073084  67.447632 19.988
 91    31.242 55390.13334371 18.75 123.069524  67.444582 19.988
 91    27.653 55390.13334435 18.26 123.065954  67.441522 19.988
 91    31.597 55390.13334500 17.52 123.062394  67.438462 19.988
 91    30.309 55390.13334564 17.68 123.058826  67.435408 17.587
 92    27.518 55425.13335694 19.14 123.084971  67.464862  6.100
 92    29.837 55425.13335759 18.33 123.081411  67.461802  6.100
 92    29.379 55425.13335823 17.65 123.077841  67.458742  6.100
 92    28.916 55425.13335888 16.28 123.074271  67.455692  6.100
 92    28.299 55425.13335952 15.85 123.070711  67.452632  6.100
 92    32.015 55425.13336017 15.47 123.067141  67.449572  6.100
 92    32.452 55425.13336081 15.16 123.063581  67.446512  6.100
 92    33.229 55425.13336146 17.31 123.060021  67.443452  6.100
 92    33.111 55425.13336210 15.15 123.056451  67.440392  6.100
 93    26.114 55460.13332541 42.05 123.081125  67.469089 24.002
 93    26.011 55460.13332606 47.04 123.077555  67.466039 24.002
 93    26.106 55460.13332670 41.45 123.073985  67.462979 24.002
 93    26.128 55460.13332735 38.39 123.070425  67.459919 24.002
 93    26.112 55460.13332799 34.13 123.066855  67.456859 24.002
 93    26.082 55460.13332863 38.93 123.063295  67.453799 24.002
 93    26.041 55460.13332928 40.38 123.059725  67.450749 24.002
 93    26.016 55460.13332992 35.81 123.056165  67.447689 24.002
