# NaN NaN NaN ;Mean Elev.(m), Avg Gradient(m/km), RMS Gradient(m/km) - SRTM1     
#  116.301 -15.367  22.927 ;Mean Elev.(m), Avg Gradient(m/km), RMS Gradient(m/km) - ASTER GDEM
#  126.082 -14.597  24.076 ;Mean Elev.(m), Avg Gradient(m/km), RMS Gradient(m/km) - GMTED2010 
  6 121.152595  60.614755   123.831   123.577  9 52441.12295450 22.606
  7 121.158361  60.616045   122.077   122.034  8 52476.12295091 25.649
  8 121.164525  60.619047   119.552   119.638  8 52511.12290259 41.167
  9 121.178250  60.621895   121.159   121.246  7 52546.12292240 30.303
 10 121.167486  60.618998   117.747   117.779  8 52581.12294545 43.523
 11 121.148529  60.613344   118.724   118.802  9 52616.12291692 24.148
 12 121.178521  60.622714   118.558   118.543  6 52651.12289128 17.790
 13 121.161301  60.617707   117.880   117.896  8 52686.12288287 16.244
 14 121.165603  60.618766   118.048   118.073  8 52721.12293233 14.987
 15 121.139566  60.609641   124.907   125.086  9 52756.12295815 14.591
 16 121.186948  60.630625   126.988   126.988  2 52791.12290239 22.951
 18 121.180750  60.623221   123.808   123.950  4 52861.12301878 17.904
 19 121.158834  60.616727   121.395   121.464  8 52896.12305091 50.048
 20 121.145333  60.611764   119.322   119.328  9 52931.12300025 42.277
 21 121.181133  60.623617   126.641   126.307  6 52966.12299370 16.388
 22 121.155057  60.616356   119.891   119.862  9 53001.12302638 15.866
 23 121.149188  60.614564   120.793   120.700  9 53036.12297595 11.566
 24 121.165561  60.618919   121.108   121.066  8 53071.12299628  7.311
 28 121.160765  60.617381   120.792   120.830  7 53211.12305275 21.164
 29 121.159720  60.617002   120.411   120.181  8 53246.12302103 24.880
 30 121.174860  60.620909   121.264   121.325  7 53281.12300501 35.275
 31 121.170782  60.620963   121.502   121.258  7 53316.12301710 37.822
 32 121.164049  60.618160   123.687   123.139  7 53351.12298349 10.507
 34 121.173545  60.620626   122.634   122.734  7 53421.12297087  6.783
 35 121.186072  60.625574   126.404   127.190  6 53456.12297510  6.100
 36 121.153005  60.609101   129.402   129.271  4 53491.12306419 19.969
 37 121.170538  60.619893   126.529   126.083  6 53526.12304434 32.981
 38 121.151558  60.614208   124.726   124.693  9 53561.12307431 34.753
 39 121.161366  60.616810   121.506   121.557  8 53596.12301233 18.054
 40 121.175862  60.621966   125.000   123.881  7 53631.12300511 41.974
 41 121.162447  60.618817   120.753   120.364  8 53666.12302917 38.821
 42 121.163770  60.618439   123.247   123.193  7 53701.12298032 17.749
 44 121.177920  60.622803   123.396   123.628  7 53771.12289321 10.679
 45 121.159884  60.617915   122.875   122.762  8 53806.12288615  9.895
 47 121.172404  60.620260   128.903   129.288  6 53876.12295284 40.470
 48 121.161389  60.617032   127.744   127.748  8 53911.12300230 19.112
 49 121.150912  60.614479   121.112   120.995  9 53946.12302144 21.138
 50 121.152795  60.614665   123.486   123.362  9 53981.12296683 20.786
 51 121.183205  60.625161   121.041   121.044  7 54016.12298555 48.359
 52 121.176831  60.621999   127.784   127.850  6 54051.12298623 15.508
 53 121.161536  60.618108   120.477   120.478  8 54086.12297950 20.635
 54 121.142657  60.610445   120.033   120.021  9 54121.12290708 16.993
 55 121.165174  60.619126   121.661   121.655  7 54156.12293830 11.469
 56 121.150761  60.614812   120.035   119.939  8 54191.12290391 13.665
 57 121.167876  60.619495   123.094   122.445  8 54226.12294929 33.067
 58 121.164630  60.615302   139.904   133.696  5 54261.12297000 31.549
 59 121.165451  60.618544   122.370   122.386  7 54296.12297382 50.184
 60 121.161715  60.617982   122.226   122.228  8 54331.12296575 42.070
 61 121.151098  60.614643   123.967   123.899  8 54366.12290995 31.156
 62 121.165658  60.617976   118.967   118.933  7 54401.12290777 41.105
 63 121.155494  60.616520   121.184   121.215  9 54436.12286565 17.789
 64 121.175766  60.621536   122.826   122.815  7 54471.12289107 12.921
 66 121.166867  60.619176   121.165   121.202  7 54541.12290655 10.559
 68 121.165935  60.619361   124.350   124.330  7 54611.12289816 50.367
 69 121.163750  60.617761   124.111   124.166  7 54646.12290601 51.057
 70 121.161969  60.617690   125.734   124.957  8 54681.12290706 24.761
 71 121.153046  60.615721   126.559   126.475  8 54716.12285719 23.827
 72 121.168755  60.618476   120.743   120.688  7 54751.12287812 44.092
 73 121.157675  60.617304   119.999   119.817  8 54786.12284638 33.831
 74 121.172738  60.621518   122.007   121.970  7 54821.12287078 13.935
 75 121.159315  60.617408   121.252   121.122  8 54856.12284244 13.616
 76 121.161042  60.617576   121.016   120.966  7 54891.12287569 12.302
 77 121.148545  60.614008   118.992   118.786  9 54926.12284198 15.288
 78 121.167774  60.619039   126.154   126.298  7 54961.12287335 45.434
 79 121.160436  60.616413   126.537   126.465  8 54996.12289562 38.875
 80 121.162223  60.617216   123.707   123.606  8 55031.12288516 24.309
 81 121.160435  60.616933   123.351   123.352  8 55066.12287501 30.537
 82 121.147966  60.614859   124.531   124.606  7 55101.12281754 18.640
 83 121.168371  60.618759   118.595   118.602  7 55136.12282038 42.719
 84 121.155594  60.615851   120.464   120.431  8 55171.12278381 20.426
 85 121.170926  60.621262   119.750   119.776  7 55206.12281327 14.578
 86 121.151489  60.614213   120.613   120.558  9 55241.12279010 11.076
 87 121.161321  60.618522   120.903   120.763  8 55276.12280801  8.669
 88 121.153284  60.614777   123.910   123.071  9 55311.12277402 15.440
 89 121.164429  60.618102   125.632   125.902  7 55346.12277719 21.269
 90 121.159285  60.616971   124.793   124.316  8 55381.12277020 41.478
 91 121.171967  60.620531   122.839   122.910  7 55416.12279587 19.582
 92 121.158442  60.616612   122.173   122.309  8 55451.12278124 29.909
 93 121.150153  60.614798   119.788   119.793  9 55486.12270586 49.993
