# NaN NaN NaN ;Mean Elev.(m), Avg Gradient(m/km), RMS Gradient(m/km) - SRTM1     
#    3.000  -0.434   8.419 ;Mean Elev.(m), Avg Gradient(m/km), RMS Gradient(m/km) - ASTER GDEM
#    1.000   0.085   4.331 ;Mean Elev.(m), Avg Gradient(m/km), RMS Gradient(m/km) - GMTED2010 
 11 127.623479  72.421740     2.325     2.325  2 52596.14042482 20.026
 23 127.630465  72.426776     2.061     2.082  4 53016.14047011 13.694
 25 127.620736  72.425298     2.111     2.102  6 53086.14048385 11.621
 30 127.618054  72.425205     2.219     2.217  6 53261.14047933 36.607
 35 127.630854  72.426323     2.558     2.538  4 53436.14044699 16.929
 39 127.624640  72.424237     2.530     2.534  5 53576.14052606 30.014
 40 127.617820  72.425473     2.501     2.511  6 53611.14047750 33.979
 42 127.630061  72.425576     2.357     2.426  3 53681.14049760 17.084
 43 127.631591  72.426788     2.405     2.396  4 53716.14042508 16.908
 46 127.617705  72.426497     2.509     2.510  7 53821.14033044 12.137
 50 127.622355  72.425158     2.166     2.121  6 53961.14047870 38.706
 54 127.621407  72.424223     2.794     2.748  5 54101.14042913 17.857
 61 127.624901  72.426024     2.355     2.378  5 54346.14042140 37.310
 67 127.631555  72.427058     2.406     2.385  4 54556.14037676  9.756
 71 127.635807  72.428126     2.427     2.393  3 54696.14036233 29.928
 77 127.623463  72.425836     2.468     2.422  5 54906.14034206 14.273
 82 127.621827  72.424150     2.410     2.399  5 55081.14032968 34.879
 88 127.625984  72.426485     2.499     2.449  5 55291.14027345  9.971
 93 127.621593  72.425504     1.861     1.856  6 55466.14022751 38.391
