# NaN NaN NaN ;Mean Elev.(m), Avg Gradient(m/km), RMS Gradient(m/km) - SRTM1     
#    5.007  -3.884   8.169 ;Mean Elev.(m), Avg Gradient(m/km), RMS Gradient(m/km) - ASTER GDEM
#   17.072  -3.011   7.434 ;Mean Elev.(m), Avg Gradient(m/km), RMS Gradient(m/km) - GMTED2010 
  7 124.728005  69.441202    21.194    22.069  8 52455.50500574 20.442
  8 124.745753  69.436499    15.975    15.975  2 52490.50497890 48.257
 10 124.724186  69.438086    14.891    14.857  7 52560.50500764 40.890
 11 124.728726  69.438612    15.184    13.697  7 52595.50501589 23.412
 12 124.721938  69.438680    24.419    24.549  6 52630.50495072 14.038
 14 124.724927  69.436896    24.176    24.286  6 52700.50494978 10.231
 15 124.733875  69.445995    24.177    24.798  8 52735.50498480  8.578
 18 124.723684  69.437972    19.593    19.493  7 52840.50506863 42.428
 19 124.727616  69.437656    18.487    19.236  7 52875.50510750 22.174
 20 124.736138  69.448751    14.794    14.284  9 52910.50507795 48.550
 23 124.731394  69.445288    17.678    17.076  8 53015.50506531 10.656
 24 124.716258  69.442053    17.067    16.685  3 53050.50504033  9.712
 25 124.730802  69.441482    20.874    20.864  8 53085.50507602  8.443
 26 124.716014  69.442032    17.186    17.186  2 53120.50504676  9.381
 27 124.725025  69.436094    16.182    16.182  2 53155.50509896 30.473
 34 124.727216  69.437402    22.099    22.272  7 53400.50504922 11.785
 35 124.734738  69.447126    21.127    21.451  9 53435.50504058  9.865
 37 124.727827  69.440611    17.427    17.278  7 53505.50512464 29.353
 38 124.729716  69.440578    21.883    22.224  7 53540.50512623 19.083
 39 124.725855  69.448512    17.520    17.255  5 53575.50512070 51.673
 40 124.734123  69.449269    19.263    17.689  8 53610.50507160 22.089
 42 124.737234  69.435221    13.397    13.400  4 53680.50508937 27.943
 43 124.734328  69.449492    14.729    14.252  9 53715.50501986 17.072
 44 124.718010  69.440768    14.198    14.265  3 53750.50493569 14.388
 45 124.733102  69.445062    15.735    15.326  8 53785.50496637 11.896
 46 124.740085  69.452620    19.754    19.652  9 53820.50492579  9.526
 47 124.714379  69.443237    18.624    18.624  2 53855.50500996  8.147
 48 124.728941  69.443776    27.595    27.687  8 53890.50502026 28.414
 50 124.737018  69.437482    15.172    15.043  4 53960.50507092 33.714
 54 124.734130  69.447935    14.480    14.404  9 54100.50502306 20.357
 55 124.719651  69.440023    16.922    15.497  4 54135.50498426 14.947
 58 124.732457  69.439311    15.472    15.450  6 54240.50502218 31.696
 59 124.729398  69.442016    22.437    22.423  7 54275.50503850 29.767
 61 124.734876  69.448999    16.971    16.879  9 54345.50501596 25.463
 62 124.727419  69.436594    23.708    24.697  5 54380.50497520 19.343
 63 124.731445  69.444679    14.505    14.494  9 54415.50496382 18.955
 65 124.730261  69.442058    20.627    20.326  8 54485.50495890  9.499
 66 124.726714  69.438343    20.809    20.488  7 54520.50495694  9.092
 67 124.732802  69.446798    21.544    21.944  8 54555.50497078  7.976
 68 124.727412  69.439526    19.913    19.561  7 54590.50495323  6.426
 69 124.730807  69.442935    22.854    23.199  7 54625.50497011 23.446
 70 124.728716  69.439649    16.644    16.656  7 54660.50497782 39.361
 71 124.729664  69.448109    18.009    18.024  7 54695.50495751 49.665
 72 124.725454  69.437923    23.312    24.060  7 54730.50493287 19.028
 75 124.730885  69.441760    14.355    14.369  8 54835.50492631 16.458
 76 124.719552  69.439939    13.631    13.625  4 54870.50492463 15.283
 77 124.733881  69.446592    14.261    14.147  8 54905.50493556 12.924
 78 124.725479  69.438006    22.910    24.276  7 54940.50491615  9.491
 79 124.737883  69.433266    20.107    19.992  3 54975.50494443 24.509
 80 124.727551  69.445281    20.823    20.615  3 55010.50495789 50.711
 81 124.729224  69.440688    16.275    16.508  7 55045.50494803 36.015
 82 124.740092  69.443543    17.253    17.339  5 55080.50492278 42.853
 83 124.727865  69.437605    23.445    23.790  7 55115.50487954 19.081
 84 124.740044  69.434595    13.043    12.973  3 55150.50487788 21.869
 85 124.718768  69.440271    14.298    14.231  3 55185.50486504 17.176
 86 124.731399  69.442863    14.916    14.677  8 55220.50487769 13.508
 87 124.726186  69.438922    15.150    15.476  6 55255.50486055 12.439
 88 124.733558  69.447788    13.474    13.896  9 55290.50486770 12.256
 89 124.732818  69.437329    24.615    24.917  5 55325.50484601 11.632
 90 124.729430  69.444532    20.953    21.430  8 55360.50484452 25.013
 91 124.725233  69.438617    20.406    20.508  6 55395.50484915 21.321
 92 124.738942  69.434986    17.780    17.792  3 55430.50485804 27.990
 93 124.736069  69.449927    20.579    20.546  8 55465.50482206 24.645
