# NaN NaN NaN ;Mean Elev.(m), Avg Gradient(m/km), RMS Gradient(m/km) - SRTM1     
#  136.004  -3.601  19.116 ;Mean Elev.(m), Avg Gradient(m/km), RMS Gradient(m/km) - ASTER GDEM
#  131.360  -4.531  22.307 ;Mean Elev.(m), Avg Gradient(m/km), RMS Gradient(m/km) - GMTED2010 
  8   148.352 52485.13495018 40.58 116.724486  60.443988 25.512
  8   148.076 52485.13495082 40.19 116.722236  60.440828 25.512
  8   147.661 52485.13495147 34.96 116.719986  60.437658 25.512
  8   147.324 52485.13495211 32.79 116.717746  60.434498 25.512
  8   146.773 52485.13495276 34.74 116.715496  60.431328 25.512
  9   149.231 52520.13491481 39.48 116.720455  60.442060  8.669
  9   148.857 52520.13491546 37.03 116.718205  60.438900  8.669
  9   147.937 52520.13491610 39.72 116.715965  60.435730  8.669
  9   148.347 52520.13491675 42.03 116.713715  60.432570  8.669
 11   147.376 52590.13495338 20.69 116.724553  60.443141 10.165
 11   147.269 52590.13495402 23.64 116.722303  60.439971 10.165
 11   147.331 52590.13495467 24.13 116.720063  60.436811 10.165
 11   147.215 52590.13495531 22.47 116.717813  60.433641 10.165
 12   154.517 52625.13488617 11.80 116.724910  60.442922  5.428
 12   154.059 52625.13488681 12.28 116.722670  60.439762  5.428
 12   147.461 52625.13488746 12.30 116.720420  60.436592  5.428
 12   152.321 52625.13488810 13.58 116.718170  60.433422  5.428
 13   147.625 52660.13491978  9.57 116.727902  60.441364  4.061
 13   147.416 52660.13492043  9.61 116.725652  60.438204  4.061
 13   152.481 52660.13492107  9.02 116.723402  60.435034  4.061
 13   151.062 52660.13492172  9.31 116.721152  60.431874  4.061
 14   151.490 52695.13490020  7.91 116.739247  60.437288  4.600
 14   150.856 52695.13490085  8.20 116.736997  60.434118  4.600
 17   151.374 52800.13493103 47.52 116.740785  60.438943 14.582
 17   151.258 52800.13493167 53.26 116.738535  60.435773 14.582
 17   151.190 52800.13493231 46.02 116.736295  60.432613 14.582
 18   147.505 52835.13499921 53.69 116.738355  60.438781 23.175
 18   147.524 52835.13499985 56.71 116.736105  60.435611 23.175
 18   147.452 52835.13500050 45.17 116.733855  60.432441 23.175
 19   150.229 52870.13504036 28.96 116.735038  60.441481  8.600
 19   149.391 52870.13504101 19.39 116.732788  60.438321  8.600
 19   149.436 52870.13504165 19.48 116.730538  60.435151  8.600
 19   149.653 52870.13504229 23.38 116.728298  60.431981  8.600
 19   149.812 52870.13504294 37.85 116.726048  60.428821  8.600
 20   147.440 52905.13504367 43.34 116.724861  60.440565 22.426
 20   147.328 52905.13504432 41.62 116.722621  60.437405 22.426
 20   147.169 52905.13504496 38.64 116.720365  60.434235  6.995
 20   147.429 52905.13504561 39.27 116.718125  60.431075  6.995
 21   147.276 52940.13497609 33.86 116.715490  60.444010 17.329
 21   146.994 52940.13497674 35.07 116.713240  60.440840 17.329
 21   146.980 52940.13497738 35.48 116.711000  60.437680 17.329
 21   146.965 52940.13497803 43.66 116.708750  60.434510 17.329
 22   147.090 52975.13502111 24.28 116.731231  60.440115  6.205
 22   147.113 52975.13502175 23.14 116.728986  60.436950  7.453
 22   146.902 52975.13502239 22.27 116.726736  60.433790  7.453
 22   146.737 52975.13502304 20.79 116.724486  60.430620  7.453
 23   147.426 53010.13502598 14.19 116.721551  60.441311  4.329
 23   153.565 53010.13502662 14.22 116.719301  60.438141  4.329
 23   146.867 53010.13502727 14.72 116.717060  60.434972  4.907
 23   146.698 53010.13502791 13.47 116.714810  60.431812  4.907
 24   147.592 53045.13498730  9.86 116.734228  60.441055  4.872
 24   147.136 53045.13498794 10.09 116.731978  60.437885  4.872
 24   151.614 53045.13498859 10.64 116.729728  60.434725  4.872
 24   150.841 53045.13498923 10.35 116.727478  60.431565  4.872
 24   149.467 53045.13498988 10.52 116.725228  60.428395  4.872
 25   155.567 53080.13502139  7.54 116.720450  60.443160  3.894
 25   155.162 53080.13502204  8.08 116.718200  60.439990  3.894
 25   154.389 53080.13502268  8.44 116.715960  60.436830  3.894
 25   146.746 53080.13502333  8.49 116.713710  60.433660  3.894
 26   148.166 53115.13499151 10.66 116.732497  60.442764  5.503
 26   148.486 53115.13499216  9.35 116.730247  60.439604  5.503
 26   146.829 53115.13499280 12.71 116.727997  60.436434  5.503
 26   146.192 53115.13499345 13.30 116.725747  60.433274  5.503
 26   146.357 53115.13499409 10.39 116.723507  60.430104  5.503
 27   154.946 53150.13503864 22.09 116.724925  60.441299 12.704
 27   154.197 53150.13503928 20.51 116.722675  60.438129 12.704
 27   154.650 53150.13503993 21.86 116.720425  60.434969 12.704
 27   155.393 53150.13504057 31.13 116.718175  60.431799 12.704
 28   152.253 53185.13502986 21.59 116.735867  60.439428 26.772
 28   152.039 53185.13503050 16.57 116.733617  60.436258 26.772
 28   152.056 53185.13503114 14.58 116.731370  60.433090  3.467
 29   151.721 53220.13505559 51.45 116.724883  60.440704 37.411
 29   151.802 53220.13505623 52.35 116.722638  60.437535 14.267
 29   151.660 53220.13505688 53.45 116.720388  60.434375 14.267
 29   151.672 53220.13505752 53.55 116.718148  60.431205 14.267
 30   149.219 53255.13503202 35.50 116.715602  60.444754 10.437
 30   149.190 53255.13503266 35.36 116.713352  60.441594 10.437
 30   149.135 53255.13503331 35.36 116.711103  60.438422  6.490
 30   149.006 53255.13503395 35.58 116.708863  60.435262  6.490
 31   148.179 53290.13504090 26.13 116.731808  60.442971 11.781
 31   147.863 53290.13504154 23.73 116.729568  60.439801 11.781
 31   147.608 53290.13504219 20.60 116.727318  60.436641 11.781
 31   148.214 53290.13504283 14.74 116.725068  60.433471 11.781
 31   148.171 53290.13504348 14.40 116.722818  60.430301 11.781
 32   147.843 53325.13501637 40.22 116.730982  60.441319 15.490
 32   147.626 53325.13501702 50.74 116.728732  60.438159 15.490
 32   147.761 53325.13501766 42.48 116.726492  60.434989 15.490
 32   147.636 53325.13501830 40.43 116.724242  60.431829 15.490
 34   148.652 53395.13499498 12.20 116.733591  60.439649  4.719
 34   148.513 53395.13499563 11.36 116.731341  60.436479  4.719
 34   148.075 53395.13499627 12.48 116.729091  60.433319  4.719
 34   147.710 53395.13499691 12.95 116.726851  60.430149  4.719
 35   154.842 53430.13498778 10.44 116.724230  60.442106  4.845
 35   147.944 53430.13498842 10.95 116.721980  60.438946  4.845
 35   148.014 53430.13498907 10.97 116.719740  60.435776  4.845
 35   147.569 53430.13498971 10.97 116.717490  60.432616  4.845
 36   155.636 53465.13501449  5.64 116.738678  60.440886  3.764
 36   148.223 53465.13501513  6.58 116.736428  60.437726  3.764
 36   148.052 53465.13501578  6.98 116.734178  60.434556  3.764
 37   152.129 53500.13507670 26.68 116.721987  60.441954 14.433
 37   152.177 53500.13507734 23.36 116.719729  60.438785 11.865
 37   152.047 53500.13507799 21.57 116.717489  60.435625 11.865
 37   152.444 53500.13507863 30.12 116.715239  60.432455 11.865
 38   152.042 53535.13506401 22.83 116.726166  60.440733 11.308
 38   151.477 53535.13506465 21.83 116.723916  60.437563 11.308
 38   150.872 53535.13506530 23.38 116.721666  60.434403 11.308
 38   150.127 53535.13506594 21.41 116.719426  60.431233 11.308
 39   150.530 53570.13507561 28.79 116.719734  60.441814 31.625
 39   150.641 53570.13507626 37.39 116.717486  60.438645 10.586
 39   150.618 53570.13507690 37.34 116.715236  60.435485 10.586
 39   150.542 53570.13507754 46.60 116.712996  60.432315 10.586
 40   148.639 53605.13502244 35.09 116.719188  60.443872 26.138
 40   148.531 53605.13502308 28.81 116.716936  60.440700  6.518
 40   148.509 53605.13502373 26.34 116.714696  60.437540  6.518
 40   148.319 53605.13502437 26.21 116.712446  60.434370  6.518
 41   146.818 53640.13502206 53.66 116.733215  60.439869 18.823
 41   146.727 53640.13502271 54.20 116.730965  60.436699 18.823
 41   146.836 53640.13502335 42.33 116.728715  60.433539 18.823
 41   146.752 53640.13502400 54.23 116.726465  60.430379 18.823
 42   146.655 53675.13504201 37.34 116.723659  60.441354 19.892
 42   146.503 53675.13504265 41.05 116.721413  60.438187 13.464
 42   146.382 53675.13504330 40.42 116.719163  60.435027 13.464
 42   146.540 53675.13504394 40.77 116.716913  60.431857 13.464
 43   147.580 53710.13497194 21.12 116.723825  60.442796  6.861
 43   147.531 53710.13497259 21.23 116.721572  60.439625  5.924
 43   147.460 53710.13497323 20.24 116.719332  60.436465  5.924
 43   147.599 53710.13497388 18.39 116.717082  60.433295  5.924
 45   152.920 53780.13491226 10.46 116.732977  60.441820  4.592
 45   152.157 53780.13491291 11.20 116.730727  60.438660  4.592
 45   151.945 53780.13491355 10.88 116.728477  60.435490  4.592
 45   150.945 53780.13491420 10.72 116.726237  60.432330  4.592
 45   146.729 53780.13491484 10.32 116.723987  60.429160  4.592
 46   154.495 53815.13488309  9.04 116.716662  60.442436  5.160
 46   155.427 53815.13488373  9.12 116.714412  60.439266  5.160
 46   147.248 53815.13488438  9.75 116.712162  60.436106  5.160
 46   146.750 53815.13488502  9.59 116.709922  60.432936  5.160
 47   147.434 53850.13494712 33.11 116.731369  60.439998 23.543
 47   147.248 53850.13494776 30.28 116.729129  60.436828 23.543
 47   146.772 53850.13494841 26.08 116.726879  60.433668 23.543
 47   146.012 53850.13494905 25.46 116.724629  60.430498 23.543
 49   150.471 53920.13502643 21.89 116.719807  60.441738 17.540
 49   150.393 53920.13502707 23.04 116.717557  60.438568 17.540
 49   150.410 53920.13502772 22.17 116.715317  60.435408 17.540
 49   150.250 53920.13502836 21.54 116.713067  60.432238 17.540
 50   147.376 53955.13502511 33.88 116.719514  60.444436 35.487
 50   147.147 53955.13502576 29.29 116.717264  60.441276 35.487
 50   146.655 53955.13502640 25.13 116.715014  60.438106 35.487
 50   146.524 53955.13502705 21.71 116.712774  60.434936 35.487
 51   148.170 53990.13494343 51.91 116.721933  60.444139 32.942
 51   148.242 53990.13494407 50.86 116.719683  60.440969 32.942
 51   148.087 53990.13494472 52.05 116.717433  60.437809 32.942
 51   148.274 53990.13494536 49.88 116.715193  60.434639 32.942
 52   147.218 54025.13500883 45.19 116.736119  60.439194 31.969
 52   147.147 54025.13500947 51.99 116.733869  60.436034 31.969
 52   147.118 54025.13501012 43.92 116.731619  60.432864 31.969
 53   147.560 54060.13500176 25.43 116.734496  60.441381 11.848
 53   147.467 54060.13500241 27.07 116.732246  60.438221 11.848
 53   147.736 54060.13500305 32.16 116.730006  60.435051 11.848
 53   147.684 54060.13500370 33.32 116.727756  60.431891 11.848
 53   147.416 54060.13500434 25.32 116.725506  60.428721 11.848
 54   154.463 54095.13497784 16.06 116.717860  60.441653  5.961
 54   148.246 54095.13497848 16.52 116.715610  60.438483  5.961
 54   148.230 54095.13497913 15.87 116.713360  60.435313  5.961
 55   147.732 54130.13492171 11.61 116.738912  60.438949  7.162
 55   148.028 54130.13492235 10.60 116.736662  60.435779  7.162
 55   148.038 54130.13492300 11.28 116.734412  60.432619  7.162
 56   148.063 54165.13494903 10.15 116.722001  60.441407  4.784
 56   147.893 54165.13494968 10.01 116.719761  60.438247  4.784
 56   152.650 54165.13495032  9.76 116.717511  60.435077  4.784
 56   147.636 54165.13495097  8.88 116.715261  60.431917  4.784
 58   153.487 54235.13496273 45.20 116.732904  60.442020 18.987
 58   153.368 54235.13496338 45.88 116.730654  60.438860 18.987
 58   153.607 54235.13496402 46.45 116.728414  60.435690 18.987
 58   153.178 54235.13496467 46.89 116.726164  60.432530 18.987
 58   153.555 54235.13496531 45.44 116.723914  60.429360 18.987
 59   151.573 54270.13498335 34.40 116.727247  60.440620  9.784
 59   151.509 54270.13498399 31.60 116.724997  60.437450  9.784
 59   151.223 54270.13498464 29.93 116.722757  60.434290  9.784
 59   151.485 54270.13498528 27.39 116.720507  60.431120  9.784
 60   149.614 54305.13498603 47.30 116.730067  60.442359 18.962
 60   149.766 54305.13498668 48.93 116.727817  60.439199 18.962
 60   149.803 54305.13498732 45.97 116.725567  60.436029 18.962
 60   149.646 54305.13498797 39.89 116.723327  60.432859 18.962
 60   149.685 54305.13498861 29.89 116.721077  60.429699 18.962
 61   148.134 54340.13496891 29.58 116.725195  60.443555 10.626
 61   139.035 54340.13496955 23.98 116.722945  60.440385 10.626
 61   145.211 54340.13497020 19.95 116.720705  60.437225 10.626
 61   147.868 54340.13497084 12.89 116.718455  60.434055 10.626
 61   147.871 54340.13497148 11.38 116.716205  60.430895 10.626
 62   147.443 54375.13492048 45.89 116.732323  60.440535 17.750
 62   147.239 54375.13492113 49.30 116.730073  60.437375 17.750
 62   147.384 54375.13492177 40.87 116.727833  60.434205 17.750
 62   147.511 54375.13492242 48.50 116.725583  60.431045 17.750
 63   146.548 54410.13491558 45.33 116.726289  60.441705 23.429
 63   146.340 54410.13491622 52.82 116.724038  60.438537 15.788
 63   146.450 54410.13491687 41.50 116.721788  60.435377 15.788
 63   146.331 54410.13491751 51.18 116.719548  60.432207 15.788
 64   147.575 54445.13488383 26.22 116.737255  60.438147 11.731
 64   147.580 54445.13488448 25.47 116.735005  60.434987 11.731
 65   147.488 54480.13490617 14.97 116.729749  60.442208  5.314
 65   147.365 54480.13490681 15.32 116.727499  60.439038  5.314
 65   147.199 54480.13490746 15.09 116.725249  60.435878  5.314
 65   147.136 54480.13490810 15.15 116.723009  60.432708  5.314
 65   146.893 54480.13490875 14.85 116.720759  60.429548  5.314
 66   147.392 54515.13489841 13.06 116.736812  60.437845  6.285
 66   147.095 54515.13489905 12.77 116.734562  60.434675  6.285
 68   147.969 54585.13489315 40.20 116.731912  60.442320 14.804
 68   147.601 54585.13489379 37.93 116.729662  60.439160 14.804
 68   147.663 54585.13489444 31.11 116.727412  60.435990 14.804
 68   147.789 54585.13489508 31.41 116.725172  60.432820 14.804
 68   147.290 54585.13489573 26.77 116.722922  60.429660 14.804
 69   152.526 54620.13491277 30.06 116.729594  60.442705 11.924
 69   151.980 54620.13491341 24.49 116.727344  60.439545 11.924
 69   152.032 54620.13491406 20.14 116.725094  60.436375 11.924
 69   152.508 54620.13491470 17.19 116.722854  60.433205 11.924
 69   152.523 54620.13491535 18.84 116.720604  60.430045 11.924
 70   149.700 54655.13492365 52.33 116.726597  60.442359 18.767
 70   149.716 54655.13492430 50.67 116.724347  60.439199 18.767
 70   149.798 54655.13492494 50.93 116.722097  60.436029 18.767
 70   149.867 54655.13492559 51.54 116.719857  60.432859 18.767
 71   150.203 54690.13491030 36.94 116.723295  60.440811  9.780
 71   149.916 54690.13491094 36.01 116.721045  60.437641  9.780
 71   149.685 54690.13491159 35.98 116.718795  60.434481  9.780
 71   149.256 54690.13491223 34.56 116.716555  60.431311  9.780
 72   149.026 54725.13487389 47.71 116.736763  60.439228 14.289
 72   149.019 54725.13487453 39.19 116.734513  60.436068 14.289
 72   148.976 54725.13487518 36.38 116.732263  60.432898 14.289
 73   147.546 54760.13488692 49.30 116.725114  60.440958 16.736
 73   147.586 54760.13488757 49.40 116.722864  60.437798 16.736
 73   147.562 54760.13488821 49.38 116.720614  60.434628 16.736
 73   147.586 54760.13488886 51.72 116.718364  60.431458 16.736
 74   147.217 54795.13486747 28.33 116.736925  60.438807 12.586
 74   147.241 54795.13486812 28.91 116.734675  60.435637 12.586
 75   153.172 54830.13488642 12.02 116.727793  60.440775  5.190
 75   148.011 54830.13488706 12.61 116.725543  60.437615  5.190
 75   147.973 54830.13488771 12.30 116.723293  60.434445  5.190
 75   147.778 54830.13488835 12.31 116.721053  60.431275  5.190
 76   147.708 54865.13486224 11.64 116.735642  60.438750  5.783
 76   151.506 54865.13486289 12.53 116.733392  60.435580  5.783
 77   153.921 54900.13488554 10.33 116.723450  60.443221  4.700
 77   154.716 54900.13488619 10.21 116.721200  60.440061  4.700
 77   152.951 54900.13488683 10.48 116.718950  60.436891  4.700
 77   147.483 54900.13488748  9.64 116.716700  60.433731  4.700
 78   149.321 54935.13485391  5.30 116.732991  60.440844  5.128
 78   148.669 54935.13485455  6.57 116.730741  60.437684  5.128
 78   148.482 54935.13485520  5.63 116.728501  60.434514  5.128
 78   148.158 54935.13485584  5.89 116.726251  60.431354  5.128
 79   149.219 54970.13488686 23.42 116.730199  60.441621  5.306
 79   148.545 54970.13488751 21.44 116.727949  60.438451  5.306
 79   147.296 54970.13488815 19.97 116.725699  60.435291  5.306
 79   146.633 54970.13488880 17.85 116.723449  60.432121  5.306
 80   153.586 55005.13490687 42.05 116.725366  60.441503 14.502
 80   153.561 55005.13490752 42.08 116.723116  60.438333 14.502
 80   153.641 55005.13490816 43.29 116.720866  60.435173 14.502
 80   153.649 55005.13490881 46.64 116.718626  60.432003 14.502
 81   148.588 55040.13489435 51.74 116.728550  60.441162 19.895
 81   148.703 55040.13489500 51.06 116.726300  60.438002 19.895
 81   148.692 55040.13489564 47.86 116.724050  60.434832 19.895
 81   148.620 55040.13489629 52.29 116.721810  60.431672 19.895
 82   150.454 55075.13487674 23.10 116.723805  60.443504  7.823
 82   150.509 55075.13487739 24.00 116.721565  60.440344  7.823
 82   150.451 55075.13487803 28.63 116.719315  60.437174  7.823
 82   150.615 55075.13487868 29.26 116.717065  60.434014  7.823
 83   149.105 55110.13482672 45.74 116.735080  60.441775 11.998
 83   148.692 55110.13482736 38.87 116.732840  60.438615 11.998
 83   148.734 55110.13482801 40.38 116.730590  60.435445 11.998
 83   148.570 55110.13482865 35.97 116.728340  60.432275 11.998
 83   148.304 55110.13482930 35.64 116.726090  60.429115 11.998
 84   146.937 55145.13483002 29.19 116.724927  60.442176 15.000
 84   146.807 55145.13483066 34.20 116.722677  60.439016 15.000
 84   146.823 55145.13483131 34.36 116.720427  60.435846 15.000
 84   146.819 55145.13483195 40.46 116.718187  60.432676 15.000
 85   148.431 55180.13480313 16.18 116.737831  60.438272  7.856
 85   148.338 55180.13480378 17.43 116.735581  60.435102  7.856
 86   148.593 55215.13482433 12.37 116.726724  60.442995  6.577
 86   148.461 55215.13482498 12.68 116.724474  60.439825  6.577
 86   152.518 55215.13482562 13.63 116.722234  60.436665  6.577
 86   147.527 55215.13482627 13.00 116.719984  60.433495  6.577
 86   150.439 55215.13482691 10.75 116.717736  60.430326  5.062
 87   148.592 55250.13480014 11.07 116.736030  60.440580  6.810
 87   148.420 55250.13480079 10.58 116.733780  60.437410  6.810
 87   148.214 55250.13480143 10.20 116.731530  60.434240  6.810
 88   148.725 55285.13481786 11.55 116.723494  60.444184  5.864
 88   148.373 55285.13481850 11.90 116.721254  60.441024  5.864
 88   148.031 55285.13481915 11.83 116.719004  60.437854  5.864
 88   147.610 55285.13481979 11.04 116.716754  60.434694  5.864
 88   147.649 55285.13482043 10.15 116.714514  60.431524  5.864
 89   148.391 55320.13479095 31.41 116.725068  60.440464 14.309
 89   147.971 55320.13479159 25.60 116.722818  60.437304 14.309
 89   147.205 55320.13479224 25.12 116.720568  60.434134 14.309
 89   146.885 55320.13479288 26.59 116.718328  60.430974 14.309
 90   150.985 55355.13479203 30.45 116.725427  60.441261 10.063
 90   150.941 55355.13479268 27.10 116.723177  60.438101 10.063
 90   151.099 55355.13479332 24.33 116.720927  60.434931 10.063
 90   151.288 55355.13479397 22.60 116.718687  60.431761 10.063
 91   149.703 55390.13479165 37.22 116.732966  60.440264 11.591
 91   149.634 55390.13479230 36.81 116.730716  60.437094 11.591
 91   149.643 55390.13479294 37.09 116.728466  60.433934 11.591
 91   149.656 55390.13479359 37.62 116.726216  60.430764 11.591
 92   148.036 55425.13480875 39.31 116.728723  60.441740 11.278
 92   147.715 55425.13480940 31.00 116.726483  60.438570 11.278
 92   147.532 55425.13481004 23.08 116.724233  60.435410 11.278
 92   147.562 55425.13481069 22.16 116.721983  60.432240 11.278
 93   148.225 55460.13477787 35.49 116.723309  60.442752  9.058
 93   147.593 55460.13477851 29.05 116.721059  60.439592  9.058
 93   147.017 55460.13477916 21.06 116.718819  60.436422  9.058
 93   146.264 55460.13477980 19.05 116.716569  60.433262  9.058
