# NaN NaN NaN ;Mean Elev.(m), Avg Gradient(m/km), RMS Gradient(m/km) - SRTM1     
#    4.103  -4.911  21.751 ;Mean Elev.(m), Avg Gradient(m/km), RMS Gradient(m/km) - ASTER GDEM
#   17.000  -4.677  27.756 ;Mean Elev.(m), Avg Gradient(m/km), RMS Gradient(m/km) - GMTED2010 
  7 125.419565  69.956906    21.189    21.008  6 52452.50113295 18.796
  8 125.428727  69.959906    92.849    92.849  2 52487.50111412  0.468
 10 125.414718  69.955532    10.502    10.596  5 52557.50113577 37.089
 11 125.421170  69.958421    10.705    10.508  5 52592.50113243 22.306
 12 125.416884  69.956512    13.410    13.199  6 52627.50105097 14.201
 13 125.421805  69.960276    14.801    14.740  4 52662.50109568 11.799
 15 125.428287  69.963357    16.643    16.643  2 52732.50109482  8.826
 17 125.411395  69.953893    91.646    91.777  5 52802.50111432  2.495
 19 125.423649  69.956183    32.436    32.436  2 52872.50121943 14.341
 20 125.426446  69.963035    90.390    90.281  3 52907.50120874  1.403
 21 125.409753  69.958994    11.624    11.624  2 52942.50113595 35.976
 23 125.423662  69.960313    14.543    13.872  3 53012.50119268 12.103
 24 125.414182  69.955403    13.815    13.811  5 53047.50115984 10.331
 26 125.413789  69.954082    15.011    15.316  6 53117.50116493  9.021
 27 125.419156  69.955459    11.412    11.754  6 53152.50121447 26.204
 29 125.427223  69.961820    13.509    12.856  3 53222.50122403 24.074
 32 125.423732  69.962163    11.809    11.834  3 53327.50119249 23.608
 33 125.429295  69.965659    12.488    12.488  2 53362.50114795 16.966
 34 125.407203  69.961955    14.039    14.039  2 53397.50116941 11.484
 36 125.414715  69.954099    13.965    13.994  6 53467.50119519  9.490
 37 125.425587  69.953997    95.611    95.611  2 53502.50124653  0.601
 39 125.421768  69.960657    15.082    13.826  4 53572.50124446 19.433
 42 125.421175  69.957618    11.195    11.302  5 53677.50121262 18.851
 43 125.432026  69.965731    11.706    11.706  2 53712.50114265 15.433
 44 125.413252  69.953462    13.615    13.911  6 53747.50105354  9.810
 45 125.427263  69.960859    15.503    14.855  3 53782.50108539  8.078
 46 125.436275  69.968672    16.025    16.025  2 53817.50105152  8.170
 47 125.414291  69.953993    15.703    15.678  5 53852.50112316  5.536
 48 125.426174  69.961100    90.092    91.152  3 53887.50113032  1.940
 52 125.416549  69.954640    12.177    12.177  2 54027.50118192 40.329
 54 125.429665  69.964809    11.626    11.626  2 54097.50114700 20.013
 55 125.413417  69.954904    11.886    11.805  6 54132.50109807 14.014
 56 125.425534  69.963418    15.939    15.939  2 54167.50112019 10.170
 57 125.415858  69.954839    13.268    13.894  5 54202.50110145 11.796
 63 125.422440  69.961721    12.095    12.143  3 54412.50108628 20.879
 66 125.418161  69.954528    14.481    14.460  6 54517.50107270  8.492
 68 125.420718  69.957728    15.030    15.045  5 54587.50106903  5.814
 72 125.425313  69.950645    96.035    96.288  3 54727.50104811  1.112
 74 125.411313  69.955068    11.269    11.176  3 54797.50104245 22.351
 76 125.415245  69.955113    12.146    11.942  6 54867.50103818 13.511
 77 125.427161  69.962141    13.564    13.394  3 54902.50105707 11.423
 78 125.413218  69.961099    15.062    15.062  2 54937.50102950  8.678
 83 125.420301  69.955928    12.839    12.836  5 55112.50099909 22.446
 84 125.422222  69.959724    11.617    11.523  4 55147.50100098 22.337
 85 125.414231  69.954501    12.643    12.168  6 55182.50097933 13.447
 86 125.423974  69.961487    13.877    13.686  4 55217.50099768 12.548
 87 125.417511  69.956407    13.081    13.286  6 55252.50097573 10.897
 88 125.427061  69.963838    13.239    13.160  3 55287.50098967 10.339
 91 125.419150  69.956050    15.329    15.276  6 55392.50096596 18.535
 92 125.421155  69.960454    14.210    14.271  3 55427.50098066 21.482
