# NaN NaN NaN ;Mean Elev.(m), Avg Gradient(m/km), RMS Gradient(m/km) - SRTM1     
#  104.235  -9.485  45.536 ;Mean Elev.(m), Avg Gradient(m/km), RMS Gradient(m/km) - ASTER GDEM
#   99.635 -10.652  48.198 ;Mean Elev.(m), Avg Gradient(m/km), RMS Gradient(m/km) - GMTED2010 
  7   112.173 52473.52714116 30.09 124.819173  60.674968 15.378
  7   112.315 52473.52714180 35.90 124.816893  60.678138 15.378
  7   114.389 52473.52714245 36.58 124.814613  60.681298 15.378
  7   111.706 52473.52714309 29.46 124.812333  60.684458 15.378
  8   119.688 52508.52710950  4.99 124.827429  60.677129  4.094
  8   112.429 52508.52711014 13.83 124.825149  60.680289  4.094
  8   115.958 52508.52711079 20.11 124.822875  60.683449 11.511
  8   113.686 52508.52711143 19.22 124.820595  60.686619 11.511
 10   111.109 52578.52714547 20.79 124.816016  60.676408 20.199
 10   111.704 52578.52714612 22.39 124.813736  60.679578 20.199
 10   110.405 52578.52714676 19.86 124.811456  60.682738 20.199
 10   110.535 52578.52714740 15.64 124.809176  60.685898 20.199
 11   112.352 52613.52711127  9.71 124.824120  60.678960 17.265
 11   113.726 52613.52711192 10.16 124.821840  60.682120 17.265
 11   112.720 52613.52711256  8.93 124.819570  60.685280 17.265
 11   110.816 52613.52711321  9.46 124.817290  60.688450 17.265
 12   113.733 52648.52709283  3.39 124.820337  60.676263 13.507
 12   113.555 52648.52709348  4.58 124.818057  60.679423 13.507
 12   111.476 52648.52709412  6.56 124.815777  60.682593 13.507
 12   114.403 52648.52709477  3.96 124.813497  60.685753 13.507
 13   112.465 52683.52707002  1.77 124.832929  60.678342 11.386
 13   112.208 52683.52707066  1.26 124.830649  60.681502 11.386
 13   112.961 52683.52707131  1.15 124.828369  60.684662 11.386
 13   112.156 52683.52707195  1.96 124.826089  60.687822 11.386
 17   237.047 52823.52716828  1.76 124.814210  60.676021  2.287
 17   237.491 52823.52716893  3.41 124.811930  60.679181  2.287
 17   250.823 52823.52716957  2.88 124.809645  60.682345 13.485
 17   252.861 52823.52717022  0.56 124.807365  60.685505 13.485
 18   111.079 52858.52721477 18.52 124.817920  60.676661  5.767
 18   111.375 52858.52721542 18.39 124.815646  60.679817 14.874
 18   111.987 52858.52721606 18.40 124.813366  60.682987 14.874
 18   113.930 52858.52721670 18.50 124.811086  60.686147 14.874
 19   119.737 52893.52724645  0.47 124.818409  60.677680 13.586
 19   117.733 52893.52724710  9.18 124.816139  60.680840 13.586
 19   116.155 52893.52724774 14.25 124.813859  60.684000 13.586
 19   115.587 52893.52724839 16.68 124.811579  60.687170 13.586
 20   110.834 52928.52719688 13.44 124.829682  60.678481 15.102
 20   113.950 52928.52719753 14.38 124.827402  60.681641 15.102
 20   112.489 52928.52719817 15.82 124.825123  60.684802 18.380
 20   112.946 52928.52719882 17.24 124.822843  60.687972 18.380
 21   113.004 52963.52717684 10.81 124.817490  60.675523  6.229
 21   113.765 52963.52717748 12.48 124.815211  60.678685 15.886
 21   114.581 52963.52717813 10.68 124.812931  60.681845 15.886
 21   113.463 52963.52717877 11.50 124.810651  60.685005 15.886
 22   115.141 52998.52721499  9.76 124.816994  60.676811  3.509
 22   112.051 52998.52721564  9.38 124.814720  60.679967 13.659
 22   113.098 52998.52721628  7.52 124.812440  60.683137 13.659
 22   112.632 52998.52721692  8.33 124.810160  60.686297 13.659
 23   119.202 53033.52716910  5.50 124.828229  60.679196  3.099
 23   112.452 53033.52716974  4.94 124.825952  60.682357 12.138
 23   112.207 53033.52717039  4.86 124.823672  60.685527 12.138
 23   111.409 53033.52717103  4.61 124.821392  60.688687 12.138
 24   111.910 53068.52718312  3.68 124.820692  60.677220  1.878
 24   111.969 53068.52718377  5.20 124.818409  60.680376 12.093
 24   111.923 53068.52718441  5.00 124.816129  60.683546 12.093
 24   112.646 53068.52718506  3.05 124.813859  60.686706 12.093
 25   110.280 53103.52717129  4.10 124.828893  60.680576  6.237
 25   113.878 53103.52717194  5.31 124.826613  60.683736  6.237
 25   115.796 53103.52717258  5.25 124.824343  60.686896  6.237
 25   110.564 53103.52717323  2.78 124.822063  60.690066  6.237
 27   122.165 53173.52722943  3.12 124.816746  60.677831  8.946
 27   121.416 53173.52723008 10.19 124.814466  60.680991  8.946
 27   127.244 53173.52723072 16.14 124.812186  60.684151  8.946
 28   110.125 53208.52724487 17.13 124.822384  60.675646 10.158
 28   111.021 53208.52724552 16.94 124.820114  60.678816 10.158
 28   112.157 53208.52724616 16.57 124.817834  60.681976 10.158
 28   117.211 53208.52724681 18.89 124.815554  60.685136 10.158
 29   111.248 53243.52721303 31.14 124.827476  60.679285 14.892
 29   113.026 53243.52721367 24.13 124.825196  60.682445 14.892
 29   115.429 53243.52721432 31.09 124.822916  60.685605 14.892
 29   111.856 53243.52721496 33.03 124.820636  60.688775 14.892
 30   123.405 53278.52719047  2.82 124.808055  60.678074  7.242
 30   121.290 53278.52719111 11.32 124.805775  60.681234  7.242
 30   127.625 53278.52719176 18.26 124.803505  60.684394  7.242
 31   115.236 53313.52721784 12.32 124.817689  60.677128 10.585
 31   119.451 53313.52721849 18.62 124.815409  60.680298 10.585
 31   111.174 53313.52721913 15.55 124.813139  60.683458 10.585
 31   113.104 53313.52721978 13.53 124.810859  60.686618 10.585
 32   116.152 53348.52718352  5.85 124.826379  60.678336 11.192
 32   118.518 53348.52718417 12.08 124.824099  60.681496 11.192
 32   121.393 53348.52718481 12.14 124.821829  60.684666 11.192
 32   114.280 53348.52718546 10.77 124.819549  60.687826 11.192
 33   114.629 53383.52715355  5.39 124.812892  60.675076 13.016
 33   114.782 53383.52715419  4.59 124.810612  60.678246 13.016
 33   115.274 53383.52715484  5.68 124.808332  60.681406 13.016
 33   115.016 53383.52715548  3.48 124.806052  60.684566 13.016
 34   123.047 53418.52716303  4.04 124.829341  60.678351  9.301
 34   117.982 53418.52716367  4.08 124.827061  60.681511  9.301
 34   113.913 53418.52716432  3.97 124.824781  60.684681  9.301
 34   114.620 53418.52716496  3.48 124.822511  60.687841  9.301
 36   114.509 53488.52725227 15.68 124.813358  60.674785 23.069
 36   115.145 53488.52725292 18.03 124.811088  60.677955 23.069
 36   115.770 53488.52725356 18.03 124.808808  60.681115 23.069
 36   117.656 53488.52725420 20.69 124.806528  60.684275 23.069
 38   124.140 53558.52726706  4.24 124.816714  60.677148 10.535
 38   121.834 53558.52726770 12.72 124.814444  60.680318 10.535
 38   119.055 53558.52726834 20.47 124.812164  60.683478 10.535
 38   118.526 53558.52726899 26.49 124.809884  60.686638 10.535
 39   111.770 53593.52720429 12.85 124.835409  60.679448 16.694
 39   113.359 53593.52720494 16.06 124.833129  60.682618 16.694
 39   114.070 53593.52720558 18.19 124.830849  60.685778 16.694
 39   114.511 53593.52720622 23.25 124.828569  60.688938 16.694
 41   113.824 53663.52721996 25.55 124.818134  60.674221 23.315
 41   111.967 53663.52722060 28.05 124.815854  60.677381 23.315
 41   111.684 53663.52722125 26.59 124.813574  60.680551 23.315
 41   111.145 53663.52722189 23.23 124.811304  60.683711 23.315
 42   113.396 53698.52718145 11.70 124.826747  60.678970 14.052
 42   112.257 53698.52718210 11.21 124.824467  60.682130 14.052
 42   112.464 53698.52718274 11.26 124.822187  60.685290 14.052
 42   111.667 53698.52718339 12.06 124.819907  60.688460 14.052
 43   113.352 53733.52710396  7.85 124.835814  60.680714 12.265
 43   112.604 53733.52710460  7.85 124.833534  60.683874 12.265
 43   112.604 53733.52710525  7.63 124.831264  60.687034 12.265
 43   113.374 53733.52710589  7.23 124.828984  60.690204 12.265
 44   118.855 53768.52708427  6.19 124.824427  60.676180 10.109
 44   115.175 53768.52708491  6.71 124.822147  60.679340 10.109
 44   113.648 53768.52708556  5.30 124.819867  60.682510 10.109
 44   112.789 53768.52708620  4.85 124.817587  60.685670 10.109
 45   111.491 53803.52708253  6.09 124.830435  60.682310  6.177
 45   117.111 53803.52708318  7.56 124.828155  60.685480  6.177
 45   111.941 53803.52708382  7.94 124.825875  60.688640  6.177
 49   112.817 53943.52721420 26.05 124.814999  60.674707 14.929
 49   112.744 53943.52721484 24.32 124.812719  60.677867 14.929
 49   114.373 53943.52721549 23.04 124.810449  60.681037 14.929
 49   115.177 53943.52721613 24.79 124.808169  60.684197 14.929
 52   117.133 54048.52718453  3.69 124.823724  60.682079 10.060
 52   114.912 54048.52718518 11.43 124.821444  60.685239 10.060
 52   115.886 54048.52718582 11.46 124.819164  60.688409 10.060
 54   119.285 54118.52710621  4.34 124.834678  60.680098 10.862
 54   113.636 54118.52710685  3.97 124.832398  60.683258 10.862
 54   113.912 54118.52710750  2.70 124.830128  60.686418 10.862
 54   114.408 54118.52710814  3.07 124.827848  60.689588 10.862
 56   113.241 54188.52710071  1.33 124.832121  60.679226 12.543
 56   112.719 54188.52710135  0.59 124.829841  60.682386 12.543
 56   114.384 54188.52710200  0.78 124.827571  60.685556 12.543
 56   113.619 54188.52710264  0.96 124.825291  60.688716 12.543
 59   117.577 54293.52716605  4.72 124.820303  60.680388  2.465
 59   118.758 54293.52716670 11.41 124.818023  60.683548  2.465
 59   117.233 54293.52716734 19.84 124.815749  60.686714 12.705
 62   116.473 54398.52710024 13.67 124.822268  60.676829  7.854
 62   119.696 54398.52710088 19.39 124.819988  60.679989  7.854
 62   112.441 54398.52710153 29.47 124.817708  60.683149  7.854
 62   108.872 54398.52710217 26.77 124.815428  60.686309  7.854
 63   115.241 54433.52705961  6.65 124.826744  60.685422  4.161
 63   112.434 54433.52706025 12.34 124.824464  60.688592  4.161
 64   116.195 54468.52708324  6.03 124.817616  60.678182  4.359
 64   119.509 54468.52708388 10.96 124.815336  60.681342  4.359
 64   114.065 54468.52708453 11.28 124.813056  60.684502  4.359
 65   111.593 54503.52707459  7.10 124.826888  60.681863  4.422
 65   121.044 54503.52707523  8.86 124.824608  60.685023  4.422
 65   119.582 54503.52707588  8.19 124.822328  60.688193  4.422
 66   123.122 54538.52709861  4.78 124.823799  60.678726  9.560
 66   116.786 54538.52709925  4.70 124.821519  60.681886  9.560
 66   113.130 54538.52709990  5.07 124.819239  60.685046  9.560
 66   115.585 54538.52710054  2.95 124.816959  60.688206  9.560
 70   110.019 54678.52710141 21.42 124.821747  60.676985 14.820
 70   113.727 54678.52710206 19.88 124.819477  60.680145 14.820
 70   113.779 54678.52710270 19.76 124.817197  60.683315 14.820
 70   116.258 54678.52710335 22.23 124.814917  60.686475 14.820
 73   112.301 54783.52704116 21.12 124.827308  60.678098 21.717
 73   112.723 54783.52704180 24.55 124.825038  60.681258 21.717
 73   109.379 54783.52704245 21.53 124.822758  60.684428 21.717
 73   113.220 54783.52704309 15.28 124.820478  60.687588 21.717
 74   113.130 54818.52706287  9.97 124.820548  60.674643 17.405
 74   113.216 54818.52706352 10.51 124.818268  60.677803 17.405
 74   113.605 54818.52706416  9.88 124.815988  60.680973 17.405
 74   114.337 54818.52706481  9.49 124.813708  60.684133 17.405
 75   113.208 54853.52703831  4.27 124.827995  60.677883 14.351
 75   115.194 54853.52703895  4.48 124.825715  60.681043 14.351
 75   113.096 54853.52703960  4.32 124.823445  60.684203 14.351
 75   112.356 54853.52704024  4.77 124.821165  60.687373 14.351
 76   113.056 54888.52706770  4.67 124.821593  60.676322 10.658
 76   119.252 54888.52706834  6.30 124.819313  60.679492 10.658
 76   116.283 54888.52706898  5.94 124.817033  60.682652 10.658
 76   114.254 54888.52706963  4.63 124.814753  60.685812 10.658
 77   112.424 54923.52703837  5.01 124.832159  60.679409 13.139
 77   112.405 54923.52703901  5.07 124.829879  60.682569 13.139
 77   111.478 54923.52703966  5.40 124.827599  60.685729 13.139
 77   112.954 54923.52704030  4.63 124.825329  60.688899 13.139
 80   115.887 55028.52707766 28.83 124.824789  60.677825 19.846
 80   117.947 55028.52707830 28.79 124.822509  60.680995 19.846
 80   119.830 55028.52707895 30.06 124.820229  60.684155 19.846
 80   118.403 55028.52707959 35.22 124.817949  60.687315 19.846
 81   112.986 55063.52706975 15.27 124.824539  60.677954 10.775
 81   112.968 55063.52707040 15.79 124.822269  60.681114 10.775
 81   114.260 55063.52707104 14.60 124.819989  60.684284 10.775
 81   112.742 55063.52707169 15.35 124.817709  60.687444 10.775
 82   121.323 55098.52701579 30.95 124.832767  60.680342 21.947
 82   114.557 55098.52701643 37.59 124.830487  60.683512 21.947
 82   116.310 55098.52701708 37.16 124.828207  60.686672 21.947
 82   118.183 55098.52701772 37.80 124.825937  60.689832 21.947
 83   113.534 55133.52701348 21.62 124.819093  60.676896 22.182
 83   111.594 55133.52701412 22.65 124.816813  60.680066 22.182
 83   111.997 55133.52701477 19.73 124.814533  60.683226 22.182
 83   111.774 55133.52701541 18.22 124.812253  60.686386 22.182
 84   114.606 55168.52697848 17.23 124.829308  60.678552 22.493
 84   115.270 55168.52697912 16.35 124.827038  60.681722 22.493
 84   116.371 55168.52697977 23.68 124.824758  60.684882 22.493
 84   112.181 55168.52698041 19.42 124.822478  60.688042 22.493
 85   113.433 55203.52700638  7.23 124.818495  60.677385 19.291
 85   114.203 55203.52700702  6.86 124.816215  60.680555 19.291
 85   113.839 55203.52700767  8.11 124.813935  60.683715 19.291
 85   113.630 55203.52700831  7.71 124.811655  60.686875 19.291
 86   113.630 55238.52698584  5.23 124.829213  60.678477 17.091
 86   113.966 55238.52698648  4.81 124.826933  60.681637 17.091
 86   114.688 55238.52698712  5.52 124.824663  60.684797 17.091
 86   113.735 55238.52698777  6.53 124.822383  60.687967 17.091
 87   112.373 55273.52700007  5.43 124.823719  60.677951 16.349
 87   112.415 55273.52700072  4.66 124.821449  60.681121 16.349
 87   112.593 55273.52700136  3.80 124.819169  60.684281 16.349
 87   114.049 55273.52700201  5.32 124.816889  60.687441 16.349
 88   115.161 55308.52696924  0.75 124.831879  60.680333 15.250
 88   115.217 55308.52696988  0.75 124.829599  60.683493 15.250
 88   113.473 55308.52697053  2.25 124.827329  60.686663 15.250
 88   115.888 55308.52697117  1.66 124.825049  60.689823 15.250
 90   115.609 55378.52696355  5.78 124.826327  60.679425 12.824
 90   117.660 55378.52696420  5.51 124.824047  60.682595 12.824
 90   116.701 55378.52696484  5.92 124.821767  60.685755 12.824
 90   118.214 55378.52696549  5.97 124.819487  60.688915 12.824
 91   118.775 55413.52698763 35.10 124.820371  60.674782 20.368
 91   117.130 55413.52698828 36.18 124.818091  60.677952 20.368
 91   117.381 55413.52698892 34.78 124.815811  60.681112 20.368
 91   116.793 55413.52698957 37.34 124.813531  60.684272 20.368
 93   113.911 55483.52690476 15.68 124.835411  60.681354 16.752
 93   113.558 55483.52690540 17.58 124.833141  60.684514 16.752
 93   113.704 55483.52690605 20.77 124.830861  60.687684 16.752
 93   111.199 55483.52690669 19.40 124.828581  60.690844 16.752
