# NaN NaN NaN ;Mean Elev.(m), Avg Gradient(m/km), RMS Gradient(m/km) - SRTM1     
#  -15.565   5.505  32.073 ;Mean Elev.(m), Avg Gradient(m/km), RMS Gradient(m/km) - ASTER GDEM
#    3.177   2.285  26.421 ;Mean Elev.(m), Avg Gradient(m/km), RMS Gradient(m/km) - GMTED2010 
  6 126.784844  72.359766     7.359     7.371  5 52440.14243533 33.125
  7 126.786424  72.358376     4.013     4.028  5 52475.14243336 18.386
  8 126.786507  72.359846     3.662     3.674  4 52510.14239180 18.357
  9 126.797692  72.350625     3.298     3.268  4 52545.14240163 19.247
 10 126.788366  72.354925     1.877     1.877  4 52580.14243288 37.051
 11 126.777734  72.361589     1.168     1.132  4 52615.14240026 17.218
 12 126.795181  72.353706     2.681     2.821  4 52650.14237982 14.806
 14 126.789621  72.356566     1.778     1.688  5 52720.14241644 12.290
 15 126.774177  72.362849     2.707     2.732  5 52755.14243993 10.133
 16 126.796619  72.348221    26.990    23.839  3 52790.14239002 10.142
 17 126.803787  72.355149    69.028    69.028  2 52825.14245855  3.406
 19 126.784632  72.358198     3.950     4.060  4 52895.14253525 23.264
 20 126.773242  72.362608     3.262     3.245  4 52930.14248390 40.720
 21 126.798527  72.349980     0.873     0.850  5 52965.14247605 19.739
 22 126.785242  72.359997     1.227     1.270  5 53000.14250926 12.038
 23 126.777753  72.362831     1.365     1.416  4 53035.14245834 11.194
 24 126.788211  72.354988     1.752     1.653  4 53070.14247819 10.074
 25 126.771847  72.363406     2.666     2.688  4 53105.14245998  8.029
 26 126.792863  72.352459     3.716     4.034  4 53140.14248453  7.303
 27 126.791373  72.356399    69.543    69.796  3 53175.14251831  4.857
 28 126.786720  72.358734     3.670     3.667  4 53210.14253598 23.497
 29 126.784929  72.359363     3.611     3.698  4 53245.14250384 25.424
 30 126.796499  72.350934     4.430     4.430  5 53280.14248704 15.993
 31 126.789321  72.354763     3.086     3.066  4 53315.14250459 26.905
 32 126.788298  72.359021     2.291     2.363  4 53350.14246962 20.182
 33 126.796010  72.350731     3.503     3.636  4 53385.14244990 14.057
 34 126.791218  72.354665     3.567     3.666  5 53420.14245444  9.662
 35 126.801641  72.348903     4.016     3.971  4 53455.14246078  9.848
 36 126.787172  72.358186     3.405     3.503  4 53490.14254479  7.361
 37 126.789153  72.354899     8.603     8.646  5 53525.14253003 34.061
 38 126.781862  72.360250     3.827     4.128  5 53560.14255689 25.507
 39 126.784866  72.360095     3.713     3.873  4 53595.14249504 19.885
 40 126.796533  72.349793     4.344     4.403  4 53630.14248970 23.598
 41 126.788928  72.357568     4.028     4.058  5 53665.14251221 33.614
 42 126.784910  72.358569     1.910     1.911  4 53700.14246698 12.682
 43 126.777999  72.362185     2.731     2.720  4 53735.14238866  7.682
 44 126.792597  72.352286     4.058     4.137  4 53770.14237776  5.684
 45 126.783222  72.360520     3.070     3.077  5 53805.14237038  6.539
 47 126.790636  72.353820     4.510     4.557  5 53875.14243792  6.642
 49 126.781541  72.360029     3.889     3.878  4 53945.14250419 19.948
 50 126.780803  72.362308     3.227     3.291  4 53980.14245128 29.307
 51 126.799678  72.349382     4.390     4.429  5 54015.14247051 17.145
 52 126.792377  72.353823     3.066     3.429  5 54050.14247280 21.719
 54 126.770682  72.363596     3.230     3.186  5 54120.14239125 10.642
 55 126.787207  72.356613     3.622     3.647  5 54155.14242206  7.584
 56 126.777451  72.362673     3.173     3.191  5 54190.14238785  8.146
 57 126.788234  72.354126     4.550     4.596  5 54225.14243330  7.243
 58 126.794423  72.359192    69.382    69.382  2 54260.14245270  1.651
 59 126.788680  72.356635     4.516     4.611  4 54295.14245715 24.811
 60 126.786702  72.359801     3.910     4.093  5 54330.14244958 21.195
 61 126.775560  72.362055     3.583     3.579  5 54365.14239441 25.078
 62 126.787942  72.355352     3.717     3.727  4 54400.14239170 31.604
 63 126.779979  72.360910     1.567     1.606  5 54435.14234850 13.469
 64 126.794078  72.352334     3.311     3.178  4 54470.14237560  9.884
 65 126.780143  72.360961     3.194     3.258  4 54505.14236243  7.986
 66 126.789688  72.357371     3.627     3.745  4 54540.14238993  7.390
 67 126.778396  72.361191     3.655     3.730  4 54575.14236335  7.951
 68 126.788918  72.357324     3.827     3.917  4 54610.14238211 11.998
 69 126.786332  72.357159     4.861     4.956  5 54645.14238997 19.491
 70 126.788069  72.358646     3.814     3.826  5 54680.14239097 21.210
 71 126.777607  72.362156     3.845     3.907  4 54715.14234133 19.585
 72 126.790019  72.354108     3.344     3.535  5 54750.14236225 25.343
 73 126.782015  72.359477     2.770     2.751  4 54785.14233045 19.291
 74 126.790405  72.353261     3.742     3.870  4 54820.14235524 14.133
 75 126.784001  72.359694     3.446     3.481  4 54855.14232676 11.909
 76 126.787592  72.358670     3.502     3.541  5 54890.14235877 11.466
 77 126.774941  72.363032     3.481     3.497  5 54925.14232560  9.634
 78 126.789478  72.354357     4.308     4.423  4 54960.14235720  4.731
 79 126.786225  72.357941     6.599     6.651  5 54995.14237854 38.155
 80 126.786962  72.358268     3.772     3.781  5 55030.14236837 24.157
 81 126.786167  72.359107     3.852     3.860  4 55065.14235887 20.555
 82 126.773295  72.363368     3.288     3.242  5 55100.14230183 21.307
 83 126.790381  72.354850     4.366     4.354  5 55135.14230465 31.577
 84 126.781400  72.360629     2.864     2.862  5 55170.14226740 11.631
 85 126.791190  72.354907     3.466     3.631  4 55205.14229770  9.807
 86 126.778330  72.361233     3.412     3.487  4 55240.14227383  8.758
 87 126.786880  72.359493     3.448     3.510  5 55275.14229105  8.532
 88 126.778528  72.361567     3.716     3.766  5 55310.14225739  6.796
 89 126.787311  72.356728     5.305     5.308  4 55345.14226008 27.046
 90 126.784393  72.359861     4.011     4.073  4 55380.14225341 18.566
 91 126.791595  72.353602     3.740     3.771  5 55415.14228016 26.070
 92 126.784736  72.360342     3.101     3.161  5 55450.14226523 18.815
 93 126.773869  72.362837     2.643     2.658  4 55485.14219033 45.600
