# NaN NaN NaN ;Mean Elev.(m), Avg Gradient(m/km), RMS Gradient(m/km) - SRTM1     
#  113.140     NaN     NaN ;Mean Elev.(m), Avg Gradient(m/km), RMS Gradient(m/km) - ASTER GDEM
#  111.996 -13.526  25.993 ;Mean Elev.(m), Avg Gradient(m/km), RMS Gradient(m/km) - GMTED2010 
  6   120.656 52438.11896976 23.91 122.546851  60.551858  9.313
  6   120.670 52438.11897041 26.12 122.544591  60.548698  9.313
  6   120.328 52438.11897105 27.01 122.542331  60.545538  9.313
  6   120.924 52438.11897170 27.07 122.540071  60.542368  9.313
  9   125.615 52543.11892353 11.20 122.573524  60.553544  4.844
  9   125.195 52543.11892418 10.76 122.571264  60.550384  4.844
  9   124.163 52543.11892482 11.09 122.568994  60.547214  4.844
  9   116.084 52543.11892547 13.50 122.566734  60.544054  4.844
 10   111.816 52578.11897537 30.73 122.551927  60.549927 22.782
 10   112.186 52578.11897602 37.83 122.549667  60.546767 22.782
 10   112.932 52578.11897666 37.56 122.547407  60.543597 22.782
 11   116.010 52613.11894053 10.98 122.544213  60.550120  7.110
 11   116.113 52613.11894117 12.49 122.541953  60.546950  7.110
 11   116.177 52613.11894182 11.53 122.539693  60.543790  7.110
 12   115.857 52648.11892273  7.73 122.559657  60.550562  5.279
 12   115.393 52648.11892338  7.84 122.557397  60.547402  5.279
 12   115.201 52648.11892402  7.21 122.555137  60.544232  5.279
 14   120.090 52718.11895420  2.37 122.555996  60.552436  9.884
 14   119.163 52718.11895484  1.95 122.553736  60.549266  9.884
 14   120.532 52718.11895549  2.06 122.551476  60.546106  9.884
 14   120.182 52718.11895613  1.56 122.549216  60.542946  9.884
 15   118.706 52753.11898036 14.21 122.533556  60.549323 11.203
 15   118.685 52753.11898101 23.48 122.531296  60.546163 11.203
 15   117.855 52753.11898165 27.42 122.529036  60.542993 11.203
 16   257.426 52788.11892493  4.22 122.566678  60.551284  4.071
 16   254.660 52788.11892557  2.62 122.564418  60.548114  4.071
 16   251.916 52788.11892621  2.28 122.562158  60.544954  4.071
 17   128.087 52823.11899638 12.10 122.564810  60.552774  6.473
 17   121.066 52823.11899703 10.99 122.562550  60.549614  6.473
 17   120.275 52823.11899767 10.89 122.560290  60.546444  6.473
 17   119.945 52823.11899832 11.66 122.558020  60.543284  6.473
 19   118.190 52893.11907567 14.93 122.550059  60.550335  9.997
 19   117.247 52893.11907631 14.29 122.547799  60.547165  9.997
 19   117.359 52893.11907696 11.80 122.545539  60.544005  9.997
 20   117.148 52928.11902710 12.10 122.538823  60.549954  7.500
 20   120.335 52928.11902775 10.21 122.536563  60.546794  7.500
 20   117.676 52928.11902839 11.45 122.534303  60.543624  7.500
 26   257.626 53138.11901447  2.08 122.562657  60.550697  4.600
 26   254.816 53138.11901512  1.37 122.560387  60.547527  4.600
 26   251.908 53138.11901576  0.38 122.558127  60.544367  4.600
 27   126.812 53173.11905806 13.64 122.556049  60.551652  7.305
 27   127.554 53173.11905870 10.24 122.553779  60.548492  7.305
 27   127.049 53173.11905935  9.89 122.551519  60.545322  7.305
 27   126.555 53173.11905999 10.06 122.549259  60.542162  7.305
 28   118.032 53208.11907364 19.32 122.551751  60.552558 11.472
 28   117.828 53208.11907428 18.35 122.549491  60.549388 11.472
 28   117.378 53208.11907493 19.33 122.547231  60.546228 11.472
 28   117.084 53208.11907557 17.15 122.544971  60.543068 11.472
 29   119.994 53243.11904167 36.08 122.551075  60.550553 13.939
 29   120.394 53243.11904232 35.51 122.548815  60.547383 13.939
 29   121.268 53243.11904296 35.62 122.546555  60.544223 13.939
 31   116.873 53313.11904793 30.06 122.553498  60.549932 14.131
 31   116.445 53313.11904858 39.08 122.551238  60.546772 14.131
 31   117.130 53313.11904922 33.56 122.548978  60.543602 14.131
 36   120.983 53488.11908065 22.40 122.549224  60.552008 16.229
 36   120.070 53488.11908130 24.13 122.546964  60.548848 16.229
 36   118.984 53488.11908194 20.77 122.544704  60.545688 16.229
 36   116.874 53488.11908259 20.16 122.542444  60.542518 16.229
 37   120.243 53523.11906997 16.90 122.556120  60.549752  6.163
 37   120.197 53523.11907061 16.54 122.553860  60.546592  6.163
 37   120.901 53523.11907126 15.15 122.551600  60.543422  6.163
 38   125.359 53558.11909577 11.30 122.545651  60.552064  4.039
 38   124.895 53558.11909642 10.52 122.543391  60.548894  4.039
 38   123.788 53558.11909706 10.50 122.541131  60.545734  4.039
 38   123.916 53558.11909771 10.43 122.538871  60.542574  4.039
 39   116.520 53593.11903270 14.77 122.554300  60.552620  7.941
 39   117.081 53593.11903335 17.38 122.552040  60.549450  7.941
 39   117.036 53593.11903399 14.61 122.549780  60.546290  7.941
 39   116.231 53593.11903464 13.06 122.547520  60.543130  7.941
 40   118.054 53628.11902354 28.25 122.563745  60.552906  6.038
 40   119.634 53628.11902419 27.04 122.561475  60.549736  6.038
 40   118.827 53628.11902483 28.60 122.559215  60.546576  6.038
 40   120.059 53628.11902548 27.21 122.556955  60.543406  6.038
 41   116.092 53663.11904907 30.46 122.553680  60.550867 15.824
 41   116.095 53663.11904971 32.25 122.551420  60.547707 15.824
 41   117.292 53663.11905036 32.16 122.549160  60.544547 15.824
 47   258.171 53873.11897598  1.13 122.557340  60.550592  3.486
 47   255.108 53873.11897662  2.43 122.555080  60.547422  3.486
 49   119.833 53943.11904328 34.53 122.544693  60.552171  6.597
 49   122.188 53943.11904393 42.80 122.542433  60.549011  6.597
 49   118.065 53943.11904457 45.44 122.540171  60.545843 13.499
 49   119.920 53943.11904522 43.38 122.537911  60.542683 13.499
 51   123.598 54013.11900335 19.70 122.570838  60.553152  3.453
 51   120.275 54013.11900399 29.16 122.568568  60.549982  3.453
 51   121.044 54013.11900464 33.49 122.566309  60.546820 13.998
 51   120.801 54013.11900528 38.97 122.564049  60.543660 13.998
 52   119.948 54048.11901284 12.12 122.563301  60.551858  4.005
 52   119.590 54048.11901348 13.87 122.561041  60.548698  4.005
 52   119.745 54048.11901413 13.12 122.558781  60.545528  4.005
 52   119.970 54048.11901477 12.54 122.556523  60.542362  7.809
 57   258.760 54223.11896930  3.30 122.557478  60.551327  4.898
 57   255.805 54223.11896995  3.45 122.555218  60.548157  4.898
 57   252.783 54223.11897059  2.66 122.552958  60.544997  4.898
 57   249.748 54223.11897124  1.22 122.550698  60.541837  4.898
 59   126.099 54293.11899366 10.56 122.557140  60.552773  3.231
 59   122.428 54293.11899431 10.17 122.554880  60.549613  3.231
 59   121.898 54293.11899495 10.11 122.552620  60.546443  3.231
 59   121.497 54293.11899560 10.09 122.550360  60.543283  3.231
 62   118.577 54398.11892901 37.64 122.558566  60.551294 10.340
 62   118.654 54398.11892966 40.56 122.556306  60.548134 10.340
 62   120.951 54398.11893030 37.04 122.554046  60.544964 10.340
 62   115.110 54398.11893095 39.86 122.551786  60.541804 10.340
 63   117.991 54433.11888846  7.81 122.544022  60.546311  9.903
 63   117.479 54433.11888910 16.28 122.541762  60.543151  9.903
 69   125.707 54643.11892868  8.63 122.552199  60.551705  5.319
 69   124.945 54643.11892933  8.76 122.549939  60.548535  5.319
 69   120.726 54643.11892997  9.64 122.547679  60.545375  5.319
 69   120.671 54643.11893062  8.41 122.545419  60.542215  5.319
 72   118.404 54748.11889932 38.86 122.557806  60.552327 16.676
 72   121.060 54748.11889997 39.89 122.555546  60.549157 16.676
 72   117.197 54748.11890061 39.23 122.553286  60.545997 16.676
 72   117.190 54748.11890126 39.71 122.551026  60.542827 16.676
 73   115.034 54783.11887105 29.25 122.550268  60.549651 20.920
 73   116.560 54783.11887169 30.64 122.548008  60.546491 20.920
 73   116.128 54783.11887234 26.34 122.545748  60.543331 20.920
 80   120.690 55028.11890626 15.51 122.552788  60.552615  3.767
 80   119.601 55028.11890690 15.85 122.550528  60.549455  3.767
 80   119.397 55028.11890755 15.32 122.548268  60.546285  3.767
 80   120.046 55028.11890819 15.28 122.546008  60.543125  3.767
 81   120.934 55063.11889835  8.86 122.553857  60.552236  6.630
 81   120.687 55063.11889900  9.78 122.551597  60.549066  6.630
 81   120.628 55063.11889964  7.72 122.549337  60.545906  6.630
 81   119.668 55063.11890029  9.19 122.547077  60.542736  6.630
 82   119.932 55098.11884568 19.79 122.540135  60.551420 13.691
 82   119.559 55098.11884632 20.69 122.537875  60.548250 13.691
 82   119.160 55098.11884697 20.82 122.535615  60.545090 13.691
 82   119.346 55098.11884761 20.81 122.533355  60.541920 13.691
 83   116.065 55133.11884272 38.94 122.556159  60.550080 19.198
 83   117.512 55133.11884337 38.29 122.553899  60.546920 19.198
 83   116.763 55133.11884401 34.29 122.551639  60.543760 19.198
 84   116.383 55168.11880779 15.78 122.550297  60.551228 12.988
 84   117.421 55168.11880844 16.11 122.548037  60.548068 12.988
 84   117.067 55168.11880908 15.48 122.545777  60.544908 12.988
 84   116.274 55168.11880973 15.00 122.543517  60.541738 12.988
 85   117.694 55203.11883498  7.30 122.556475  60.550682  7.954
 85   117.647 55203.11883562  7.71 122.554215  60.547522  7.954
 85   117.382 55203.11883627  7.22 122.551955  60.544352  7.954
 86   122.904 55238.11881701  4.71 122.541602  60.545158 11.126
 86   141.589 55238.11881766  4.46 122.539342  60.541998 11.126
 90   126.852 55378.11879215 11.70 122.550847  60.552309  9.253
 90   120.019 55378.11879280 11.73 122.548587  60.549139  9.253
 90   119.086 55378.11879344 11.68 122.546327  60.545979  9.253
 90   118.101 55378.11879409 11.70 122.544067  60.542819  9.253
 92   124.471 55448.11880591 17.95 122.552218  60.551905  5.684
 92   125.733 55448.11880656 12.81 122.549958  60.548735  5.684
 92   124.598 55448.11880720 10.45 122.547698  60.545575  5.684
 93   116.262 55483.11873529 20.99 122.540481  60.550165  8.662
 93   116.848 55483.11873594 17.96 122.538221  60.546995  8.662
 93   116.621 55483.11873658 18.90 122.535961  60.543835  8.662
