# NaN NaN NaN ;Mean Elev.(m), Avg Gradient(m/km), RMS Gradient(m/km) - SRTM1     
#    3.000   0.000   0.038 ;Mean Elev.(m), Avg Gradient(m/km), RMS Gradient(m/km) - ASTER GDEM
#    1.000   0.000   0.000 ;Mean Elev.(m), Avg Gradient(m/km), RMS Gradient(m/km) - GMTED2010 
  7     1.804 52456.48367436 15.57 127.934067  72.316129  3.748
  7     1.774 52456.48367501 15.71 127.928527  72.319019  3.748
  7     1.648 52456.48367565 16.04 127.922987  72.321909  3.748
  7     0.991 52456.48367630 16.71 127.917441  72.324799 16.098
  7     0.232 52456.48367694 17.48 127.911891  72.327699 16.098
  7     1.619 52456.48367759 17.07 127.906351  72.330589 16.098
 10     1.019 52561.48367465 33.73 127.934642  72.310340 12.229
 10     1.095 52561.48367529 37.23 127.929102  72.313240 12.229
 10     1.325 52561.48367594 44.09 127.923562  72.316130 12.229
 10     1.341 52561.48367658 46.40 127.918023  72.319017 17.575
 10     1.313 52561.48367723 41.94 127.912473  72.321917 17.575
 10     1.188 52561.48367787 39.64 127.906933  72.324807 17.575
 10     1.167 52561.48367851 36.44 127.901383  72.327697 17.575
 10     1.312 52561.48367916 36.71 127.895833  72.330587 17.575
 10     1.352 52561.48367980 38.66 127.890273  72.333487 17.575
 12     1.613 52631.48362621 27.29 127.934051  72.308653  6.881
 12     1.485 52631.48362685 27.09 127.928511  72.311543  6.881
 12     1.321 52631.48362750 27.02 127.922973  72.314431  4.689
 12     1.316 52631.48362814 26.45 127.917423  72.317331  4.689
 12     1.308 52631.48362879 26.64 127.911883  72.320221  4.689
 12     1.277 52631.48362943 27.07 127.906333  72.323111  4.689
 12     1.271 52631.48363008 25.95 127.900783  72.326001  4.689
 12     1.295 52631.48363072 25.58 127.895243  72.328901  4.689
 12     1.327 52631.48363137 25.35 127.889683  72.331791  4.689
 12     1.574 52631.48363201 24.83 127.884133  72.334681  4.689
 15     1.682 52736.48365923 19.36 127.949949  72.313857  2.222
 15     1.520 52736.48365987 18.23 127.944419  72.316747  2.222
 15     1.469 52736.48366052 18.52 127.938879  72.319637  2.222
 15     1.467 52736.48366116 18.23 127.933329  72.322537  2.222
 15     1.471 52736.48366180 17.87 127.927789  72.325427  2.222
 15     1.520 52736.48366245 18.04 127.922239  72.328317  2.222
 15     1.599 52736.48366309 17.20 127.916699  72.331217  2.222
 16     1.374 52771.48363395 25.50 127.957159  72.315398 12.633
 16     1.254 52771.48363460 24.79 127.951619  72.318288 12.633
 16     1.323 52771.48363524 24.41 127.946079  72.321188 12.633
 16     1.502 52771.48363589 25.02 127.940539  72.324078 12.633
 16     1.529 52771.48363653 25.41 127.934999  72.326968 12.633
 16     1.623 52771.48363718 25.31 127.929458  72.329862 18.400
 17     3.822 52806.48368103 25.27 127.941723  72.301027  7.426
 17     3.690 52806.48368167 29.02 127.936183  72.303927  7.426
 17     3.784 52806.48368232 21.12 127.930643  72.306817  7.426
 17     3.639 52806.48368296 20.25 127.925103  72.309707  7.426
 17     3.442 52806.48368361 18.07 127.919563  72.312607  7.426
 17     3.377 52806.48368425 18.15 127.914023  72.315497  7.426
 17     2.987 52806.48368490 19.15 127.908473  72.318387  7.426
 17     2.982 52806.48368554 19.54 127.902933  72.321277  7.426
 17     3.097 52806.48368618 19.43 127.897385  72.324174 14.601
 17     3.167 52806.48368683 19.24 127.891835  72.327064 14.601
 17     3.336 52806.48368747 19.63 127.886285  72.329954 14.601
 17     3.513 52806.48368812 19.98 127.880735  72.332854 14.601
 17     3.730 52806.48368876 21.33 127.875175  72.335744 14.601
 18    -3.540 52841.48374188 21.39 127.936166  72.307820  5.996
 18    -2.534 52841.48374253 20.23 127.930626  72.310720  5.996
 18    -1.864 52841.48374317 19.10 127.925086  72.313610  5.996
 18    -1.779 52841.48374382 19.78 127.919546  72.316500  5.996
 18    -1.457 52841.48374446 19.86 127.913996  72.319400  5.996
 18    -1.203 52841.48374511 20.08 127.908456  72.322290  5.996
 18    -0.322 52841.48374575 19.81 127.902906  72.325180  5.996
 18     0.251 52841.48374640 21.37 127.897356  72.328070  5.996
 18     0.895 52841.48374704 21.32 127.891805  72.330964 20.279
 18     1.158 52841.48374769 22.84 127.886255  72.333854 20.279
 19     1.106 52876.48378146 31.15 127.932898  72.312173 19.438
 19     1.031 52876.48378210 41.14 127.927358  72.315063 19.438
 19     1.129 52876.48378275 38.68 127.921818  72.317953 19.438
 19     0.974 52876.48378339 35.12 127.916268  72.320853 19.438
 19     0.925 52876.48378404 34.86 127.910728  72.323743 19.438
 19     1.062 52876.48378468 36.03 127.905178  72.326633 19.438
 19     1.134 52876.48378533 34.40 127.899628  72.329523 19.438
 19     1.188 52876.48378597 37.58 127.894082  72.332419 12.576
 20     1.565 52911.48374343 39.63 127.958895  72.314741 13.069
 20     1.457 52911.48374407 38.40 127.953355  72.317641 13.069
 20     1.359 52911.48374472 39.01 127.947815  72.320531 13.069
 20     1.278 52911.48374536 39.04 127.942275  72.323421 13.069
 20     1.325 52911.48374601 38.00 127.936735  72.326321 13.069
 20     1.473 52911.48374665 34.75 127.931185  72.329211 13.069
 23     1.525 53016.48373263 25.56 127.949764  72.313683  6.724
 23     1.477 53016.48373327 24.52 127.944224  72.316583  6.724
 23     1.410 53016.48373392 25.99 127.938684  72.319473  6.724
 23     1.418 53016.48373456 26.24 127.933144  72.322363  6.724
 23     1.490 53016.48373520 26.30 127.927604  72.325263  6.724
 23     1.584 53016.48373585 25.14 127.922054  72.328153  6.724
 23     1.874 53016.48373649 24.10 127.916504  72.331043  6.724
 24     1.504 53051.48370982 22.84 127.933784  72.308737  6.559
 24     1.542 53051.48371046 22.48 127.928244  72.311627  6.559
 24     1.431 53051.48371111 23.38 127.922704  72.314527  6.559
 24     1.385 53051.48371175 24.05 127.917164  72.317417  6.559
 24     1.471 53051.48371240 23.73 127.911614  72.320307  6.559
 24     1.437 53051.48371304 24.39 127.906064  72.323197  6.559
 24     1.425 53051.48371369 24.23 127.900524  72.326097  6.559
 24     1.444 53051.48371433 24.18 127.894974  72.328987  6.559
 24     1.507 53051.48371498 23.21 127.889414  72.331877  6.559
 24     1.589 53051.48371562 23.75 127.883861  72.334766  5.110
 25     1.301 53086.48374830 22.54 127.932013  72.319887  6.225
 25     1.316 53086.48374895 23.36 127.926473  72.322777  6.225
 25     1.369 53086.48374959 22.51 127.920933  72.325667  6.225
 25     1.618 53086.48375024 21.46 127.915383  72.328557  6.225
 25     1.758 53086.48375088 20.28 127.909843  72.331457  6.225
 26     1.388 53121.48371674 14.36 127.932618  72.309669  3.235
 26     1.431 53121.48371738 14.16 127.927078  72.312569  3.235
 26     1.387 53121.48371803 14.70 127.921538  72.315459  3.235
 26     1.351 53121.48371867 14.77 127.915988  72.318349  3.235
 26     1.310 53121.48371932 15.12 127.910448  72.321249  3.235
 26     1.352 53121.48371996 14.56 127.904898  72.324139  3.235
 26     1.273 53121.48372061 14.91 127.899348  72.327029  3.235
 26     1.303 53121.48372125 14.79 127.893798  72.329919  3.235
 26     1.519 53121.48372190 15.09 127.888243  72.332812  3.098
 26     1.621 53121.48372254 14.86 127.882693  72.335702  3.098
 28     2.784 53191.48376527 12.70 127.932595  72.320017  2.554
 28     2.854 53191.48376591 12.80 127.927055  72.322907  2.554
 28     2.852 53191.48376656 12.53 127.921514  72.325805 13.921
 28     2.936 53191.48376720 12.38 127.915964  72.328695 13.921
 28     3.037 53191.48376785 12.71 127.910414  72.331585 13.921
 29     1.375 53226.48376761 43.08 127.949145  72.313480 33.166
 29     1.366 53226.48376825 41.35 127.943605  72.316370 33.166
 29     1.298 53226.48376890 38.74 127.938065  72.319260 33.166
 29     1.272 53226.48376954 41.86 127.932525  72.322160 33.166
 29     1.309 53226.48377019 41.69 127.926985  72.325050 33.166
 29     1.435 53226.48377083 41.97 127.921435  72.327940 33.166
 29     1.553 53226.48377147 34.69 127.915885  72.330840 33.166
 30     1.446 53261.48374121 47.24 127.955407  72.313377 31.706
 30     1.431 53261.48374185 46.97 127.949867  72.316277 31.706
 30     1.428 53261.48374250 48.99 127.944327  72.319167 31.706
 30     1.357 53261.48374314 46.40 127.938787  72.322057 31.706
 30     1.358 53261.48374379 43.46 127.933247  72.324957 31.706
 30     1.355 53261.48374443 43.76 127.927707  72.327847 31.706
 30     1.611 53261.48374508 41.65 127.922157  72.330737 31.706
 31     2.535 53296.48377369 38.75 127.937173  72.304436 12.744
 31     2.622 53296.48377433 37.08 127.931643  72.307336 12.744
 31     2.481 53296.48377497 34.07 127.926103  72.310226 12.744
 31     2.451 53296.48377562 32.88 127.920563  72.313116 12.744
 31     2.489 53296.48377626 32.08 127.915023  72.316016 12.744
 31     2.592 53296.48377691 32.10 127.909483  72.318906 12.744
 31     2.577 53296.48377755 31.25 127.903933  72.321796 12.744
 31     2.652 53296.48377820 32.21 127.898383  72.324696 12.744
 31     2.659 53296.48377884 32.43 127.892835  72.327585 14.992
 31     2.705 53296.48377949 34.42 127.887285  72.330475 14.992
 31     2.721 53296.48378013 34.19 127.881735  72.333365 14.992
 31     2.673 53296.48378078 36.05 127.876185  72.336265 14.992
 32     1.592 53331.48374828 27.20 127.932720  72.317385  6.896
 32     1.498 53331.48374893 27.37 127.927180  72.320275  6.896
 32     1.484 53331.48374957 27.83 127.921630  72.323165  6.896
 32     1.483 53331.48375022 28.34 127.916090  72.326055  6.896
 32     1.655 53331.48375086 27.76 127.910540  72.328955  6.896
 32     1.856 53331.48375150 26.81 127.904991  72.331846  4.584
 34     1.802 53401.48372076 22.33 127.936247  72.310573  5.593
 34     1.626 53401.48372141 22.60 127.930717  72.313463  5.593
 34     1.468 53401.48372205 23.13 127.925167  72.316353  5.593
 34     1.442 53401.48372270 22.82 127.919627  72.319253  5.593
 34     1.375 53401.48372334 23.85 127.914087  72.322143  5.593
 34     1.370 53401.48372398 22.79 127.908537  72.325033  5.593
 34     1.375 53401.48372463 23.76 127.902987  72.327923  5.593
 34     1.638 53401.48372527 23.30 127.897440  72.330820  3.929
 34     1.727 53401.48372592 22.71 127.891890  72.333710  3.929
 35     1.764 53436.48371041 23.40 127.953091  72.314561  5.349
 35     1.631 53436.48371106 23.31 127.947551  72.317451  5.349
 35     1.664 53436.48371170 23.49 127.942011  72.320351  5.349
 35     1.661 53436.48371235 24.46 127.936471  72.323241  5.349
 35     1.778 53436.48371299 23.57 127.930931  72.326131  5.349
 35     1.880 53436.48371364 22.77 127.925381  72.329031  5.349
 36     1.812 53471.48376028 19.75 127.933723  72.308569  4.268
 36     1.673 53471.48376093 20.32 127.928173  72.311459  4.268
 36     1.546 53471.48376157 20.39 127.922643  72.314359  4.268
 36     1.464 53471.48376222 20.69 127.917093  72.317249  4.268
 36     1.438 53471.48376286 20.03 127.911553  72.320139  4.268
 36     1.454 53471.48376351 21.19 127.906003  72.323029  4.268
 36     1.432 53471.48376415 20.11 127.900461  72.325928  4.046
 36     1.406 53471.48376480 20.53 127.894911  72.328818  4.046
 36     1.437 53471.48376544 21.21 127.889361  72.331708  4.046
 36     1.559 53471.48376609 20.14 127.883801  72.334608  4.046
 37     1.238 53506.48379487 22.09 127.933709  72.315288  5.542
 37     0.803 53506.48379551 22.99 127.928159  72.318178  5.542
 37     0.885 53506.48379616 23.31 127.922619  72.321078  5.542
 37     0.220 53506.48379680 25.95 127.917079  72.323968  5.542
 37     0.249 53506.48379745 27.61 127.911529  72.326868  5.542
 37     0.601 53506.48379809 27.38 127.905979  72.329758  5.542
 37     0.882 53506.48379874 27.85 127.900429  72.332650  7.041
 38     1.847 53541.48379994 16.21 127.931339  72.317045  2.988
 38     1.945 53541.48380059 16.20 127.925799  72.319935  2.988
 38     1.731 53541.48380123 16.36 127.920249  72.322835  2.988
 38     1.979 53541.48380188 16.09 127.914709  72.325725  2.988
 38     1.993 53541.48380252 16.81 127.909159  72.328621 16.253
 38     2.500 53541.48380317 15.97 127.903609  72.331511 16.253
 39     0.336 53576.48378813 23.94 127.951216  72.312375  8.610
 39     0.379 53576.48378877 25.63 127.945686  72.315265  8.610
 39     0.353 53576.48378942 26.93 127.940146  72.318155  8.610
 39     0.603 53576.48379006 27.61 127.934606  72.321055  8.610
 39     0.761 53576.48379071 29.63 127.929056  72.323945  8.610
 39     1.048 53576.48379135 30.44 127.923516  72.326835  8.610
 39     1.568 53576.48379200 30.37 127.917966  72.329735  8.610
 40     0.919 53611.48374017 31.18 127.955498  72.314808  7.667
 40     0.763 53611.48374081 31.73 127.949958  72.317698  7.667
 40     0.916 53611.48374145 32.18 127.944428  72.320598  7.667
 40     1.009 53611.48374210 32.92 127.938878  72.323488  7.667
 40     1.346 53611.48374274 32.00 127.933338  72.326378  7.667
 40     1.630 53611.48374339 32.19 127.927798  72.329278  7.667
 41     1.749 53646.48374365 44.70 127.936181  72.307238 20.605
 41     1.591 53646.48374430 36.58 127.930641  72.310138 20.605
 41     1.531 53646.48374494 30.47 127.925101  72.313028 20.605
 41     1.342 53646.48374559 28.68 127.919561  72.315918 20.605
 41     0.993 53646.48374623 28.77 127.914011  72.318818 20.605
 41     1.051 53646.48374688 29.29 127.908471  72.321708 20.605
 41     1.171 53646.48374752 30.32 127.902921  72.324598 20.605
 41     1.430 53646.48374817 30.84 127.897371  72.327488 20.605
 41     1.574 53646.48374881 33.33 127.891822  72.330381 24.794
 41     1.671 53646.48374946 36.04 127.886272  72.333271 24.794
 41     1.726 53646.48375010 47.08 127.880712  72.336161 24.794
 42     1.350 53681.48376145 23.22 127.933902  72.316548  6.708
 42     1.378 53681.48376210 22.74 127.928362  72.319438  6.708
 42     1.359 53681.48376274 21.93 127.922812  72.322338  6.708
 42     1.494 53681.48376339 22.30 127.917272  72.325228  6.708
 42     1.473 53681.48376403 21.79 127.911722  72.328118  6.708
 42     1.648 53681.48376468 20.95 127.906182  72.331018  6.708
 43     1.644 53716.48368800 22.92 127.957315  72.314005  6.303
 43     1.576 53716.48368864 24.36 127.951785  72.316905  6.303
 43     1.616 53716.48368929 22.36 127.946245  72.319795  6.303
 43     1.625 53716.48368993 21.09 127.940695  72.322695  6.303
 43     1.627 53716.48369058 20.87 127.935155  72.325585  6.303
 43     1.620 53716.48369122 20.34 127.929615  72.328475  6.303
 44     1.553 53751.48360592 22.01 127.935922  72.307803  6.136
 44     1.439 53751.48360656 22.59 127.930382  72.310703  6.136
 44     1.235 53751.48360720 23.18 127.924842  72.313593  6.136
 44     1.255 53751.48360785 21.80 127.919292  72.316483  6.136
 44     1.261 53751.48360849 21.34 127.913752  72.319373  6.136
 44     1.215 53751.48360914 21.64 127.908202  72.322273  6.136
 44     1.167 53751.48360978 21.46 127.902652  72.325163  6.136
 44     1.278 53751.48361043 21.60 127.897102  72.328053  6.136
 44     1.419 53751.48361107 20.92 127.891553  72.330943  4.750
 44     1.524 53751.48361172 20.57 127.885993  72.333843  4.750
 45     1.515 53786.48363671 16.30 127.949369  72.313488  3.462
 45     1.455 53786.48363736 16.15 127.943829  72.316378  3.462
 45     1.436 53786.48363800 16.12 127.938289  72.319268  3.462
 45     1.462 53786.48363865 16.89 127.932739  72.322168  3.462
 45     1.555 53786.48363929 16.30 127.927199  72.325058  3.462
 45     1.555 53786.48363994 16.28 127.921649  72.327948  3.462
 45     1.585 53786.48364058 16.11 127.916109  72.330848  3.462
 46     1.517 53821.48359383 14.67 127.957356  72.320828  2.713
 46     1.547 53821.48359447 14.34 127.951816  72.323718  2.713
 46     1.536 53821.48359511 14.34 127.946276  72.326618  2.713
 47     1.350 53856.48368089 15.52 127.937229  72.307629  3.344
 47     1.458 53856.48368153 15.00 127.931689  72.310519  3.344
 47     1.312 53856.48368218 15.49 127.926149  72.313409  3.344
 47     1.239 53856.48368282 15.06 127.920609  72.316309  3.344
 47     1.205 53856.48368347 15.80 127.915069  72.319199  3.344
 47     1.160 53856.48368411 15.76 127.909519  72.322089  3.344
 47     1.159 53856.48368476 15.57 127.903979  72.324989  3.344
 47     1.139 53856.48368540 15.64 127.898429  72.327879  3.344
 47     1.173 53856.48368605 15.64 127.892879  72.330769  3.344
 47     1.220 53856.48368669 15.86 127.887329  72.333659  3.344
 48     3.432 53891.48369448 30.64 127.935159  72.315941 10.838
 48     3.427 53891.48369512 34.36 127.929609  72.318831 10.838
 48     3.433 53891.48369576 31.90 127.924069  72.321721 10.838
 48     3.375 53891.48369641 27.45 127.918519  72.324621 10.838
 48     3.394 53891.48369705 26.06 127.912971  72.327513  9.779
 48     3.226 53891.48369770 21.85 127.907431  72.330403  9.779
 49     2.282 53926.48375542 14.17 127.933210  72.309533  2.779
 49     2.251 53926.48375607 14.32 127.927680  72.312423  2.779
 49     2.166 53926.48375671 14.52 127.922140  72.315323  2.779
 49     2.248 53926.48375736 14.30 127.916600  72.318213  2.779
 49     2.270 53926.48375800 14.30 127.911050  72.321103  2.779
 49     2.289 53926.48375865 14.79 127.905510  72.324003  2.779
 49     2.326 53926.48375929 14.51 127.899960  72.326893  2.779
 49     2.348 53926.48375994 14.69 127.894410  72.329783  2.779
 49     1.956 53926.48376058 16.88 127.888860  72.332673  2.779
 49     1.851 53926.48376122 17.53 127.883310  72.335570 16.052
 50     1.287 53961.48374270 43.92 127.933646  72.318886 31.958
 50     1.238 53961.48374334 43.91 127.928106  72.321786 31.958
 50     1.189 53961.48374399 44.00 127.922566  72.324676 31.958
 50     1.170 53961.48374463 43.79 127.917016  72.327566 31.958
 50     1.154 53961.48374528 42.99 127.911476  72.330466 31.958
 51    -5.054 53996.48367908 19.24 127.948830  72.292733  5.063
 51    -5.174 53996.48367972 19.56 127.943300  72.295633  5.063
 51    -5.111 53996.48368037 18.89 127.937770  72.298523  5.063
 51    -5.138 53996.48368101 19.81 127.932230  72.301413  5.063
 51    -4.810 53996.48368166 20.09 127.926690  72.304313  5.063
 51    -4.214 53996.48368230 20.66 127.921150  72.307203  5.063
 51    -4.008 53996.48368295 21.08 127.915610  72.310093  5.063
 51    -3.451 53996.48368359 21.79 127.910060  72.312983  5.063
 51    -3.144 53996.48368423 21.94 127.904520  72.315883  5.063
 51    -3.076 53996.48368488 21.92 127.898970  72.318773  5.063
 51    -2.776 53996.48368552 21.55 127.893420  72.321663  5.063
 51    -2.437 53996.48368617 22.45 127.887870  72.324553  5.063
 51    -1.609 53996.48368681 23.24 127.882320  72.327453  5.063
 51    -3.224 53996.48368746 25.09 127.876770  72.330343  5.063
 51    -1.876 53996.48368810 25.15 127.871209  72.333235 15.586
 52     2.088 54031.48373539 40.25 127.936570  72.309661 20.618
 52     2.067 54031.48373603 38.71 127.931030  72.312561 20.618
 52     2.232 54031.48373668 36.25 127.925490  72.315451 20.618
 52     1.784 54031.48373732 34.25 127.919940  72.318341 20.618
 52     1.901 54031.48373797 34.20 127.914400  72.321241 20.618
 52     1.782 54031.48373861 35.50 127.908850  72.324131 20.618
 52     1.719 54031.48373926 38.31 127.903300  72.327021 20.618
 52     1.753 54031.48373990 42.78 127.897750  72.329911 20.618
 52     1.936 54031.48374054 43.37 127.892200  72.332801 20.618
 53     1.741 54066.48373095 22.24 127.934948  72.320003  5.214
 53     1.650 54066.48373159 23.46 127.929408  72.322903  5.214
 53     1.724 54066.48373223 22.65 127.923858  72.325793  5.214
 53     1.859 54066.48373288 22.17 127.918318  72.328683  5.214
 53     1.924 54066.48373352 21.75 127.912768  72.331583  5.214
 54     1.891 54101.48369165 24.38 127.952664  72.315638  6.364
 54     1.822 54101.48369230 23.20 127.947124  72.318528  6.364
 54     1.684 54101.48369294 22.77 127.941584  72.321418  6.364
 54     1.743 54101.48369359 23.37 127.936044  72.324318  6.364
 54     1.889 54101.48369423 23.82 127.930504  72.327208  6.364
 54     1.953 54101.48369488 23.31 127.924954  72.330098  6.364
 55     1.756 54136.48365659 19.58 127.932804  72.310070  4.844
 55     1.486 54136.48365723 19.39 127.927264  72.312960  4.844
 55     1.408 54136.48365788 19.35 127.921724  72.315860  4.844
 55     1.293 54136.48365852 19.69 127.916184  72.318750  4.844
 55     1.395 54136.48365917 19.48 127.910634  72.321640  4.844
 55     1.452 54136.48365981 19.32 127.905084  72.324530  4.844
 55     1.535 54136.48366046 18.92 127.899544  72.327430  4.844
 55     1.575 54136.48366110 18.95 127.893984  72.330320  4.844
 55     1.698 54136.48366175 18.99 127.888434  72.333210  4.844
 56     1.899 54171.48366743 12.56 127.954445  72.312092  2.431
 56     1.685 54171.48366808 12.44 127.948905  72.314982  2.431
 56     1.567 54171.48366872 12.36 127.943365  72.317872  2.431
 56     1.547 54171.48366936 12.71 127.937825  72.320772  2.431
 56     1.541 54171.48367001 12.22 127.932285  72.323662  2.431
 56     1.739 54171.48367065 11.91 127.926735  72.326552  2.431
 56     1.861 54171.48367130 12.00 127.921195  72.329452  2.431
 57     1.515 54206.48366118 16.25 127.934891  72.307498  3.821
 57     1.306 54206.48366182 16.96 127.929361  72.310388  3.821
 57     1.348 54206.48366247 15.96 127.923811  72.313288  3.821
 57     1.243 54206.48366311 15.46 127.918271  72.316178  3.821
 57     1.157 54206.48366376 16.68 127.912731  72.319068  3.821
 57     1.242 54206.48366440 16.23 127.907181  72.321958  3.821
 57     1.343 54206.48366505 15.38 127.901632  72.324856  2.918
 57     1.360 54206.48366569 15.08 127.896092  72.327746  2.918
 57     1.465 54206.48366633 15.05 127.890532  72.330636  2.918
 57     1.655 54206.48366698 14.84 127.884982  72.333536  2.918
 57     1.809 54206.48366762 14.59 127.879432  72.336426  2.918
 58     1.079 54241.48369622 18.28 127.930101  72.318411  8.262
 58     1.022 54241.48369687 18.73 127.924561  72.321301  8.262
 58    -0.526 54241.48369751 21.74 127.919011  72.324201  8.262
 58    -0.549 54241.48369816 22.35 127.913461  72.327091  8.262
 58    -0.738 54241.48369880 24.19 127.907921  72.329981  8.262
 58    -0.662 54241.48369945 19.92 127.902371  72.332871  8.262
 59     2.866 54276.48371069 12.67 127.932515  72.317046  2.963
 59     2.956 54276.48371133 12.37 127.926965  72.319946  2.963
 59     2.925 54276.48371198 12.68 127.921425  72.322836  2.963
 59     3.063 54276.48371262 11.74 127.915875  72.325726  2.963
 59     2.874 54276.48371326 12.16 127.910335  72.328626  2.963
 59     2.962 54276.48371391 12.22 127.904783  72.331518  9.754
 61     1.336 54346.48368445 36.42 127.954281  72.315669 22.068
 61     1.238 54346.48368509 34.97 127.948741  72.318559 22.068
 61     1.323 54346.48368574 32.36 127.943201  72.321459 22.068
 61     1.445 54346.48368638 32.05 127.937661  72.324349 22.068
 61     1.563 54346.48368703 34.01 127.932121  72.327239 22.068
 61     1.588 54346.48368767 37.31 127.926571  72.330139 22.068
 62     1.350 54381.48364702 35.79 127.936370  72.309564 21.313
 62     1.320 54381.48364767 34.93 127.930830  72.312464 21.313
 62     1.279 54381.48364831 35.60 127.925290  72.315354 21.313
 62     1.372 54381.48364895 40.36 127.919740  72.318244 21.313
 62     1.421 54381.48364960 42.41 127.914200  72.321144 21.313
 62     1.393 54381.48365024 42.95 127.908650  72.324034 21.313
 62     1.407 54381.48365089 39.85 127.903100  72.326924 21.313
 62     1.346 54381.48365153 35.66 127.897560  72.329814 21.313
 62     1.489 54381.48365218 30.22 127.892001  72.332707 12.555
 63     1.574 54416.48363302 22.88 127.949638  72.313011  4.027
 63     1.599 54416.48363367 22.78 127.944098  72.315911  4.027
 63     1.571 54416.48363431 23.97 127.938558  72.318801  4.027
 63     1.543 54416.48363495 23.98 127.933018  72.321701  4.027
 63     1.523 54416.48363560 23.65 127.927478  72.324591  4.027
 63     1.645 54416.48363624 23.74 127.921938  72.327481  4.027
 63     1.666 54416.48363689 22.73 127.916388  72.330371  4.027
 64     1.514 54451.48361535 18.39 127.935314  72.306748  3.764
 64     1.546 54451.48361600 18.59 127.929774  72.309648  3.764
 64     1.477 54451.48361664 18.67 127.924234  72.312538  3.764
 64     1.427 54451.48361729 18.96 127.918694  72.315428  3.764
 64     1.397 54451.48361793 19.00 127.913144  72.318328  3.764
 64     1.324 54451.48361858 19.43 127.907604  72.321218  3.764
 64     1.221 54451.48361922 19.24 127.902054  72.324108  3.764
 64     1.292 54451.48361987 18.71 127.896504  72.326998  3.764
 64     1.421 54451.48362051 18.58 127.890957  72.329891  2.927
 64     1.515 54451.48362116 18.85 127.885397  72.332781  2.927
 64     1.534 54451.48362180 18.48 127.879847  72.335681  2.927
 65     1.509 54486.48363091 17.51 127.932460  72.318538  3.404
 65     1.414 54486.48363156 17.57 127.926910  72.321428  3.404
 65     1.379 54486.48363220 17.18 127.921370  72.324328  3.404
 65     1.412 54486.48363284 17.35 127.915820  72.327218  3.404
 65     1.477 54486.48363349 17.15 127.910280  72.330108  3.404
 66     1.518 54521.48362971 18.66 127.933241  72.312631  3.233
 66     1.505 54521.48363035 17.88 127.927701  72.315531  3.233
 66     1.414 54521.48363100 18.44 127.922161  72.318421  3.233
 66     1.374 54521.48363164 17.99 127.916611  72.321311  3.233
 66     1.310 54521.48363229 17.39 127.911071  72.324211  3.233
 66     1.333 54521.48363293 17.50 127.905521  72.327101  3.233
 66     1.323 54521.48363358 17.10 127.899971  72.329991  3.233
 66     1.476 54521.48363422 17.07 127.894421  72.332881  3.233
 67     1.279 54556.48364026 13.77 127.951273  72.314029  2.351
 67     1.236 54556.48364090 13.58 127.945733  72.316929  2.351
 67     1.232 54556.48364155 13.72 127.940193  72.319819  2.351
 67     1.311 54556.48364219 13.74 127.934653  72.322709  2.351
 67     1.326 54556.48364284 13.13 127.929113  72.325609  2.351
 67     1.383 54556.48364348 13.51 127.923563  72.328499  2.351
 68     1.098 54591.48362612 13.99 127.933147  72.314254  2.708
 68     1.068 54591.48362676 14.27 127.927607  72.317154  2.708
 68     1.117 54591.48362741 13.95 127.922067  72.320044  2.708
 68     1.001 54591.48362805 14.09 127.916521  72.322933  2.321
 68     1.081 54591.48362870 13.60 127.910971  72.325833  2.321
 68     1.122 54591.48362934 13.35 127.905421  72.328723  2.321
 68     1.251 54591.48362999 13.88 127.899871  72.331613  2.321
 69    -0.489 54626.48364247 19.63 127.935210  72.317732  5.202
 69    -0.096 54626.48364311 20.53 127.929670  72.320632  5.202
 69     0.804 54626.48364376 18.89 127.924120  72.323522  5.202
 69     1.467 54626.48364440 18.78 127.918574  72.326411  9.812
 69     2.627 54626.48364505 18.34 127.913034  72.329311  9.812
 69     2.908 54626.48364569 17.62 127.907484  72.332201  9.812
 70    -0.245 54661.48364982 22.62 127.933937  72.314242  5.001
 70    -0.057 54661.48365046 22.93 127.928397  72.317142  5.001
 70     0.065 54661.48365111 23.24 127.922847  72.320032  5.001
 70     0.440 54661.48365175 22.99 127.917307  72.322922  5.001
 70     1.091 54661.48365240 23.87 127.911757  72.325812  5.001
 70     1.386 54661.48365304 24.07 127.906217  72.328712  5.001
 70     1.650 54661.48365368 26.19 127.900662  72.331602 17.185
 71     0.927 54696.48362604 22.54 127.950734  72.314520  6.603
 71     0.922 54696.48362669 22.50 127.945194  72.317410  6.603
 71     0.941 54696.48362733 23.20 127.939654  72.320310  6.603
 71     1.120 54696.48362798 23.33 127.934114  72.323200  6.603
 71     1.350 54696.48362862 26.66 127.928564  72.326090  6.603
 71     1.743 54696.48362927 26.36 127.923024  72.328990  6.603
 72    -2.257 54731.48360532 18.55 127.932012  72.311243  4.273
 72    -2.678 54731.48360597 19.03 127.926472  72.314133  4.273
 72    -2.202 54731.48360661 18.65 127.920932  72.317023  4.273
 72    -1.284 54731.48360726 18.23 127.915392  72.319923  4.273
 72    -0.494 54731.48360790 17.99 127.909843  72.322817 12.420
 72     0.115 54731.48360855 18.65 127.904293  72.325707 12.420
 72     0.755 54731.48360919 19.05 127.898743  72.328597 12.420
 72     1.572 54731.48360984 18.86 127.893193  72.331487 12.420
 72     2.044 54731.48361048 19.74 127.887643  72.334377 12.420
 73     1.953 54766.48360594 37.34 127.931775  72.318249 13.548
 73     1.914 54766.48360659 37.76 127.926225  72.321149 13.548
 73     1.836 54766.48360723 37.71 127.920685  72.324039 13.548
 73     1.789 54766.48360788 38.63 127.915135  72.326929 13.548
 73     1.855 54766.48360852 37.78 127.909595  72.329819 13.548
 73     1.771 54766.48360917 35.72 127.904039  72.332718  7.932
 74     1.519 54801.48359851 24.48 127.934366  72.307951  5.816
 74     1.541 54801.48359915 24.16 127.928826  72.310851  5.816
 74     1.514 54801.48359980 24.39 127.923286  72.313741  5.816
 74     1.432 54801.48360044 24.41 127.917746  72.316631  5.816
 74     1.410 54801.48360109 24.57 127.912206  72.319531  5.816
 74     1.274 54801.48360173 25.59 127.906657  72.322421  5.357
 74     1.249 54801.48360238 25.89 127.901107  72.325311  5.357
 74     1.438 54801.48360302 25.84 127.895557  72.328201  5.357
 74     1.540 54801.48360367 25.40 127.890007  72.331101  5.357
 74     1.683 54801.48360431 25.62 127.884457  72.333991  5.357
 75     1.389 54836.48359806 26.38 127.932924  72.317882  6.487
 75     1.374 54836.48359871 26.83 127.927374  72.320772  6.487
 75     1.348 54836.48359935 28.01 127.921834  72.323672  6.487
 75     1.559 54836.48360000 26.57 127.916284  72.326562  6.487
 75     1.632 54836.48360064 25.94 127.910746  72.329456  4.863
 75     1.729 54836.48360129 25.91 127.905196  72.332346  4.863
 76     1.596 54871.48359660 22.35 127.937041  72.307771  5.536
 76     1.514 54871.48359725 21.73 127.931501  72.310661  5.536
 76     1.506 54871.48359789 22.62 127.925961  72.313561  5.536
 76     1.505 54871.48359854 22.38 127.920421  72.316451  5.536
 76     1.333 54871.48359918 23.28 127.914870  72.319346  5.663
 76     1.276 54871.48359983 24.02 127.909330  72.322236  5.663
 76     1.333 54871.48360047 24.19 127.903780  72.325126  5.663
 76     1.441 54871.48360112 24.65 127.898230  72.328016  5.663
 76     1.575 54871.48360176 24.21 127.892680  72.330916  5.663
 76     1.636 54871.48360241 24.43 127.887130  72.333806  5.663
 77     1.629 54906.48360490 22.36 127.952642  72.314531  5.509
 77     1.504 54906.48360555 23.22 127.947102  72.317431  5.509
 77     1.533 54906.48360619 23.84 127.941562  72.320321  5.509
 77     1.585 54906.48360684 23.23 127.936022  72.323211  5.509
 77     1.659 54906.48360748 23.45 127.930482  72.326111  5.509
 77     1.746 54906.48360813 23.29 127.924942  72.329001  5.509
 78     1.527 54941.48358994 18.20 127.932325  72.311175  4.568
 78     1.427 54941.48359059 19.23 127.926785  72.314065  4.568
 78     1.427 54941.48359123 18.77 127.921248  72.316955  4.438
 78     1.313 54941.48359188 19.35 127.915698  72.319855  4.438
 78     1.327 54941.48359252 18.61 127.910158  72.322745  4.438
 78     1.360 54941.48359317 19.64 127.904608  72.325635  4.438
 78     1.376 54941.48359381 19.82 127.899058  72.328525  4.438
 78     1.474 54941.48359445 20.63 127.893508  72.331425  4.438
 78     1.642 54941.48359510 20.15 127.887958  72.334315  4.438
 79     2.580 54976.48361917 39.64 127.932074  72.316049 33.889
 79     2.630 54976.48361981 38.84 127.926534  72.318949 33.889
 79     2.580 54976.48362046 37.13 127.920984  72.321839 33.889
 79     2.617 54976.48362110 37.62 127.915438  72.324728 29.400
 79     2.572 54976.48362175 36.06 127.909898  72.327628 29.400
 79     2.570 54976.48362239 39.22 127.904348  72.330518 29.400
 80     2.291 55011.48362882 16.57 127.933632  72.318562  2.778
 80     1.147 55011.48362946 17.84 127.928082  72.321452  2.778
 80     2.117 55011.48363011 18.60 127.922542  72.324352  2.778
 80    -0.695 55011.48363075 20.22 127.916992  72.327242  2.778
 80     1.009 55011.48363139 20.50 127.911445  72.330136 17.328
 81     0.346 55046.48362000 28.62 127.933757  72.315634 17.037
 81     0.498 55046.48362064 29.26 127.928217  72.318524 17.037
 81     0.772 55046.48362129 29.24 127.922667  72.321424 17.037
 81     1.143 55046.48362193 30.61 127.917127  72.324314 17.037
 81     1.271 55046.48362258 32.70 127.911581  72.327209 20.299
 81     1.536 55046.48362322 35.23 127.906031  72.330099 20.299
 81     1.657 55046.48362387 39.16 127.900481  72.332989 20.299
 82     1.155 55081.48359188 32.70 127.957730  72.313383 14.650
 82     1.048 55081.48359253 33.00 127.952200  72.316273 14.650
 82     1.079 55081.48359317 32.72 127.946660  72.319163 14.650
 82     1.047 55081.48359382 34.42 127.941120  72.322063 14.650
 82     1.382 55081.48359446 34.71 127.935580  72.324953 14.650
 82     1.543 55081.48359511 35.60 127.930030  72.327843 14.650
 83     1.536 55116.48355123 37.98 127.933291  72.311788 27.677
 83     1.602 55116.48355188 49.20 127.927751  72.314688 27.677
 83     1.667 55116.48355252 49.44 127.922201  72.317578 27.677
 83     1.337 55116.48355317 33.57 127.916661  72.320468 27.677
 83     1.208 55116.48355381 31.14 127.911111  72.323368 27.677
 83     1.210 55116.48355446 28.01 127.905572  72.326258 12.957
 83     1.463 55116.48355510 30.89 127.900022  72.329148 12.957
 83     1.475 55116.48355575 37.43 127.894472  72.332038 12.957
 84     1.242 55151.48355083 16.57 127.932584  72.318473  2.677
 84     1.214 55151.48355148 16.70 127.927034  72.321363  2.677
 84     1.250 55151.48355212 16.97 127.921494  72.324253  2.677
 84     1.365 55151.48355277 16.77 127.915944  72.327153  2.677
 84     1.520 55151.48355341 16.25 127.910398  72.330046  2.608
 85     1.170 55186.48353691 18.17 127.933034  72.309373  2.943
 85     1.117 55186.48353755 17.94 127.927494  72.312263  2.943
 85     1.090 55186.48353820 17.86 127.921954  72.315163  2.943
 85     1.031 55186.48353884 17.89 127.916414  72.318053  2.943
 85     0.978 55186.48353948 18.37 127.910863  72.320947  3.258
 85     1.046 55186.48354013 18.13 127.905313  72.323837  3.258
 85     1.193 55186.48354077 17.95 127.899773  72.326727  3.258
 85     1.348 55186.48354142 18.25 127.894223  72.329617  3.258
 85     1.624 55186.48354206 18.21 127.888663  72.332517  3.258
 85     1.675 55186.48354271 17.88 127.883113  72.335407  3.258
 86     1.333 55221.48354906 16.73 127.935380  72.318042  2.916
 86     1.190 55221.48354971 17.00 127.929840  72.320932  2.916
 86     1.226 55221.48355035 17.10 127.924290  72.323822  2.916
 86     1.295 55221.48355100 17.04 127.918750  72.326722  2.916
 86     1.532 55221.48355164 17.07 127.913203  72.329617  2.931
 87     1.114 55256.48353348 15.84 127.933419  72.313078  2.730
 87     1.091 55256.48353412 15.44 127.927869  72.315978  2.730
 87     0.989 55256.48353477 15.97 127.922329  72.318868  2.730
 87     1.113 55256.48353541 16.04 127.916792  72.321762  2.742
 87     1.058 55256.48353606 15.66 127.911242  72.324652  2.742
 87     1.211 55256.48353670 15.53 127.905692  72.327542  2.742
 87     1.512 55256.48353735 15.49 127.900142  72.330432  2.742
 87     1.634 55256.48353799 15.74 127.894592  72.333332  2.742
 88     1.438 55291.48353630 14.40 127.956410  72.313040  2.316
 88     1.376 55291.48353695 14.21 127.950880  72.315930  2.316
 88     1.341 55291.48353759 14.29 127.945340  72.318830  2.316
 88     1.354 55291.48353824 14.32 127.939800  72.321720  2.316
 88     1.366 55291.48353888 14.48 127.934250  72.324610  2.316
 88     1.445 55291.48353952 14.17 127.928710  72.327510  2.316
 88     1.523 55291.48354017 14.18 127.923170  72.330400  2.316
 89     0.749 55326.48351878 12.59 127.933419  72.315077  2.799
 89     0.905 55326.48351942 12.50 127.927879  72.317967  2.799
 89     0.825 55326.48352007 12.57 127.922339  72.320867  2.799
 89     0.888 55326.48352071 12.56 127.916789  72.323757  2.799
 89     1.018 55326.48352136 12.49 127.911241  72.326655  6.172
 89     0.987 55326.48352200 12.25 127.905701  72.329545  6.172
 89     1.172 55326.48352265 12.21 127.900151  72.332435  6.172
 90     2.123 55361.48351572 14.96 127.937090  72.318310  3.233
 90     2.115 55361.48351636 15.38 127.931550  72.321200  3.233
 90     2.017 55361.48351701 15.45 127.926000  72.324100  3.233
 90     2.342 55361.48351765 15.06 127.920460  72.326990  3.233
 90     2.723 55361.48351830 16.07 127.914915  72.329887 17.118
 91    -1.127 55396.48352132 20.07 127.933061  72.311154  7.482
 91    -0.868 55396.48352197 20.71 127.927521  72.314044  7.482
 91    -0.663 55396.48352261 21.27 127.921971  72.316934  7.482
 91    -0.229 55396.48352325 21.27 127.916431  72.319834  7.482
 91     0.283 55396.48352390 21.77 127.910890  72.322728 13.010
 91     0.875 55396.48352454 22.13 127.905340  72.325618 13.010
 91     1.297 55396.48352519 21.82 127.899790  72.328508 13.010
 91     1.399 55396.48352583 27.24 127.894240  72.331398 13.010
 91     1.641 55396.48352648 26.57 127.888690  72.334298 13.010
 92     0.766 55431.48353118 32.53 127.930786  72.318624 22.575
 92     0.911 55431.48353182 32.11 127.925246  72.321514 22.575
 92     1.129 55431.48353247 31.92 127.919696  72.324414 22.575
 92     1.304 55431.48353311 33.56 127.914146  72.327304 22.575
 92     1.492 55431.48353376 36.80 127.908599  72.330197 15.873
 93     1.411 55466.48349004 33.88 127.959184  72.315327 19.162
 93     1.355 55466.48349068 35.75 127.953654  72.318227 19.162
 93     1.319 55466.48349133 37.82 127.948114  72.321117 19.162
 93     1.315 55466.48349197 38.69 127.942574  72.324017 19.162
 93     1.292 55466.48349262 37.60 127.937024  72.326907 19.162
 93     1.297 55466.48349326 34.88 127.931484  72.329797 19.162
