# NaN NaN NaN ;Mean Elev.(m), Avg Gradient(m/km), RMS Gradient(m/km) - SRTM1     
#  156.898  -0.156  77.018 ;Mean Elev.(m), Avg Gradient(m/km), RMS Gradient(m/km) - ASTER GDEM
#  115.063   1.504  83.299 ;Mean Elev.(m), Avg Gradient(m/km), RMS Gradient(m/km) - GMTED2010 
 10 122.752240  60.558803   114.186   114.201  6 52565.53307834 49.522
 12 122.739653  60.559876   114.124   114.130  6 52635.53306015 15.043
 13 122.750554  60.559153   114.232   114.289  5 52670.53306786 11.863
 14 122.746442  60.558904   113.949   114.012  6 52705.53306005  9.434
 15 122.752965  60.558198   118.558   118.371  6 52740.53309410  3.890
 17 122.736170  60.562255   117.105   117.216  3 52810.53311694 25.900
 18 122.741315  60.558586   114.135   114.141  5 52845.53317195 27.122
 19 122.747063  60.558595   115.846   115.957  5 52880.53320920 25.071
 20 122.761970  60.559062   114.123   114.102  5 52915.53316631 28.880
 21 122.742300  60.559408   114.421   114.416  5 52950.53312680 34.369
 22 122.754959  60.558732   114.461   114.459  6 52985.53314875 23.103
 23 122.759207  60.558673   113.853   113.830  5 53020.53313914 15.611
 24 122.749506  60.559400   113.681   113.748  6 53055.53312715 12.102
 25 122.751810  60.558737   113.721   113.789  6 53090.53316451 12.268
 28 122.753741  60.558720   116.398   116.433  6 53195.53319296 40.967
 29 122.759243  60.558603   116.808   116.641  6 53230.53317911 51.431
 31 122.734791  60.559442   115.335   115.270  6 53300.53319846 49.883
 32 122.752321  60.558330   115.395   115.363  6 53335.53316866 21.563
 33 122.765813  60.558059   115.013   115.031  6 53370.53310664 13.303
 35 122.760817  60.560390   113.737   113.724  6 53440.53312821 10.409
 38 122.749804  60.558285   117.935   117.941  5 53545.53322502 52.062
 39 122.755576  60.559001   116.753   116.764  5 53580.53320044 51.271
 40 122.759357  60.558399   116.163   116.206  3 53615.53315483 49.454
 41 122.747782  60.558263   114.369   114.223  6 53650.53316657 51.290
 42 122.747250  60.559354   115.728   115.692  6 53685.53317593 25.820
 43 122.763914  60.559358   115.095   115.101  6 53720.53310170 15.705
 44 122.750228  60.558719   114.521   114.505  5 53755.53302794 12.259
 45 122.757878  60.558884   114.451   114.475  6 53790.53305644  9.802
 46 122.743838  60.558299   114.560   114.619  6 53825.53301432  8.531
 47 122.742512  60.558889   114.825   114.950  6 53860.53310734 41.905
 49 122.742252  60.558104   116.639   116.612  6 53930.53317868 46.581
 50 122.749115  60.558885   118.622   118.615  5 53965.53315611 37.732
 52 122.750221  60.558173   115.909   115.357  5 54035.53315658 41.120
 53 122.754357  60.558002   114.948   114.925  6 54070.53315052 17.419
 54 122.762944  60.558052   114.910   114.940  6 54105.53310389 12.045
 55 122.745326  60.558674   116.982   116.817  6 54140.53308337  7.878
 57 122.745174  60.558410   114.707   114.613  5 54210.53308995 21.738
 59 122.746660  60.564305   120.612   120.619  3 54280.53313243 51.976
 61 122.759266  60.558976   115.506   115.748  5 54350.53309838 46.420
 62 122.749141  60.558243   114.656   114.596  5 54385.53306901 19.414
 63 122.756266  60.559880   114.526   114.521  6 54420.53304822 34.922
 64 122.742166  60.558579   115.055   115.028  5 54455.53304138 19.017
 65 122.755842  60.559450   114.441   114.491  6 54490.53304881 14.642
 66 122.748460  60.559184   114.428   114.445  6 54525.53305416 12.776
 68 122.750723  60.558892   114.676   114.677  5 54595.53305016 28.588
 69 122.750638  60.558685   120.041   120.030  6 54630.53306397 20.737
 70 122.749365  60.558262   115.913   115.919  5 54665.53307043 14.055
 71 122.760738  60.559464   116.893   116.842  6 54700.53304017 45.348
 72 122.740731  60.562723   118.035   118.002  4 54735.53303065 49.089
 73 122.754892  60.559833   114.016   114.067  6 54770.53302057 45.207
 74 122.743364  60.558067   114.239   114.241  6 54805.53302344 22.531
 75 122.752952  60.558254   114.212   114.241  6 54840.53301566 15.840
 76 122.747199  60.558267   114.125   114.134  5 54875.53302414 14.051
 77 122.758128  60.558775   114.115   114.102  6 54910.53302117 11.760
 78 122.743654  60.559729   114.291   114.281  6 54945.53301745 25.306
 80 122.751297  60.559093   118.106   118.068  5 55015.53304563 47.422
 81 122.753329  60.558098   116.346   116.350  6 55050.53303975 14.738
 82 122.760647  60.559863   117.792   117.842  6 55085.53300611 50.358
 83 122.745757  60.559772   116.262   115.677  4 55120.53297330 42.015
 84 122.754242  60.559752   114.776   114.759  6 55155.53296591 23.664
 85 122.743361  60.558533   115.062   115.083  6 55190.53296267 16.503
 86 122.753763  60.559667   114.588   114.685  6 55225.53296609 14.548
 87 122.750329  60.559293   114.643   114.708  6 55260.53295821 12.358
 88 122.759543  60.557922   114.852   114.888  6 55295.53295148 11.277
 90 122.755652  60.559442   117.319   117.289  5 55365.53293294 45.607
 91 122.744412  60.558505   115.057   115.038  5 55400.53294515 45.108
 92 122.754674  60.559797   117.152   117.185  6 55435.53295004 44.277
 93 122.763618  60.558520   114.033   113.970  6 55470.53290245 21.068
