# NaN NaN NaN ;Mean Elev.(m), Avg Gradient(m/km), RMS Gradient(m/km) - SRTM1     
#   79.377  -4.305   9.362 ;Mean Elev.(m), Avg Gradient(m/km), RMS Gradient(m/km) - ASTER GDEM
#   64.000  -4.279   8.893 ;Mean Elev.(m), Avg Gradient(m/km), RMS Gradient(m/km) - GMTED2010 
  8    80.037 52512.50946087 36.57 130.048826  62.334707 23.198
  8    79.955 52512.50946152 36.83 130.046326  62.337847 23.198
  8    80.086 52512.50946216 37.22 130.043816  62.340997 23.198
  8    80.153 52512.50946281 40.26 130.041306  62.344137 23.198
  8    79.906 52512.50946345 46.68 130.038796  62.347277 23.198
  8    79.979 52512.50946410 46.87 130.036286  62.350427 23.198
  8    80.373 52512.50946474 42.44 130.033786  62.353567 23.198
  8    79.724 52512.50946539 38.66 130.031276  62.356717 23.198
  8    79.906 52512.50946603 38.64 130.028766  62.359857 23.198
  8    79.454 52512.50946668 34.78 130.026256  62.362997 23.198
 11    82.276 52617.50948308 27.07 130.024759  62.351509  9.133
 11    82.157 52617.50948372 28.42 130.022259  62.354649  9.133
 11    82.078 52617.50948437 28.64 130.019749  62.357799  9.133
 13    83.758 52687.50945113 17.28 130.045719  62.331451  4.985
 13    82.952 52687.50945178 17.38 130.043209  62.334591  4.985
 13    82.645 52687.50945436 16.48 130.033179  62.347171  4.985
 13    82.625 52687.50945500 17.01 130.030679  62.350321  4.985
 13    82.463 52687.50945564 16.80 130.028169  62.353461  4.985
 13    82.552 52687.50945629 16.77 130.025655  62.356602  3.492
 13    81.875 52687.50945693 17.77 130.023145  62.359752  3.492
 20    82.163 52932.50956229 38.02 130.041225  62.334339 23.297
 20    82.270 52932.50956551 41.44 130.028695  62.350059 23.297
 20    82.392 52932.50956616 44.34 130.026185  62.353199 23.297
 20    82.036 52932.50956680 49.18 130.023675  62.356349 23.297
 20    82.016 52932.50956745 41.76 130.021165  62.359489 23.297
 23    82.538 53037.50954158 16.49 130.038528  62.335810  5.048
 23    82.797 53037.50954480 16.48 130.025988  62.351530  5.048
 23    82.731 53037.50954545 15.87 130.023484  62.354672  2.681
 23    82.403 53037.50954609 15.85 130.020974  62.357822  2.681
 25    83.062 53107.50954170 14.85 130.043566  62.333692  4.836
 25    82.865 53107.50954235 14.63 130.041066  62.336842  4.836
 25    83.618 53107.50954428 14.73 130.033546  62.346272  4.836
 25    83.487 53107.50954493 14.21 130.031036  62.349422  4.836
 25    83.674 53107.50954557 14.04 130.028526  62.352562  4.836
 25    83.120 53107.50954622 15.71 130.026019  62.355705  4.891
 25    83.029 53107.50954686 17.75 130.023509  62.358855  4.891
 25    82.208 53107.50954751 24.64 130.021009  62.361995  4.891
 29    83.426 53247.50959228 39.87 130.024104  62.354640  7.278
 29    83.719 53247.50959293 32.72 130.021594  62.357780  7.278
 32    83.603 53352.50954568 18.04 130.045879  62.331944  5.404
 32    83.276 53352.50954633 18.77 130.043379  62.335094  5.404
 32    83.426 53352.50954891 18.57 130.033349  62.347674  5.404
 32    83.466 53352.50954955 17.88 130.030839  62.350814  5.404
 32    83.301 53352.50955020 18.47 130.028327  62.353954  3.022
 32    83.342 53352.50955084 18.30 130.025817  62.357104  3.022
 32    83.201 53352.50955149 18.25 130.023307  62.360244  3.022
 34    82.999 53422.50954019 15.01 130.040493  62.334632  5.049
 34    83.459 53422.50954342 13.55 130.027957  62.350352  2.367
 34    83.353 53422.50954406 12.89 130.025447  62.353492  2.367
 34    82.849 53422.50954471 13.18 130.022937  62.356642  2.367
 34    82.741 53422.50954535 12.37 130.020427  62.359782  2.367
 37    87.934 53527.50961463 34.90 130.022113  62.353584 10.214
 37    87.652 53527.50961528 34.37 130.019603  62.356724 10.214
 39    82.858 53597.50957938 25.37 130.044693  62.334169  6.557
 39    83.648 53597.50958002 25.75 130.042183  62.337309  6.557
 39    83.948 53597.50958195 26.35 130.034666  62.346742  8.188
 39    83.595 53597.50958260 29.49 130.032156  62.349892  8.188
 39    83.730 53597.50958324 29.92 130.029646  62.353032  8.188
 39    83.885 53597.50958389 33.55 130.027136  62.356182  8.188
 39    82.843 53597.50958453 35.24 130.024626  62.359322  8.188
 39    82.405 53597.50958518 29.38 130.022116  62.362462  8.188
 42    82.340 53702.50954243 21.08 130.043227  62.332476  5.571
 42    82.368 53702.50954307 20.24 130.040717  62.335616  5.571
 42    82.243 53702.50954630 21.84 130.028177  62.351336  5.571
 42    82.184 53702.50954694 21.28 130.025668  62.354475  3.844
 42    82.277 53702.50954758 20.59 130.023158  62.357625  3.844
 42    82.171 53702.50954823 19.27 130.020648  62.360765  3.844
 43    82.541 53737.50945212 18.57 130.055286  62.333776  6.036
 43    82.783 53737.50945277 17.82 130.052776  62.336916  6.036
 43    82.638 53737.50945341 18.45 130.050266  62.340066  6.036
 43    82.702 53737.50945406 18.15 130.047766  62.343206  6.036
 43    82.759 53737.50945470 18.56 130.045256  62.346346  6.036
 43    82.726 53737.50945535 18.87 130.042746  62.349496  6.036
 43    82.927 53737.50945599 18.26 130.040246  62.352636  6.036
 43    82.745 53737.50945663 18.14 130.037735  62.355781  2.970
 43    82.837 53737.50945728 17.76 130.035225  62.358931  2.970
 43    82.692 53737.50945792 17.90 130.032715  62.362071  2.970
 43    82.623 53737.50945857 16.63 130.030205  62.365211  2.970
 50    85.072 53982.50952956 42.64 130.039839  62.334289 11.876
 50    86.023 53982.50953343 40.77 130.024799  62.353149 11.876
 50    85.974 53982.50953407 42.10 130.022289  62.356299 11.876
 50    85.995 53982.50953472 39.43 130.019779  62.359439 11.876
 52    82.941 54052.50955223 24.27 130.039056  62.334973  9.320
 52    83.281 54052.50955545 24.26 130.026516  62.350693  9.320
 52    83.306 54052.50955609 28.05 130.024006  62.353833  9.320
 52    82.953 54052.50955674 24.98 130.021496  62.356973  9.320
 53    83.693 54087.50954774 19.98 130.024660  62.352761  6.710
 53    83.292 54087.50954839 20.10 130.022150  62.355901  6.710
 53    83.289 54087.50954903 19.87 130.019640  62.359051  6.710
 54    82.549 54122.50946910 16.66 130.046237  62.342548  5.485
 54    82.635 54122.50946974 16.00 130.043737  62.345688  5.485
 54    82.759 54122.50947038 15.11 130.041227  62.348838  5.485
 54    83.044 54122.50947103 15.02 130.038717  62.351978  5.485
 54    82.865 54122.50947167 15.01 130.036207  62.355118  5.485
 54    83.007 54122.50947232 14.54 130.033707  62.358268  5.485
 54    83.171 54122.50947296 13.69 130.031197  62.361408  5.485
 54    82.977 54122.50947361 13.63 130.028686  62.364553  2.276
 56    83.517 54192.50946692 14.64 130.047292  62.334358  4.187
 56    82.962 54192.50946757 15.30 130.044792  62.337508  4.187
 56    83.008 54192.50946821 14.40 130.042282  62.340648  4.187
 56    82.979 54192.50946885 14.42 130.039772  62.343798  4.187
 56    82.558 54192.50946950 14.64 130.037272  62.346938  4.187
 56    82.630 54192.50947014 14.42 130.034762  62.350088  4.187
 56    82.671 54192.50947079 14.37 130.032252  62.353228  4.187
 56    82.744 54192.50947143 13.21 130.029742  62.356368  4.187
 56    82.628 54192.50947208 13.43 130.027232  62.359518  4.187
 56    82.161 54192.50947272 13.42 130.024722  62.362658  4.187
 60    84.714 54332.50953196 25.16 130.039970  62.334448  5.330
 60    85.267 54332.50953518 22.46 130.027430  62.350168  5.330
 60    85.630 54332.50953583 20.96 130.024920  62.353308  5.330
 60    86.085 54332.50953647 22.46 130.022420  62.356458  5.330
 60    85.605 54332.50953712 22.42 130.019910  62.359598  5.330
 61    82.923 54367.50947231 27.48 130.048005  62.331544 10.482
 61    82.776 54367.50947295 24.55 130.045505  62.334684 10.482
 61    82.839 54367.50947360 27.28 130.042995  62.337834 10.482
 61    82.885 54367.50947424 31.24 130.040485  62.340974 10.482
 61    82.864 54367.50947489 34.65 130.037985  62.344124 10.482
 61    83.090 54367.50947553 27.74 130.035475  62.347264 10.482
 61    82.638 54367.50947618 24.09 130.032965  62.350414 10.482
 61    82.749 54367.50947682 24.57 130.030455  62.353554 10.482
 61    84.097 54367.50947747 25.07 130.027945  62.356694 10.482
 61    82.756 54367.50947811 21.99 130.025445  62.359844 10.482
 61    82.742 54367.50947875 21.15 130.022935  62.362984 10.482
 63    82.927 54437.50943179 19.68 130.041458  62.333916  5.577
 63    82.351 54437.50943566 20.52 130.026408  62.352776  5.577
 63    82.580 54437.50943630 20.59 130.023908  62.355926  5.577
 63    82.393 54437.50943695 21.40 130.021398  62.359066  5.577
 65    83.499 54507.50944268 15.72 130.046619  62.332349  4.514
 65    83.286 54507.50944332 16.01 130.044109  62.335499  4.514
 65    83.291 54507.50944590 15.45 130.034078  62.348073  3.061
 65    82.803 54507.50944655 15.33 130.031578  62.351223  3.061
 65    82.752 54507.50944719 15.53 130.029068  62.354363  3.061
 65    82.492 54507.50944784 16.27 130.026558  62.357503  3.061
 65    82.611 54507.50944848 15.13 130.024048  62.360653  3.061
 65    82.046 54507.50944913 15.58 130.021538  62.363793  3.061
 67    84.662 54577.50944488 11.69 130.048027  62.331509  4.065
 67    84.680 54577.50944553 12.08 130.045527  62.334659  4.065
 67    83.378 54577.50944617 12.97 130.043017  62.337799  4.065
 67    83.785 54577.50944682 12.46 130.040507  62.340939  4.065
 67    84.320 54577.50944746 11.86 130.038007  62.344089  4.065
 67    83.300 54577.50944810 11.93 130.035497  62.347229  4.065
 67    84.178 54577.50944875 11.60 130.032991  62.350374  3.009
 67    83.090 54577.50944939 12.16 130.030481  62.353524  3.009
 67    83.794 54577.50945004 11.76 130.027971  62.356664  3.009
 67    83.638 54577.50945068 11.70 130.025461  62.359804  3.009
 67    83.270 54577.50945133 11.56 130.022951  62.362954  3.009
 70    84.029 54682.50947742 47.13 130.021244  62.354013 13.235
 70    84.044 54682.50947806 47.09 130.018734  62.357163 13.235
 71    89.071 54717.50942052 28.53 130.048661  62.331405 11.204
 71    88.952 54717.50942116 28.28 130.046151  62.334555 11.204
 71    88.707 54717.50942181 27.24 130.043651  62.337695 11.204
 71    88.549 54717.50942245 26.94 130.041141  62.340835 11.204
 71    87.696 54717.50942310 27.81 130.038631  62.343985 11.204
 71    87.068 54717.50942374 27.03 130.036131  62.347125 11.204
 71    88.014 54717.50942439 25.36 130.033621  62.350275 11.204
 71    88.440 54717.50942503 24.30 130.031111  62.353415 11.204
 73    82.736 54787.50941122 27.15 130.042022  62.333659  9.591
 73    83.057 54787.50941186 25.00 130.039512  62.336799  9.591
 73    83.180 54787.50941508 24.88 130.026970  62.352519  5.106
 73    83.035 54787.50941573 26.01 130.024470  62.355669  5.106
 73    82.938 54787.50941637 27.24 130.021960  62.358809  5.106
 75    83.154 54857.50940711 19.44 130.043369  62.332901  6.421
 75    82.957 54857.50940776 19.69 130.040859  62.336041  6.421
 75    82.334 54857.50941098 22.24 130.028318  62.351764  4.978
 75    82.581 54857.50941162 21.01 130.025818  62.354914  4.978
 75    82.784 54857.50941227 21.49 130.023308  62.358054  4.978
 75    82.635 54857.50941291 21.22 130.020798  62.361204  4.978
 77    83.441 54927.50940581 16.33 130.043520  62.336159  5.381
 77    83.062 54927.50940838 15.25 130.033490  62.348739  5.381
 77    83.043 54927.50940903 16.13 130.030983  62.351882  3.173
 77    83.762 54927.50940967 14.65 130.028473  62.355032  3.173
 77    83.422 54927.50941032 15.02 130.025963  62.358172  3.173
 77    83.038 54927.50941096 15.39 130.023453  62.361322  3.173
 81    85.967 55067.50944090 24.99 130.040500  62.333883 12.580
 81    86.096 55067.50944476 19.80 130.025449  62.352757  5.602
 82    84.758 55102.50937960 48.08 130.047921  62.331612 26.050
 82    84.813 55102.50938025 46.22 130.045421  62.334762 26.050
 82    84.684 55102.50938089 47.77 130.042911  62.337902 26.050
 82    84.815 55102.50938154 47.08 130.040411  62.341042 26.050
 82    84.653 55102.50938218 47.23 130.037901  62.344192 26.050
 82    84.732 55102.50938283 40.89 130.035391  62.347332 26.050
 82    84.608 55102.50938347 42.67 130.032881  62.350482 26.050
 82    84.661 55102.50938412 43.24 130.030381  62.353622 26.050
 82    84.572 55102.50938476 44.01 130.027871  62.356772 26.050
 82    84.654 55102.50938541 40.79 130.025361  62.359912 26.050
 82    84.504 55102.50938605 37.63 130.022851  62.363052 26.050
 84    83.450 55172.50934876 21.37 130.042863  62.334356  6.652
 84    83.300 55172.50934941 21.76 130.040363  62.337506  6.652
 84    83.510 55172.50935134 23.00 130.032843  62.346936  6.652
 84    83.347 55172.50935199 23.73 130.030331  62.350079  4.842
 84    83.244 55172.50935263 24.29 130.027821  62.353229  4.842
 84    83.376 55172.50935328 24.13 130.025311  62.356369  4.842
 84    83.256 55172.50935392 23.92 130.022801  62.359519  4.842
 86    83.330 55242.50935276 16.25 130.046996  62.331389  4.760
 86    83.396 55242.50935340 15.99 130.044496  62.334539  4.760
 86    83.583 55242.50935405 15.61 130.041986  62.337679  4.760
 86    83.109 55242.50935598 15.62 130.034466  62.347119  4.760
 86    82.895 55242.50935663 15.64 130.031966  62.350259  4.760
 86    82.958 55242.50935727 14.98 130.029452  62.353401  2.757
 86    83.158 55242.50935792 14.70 130.026942  62.356551  2.757
 86    82.699 55242.50935856 14.73 130.024432  62.359691  2.757
 86    82.309 55242.50935921 14.59 130.021922  62.362831  2.757
 87    84.041 55277.50937940 13.37 130.021822  62.353261  2.787
 87    83.981 55277.50938005 13.73 130.019312  62.356401  2.787
 88    83.077 55312.50933874 21.81 130.045354  62.333001  6.615
 88    82.966 55312.50933938 21.75 130.042844  62.336151  6.615
 88    83.337 55312.50934196 18.40 130.032814  62.348721  6.615
 88    84.907 55312.50934261 18.56 130.030309  62.351866  3.525
 88    85.791 55312.50934325 18.55 130.027799  62.355016  3.525
 88    84.161 55312.50934390 18.20 130.025289  62.358156  3.525
 88    82.710 55312.50934454 17.43 130.022779  62.361296  3.525
 90    84.372 55382.50934039 37.54 130.023484  62.352714  7.260
 90    84.227 55382.50934103 32.35 130.020974  62.355864  7.260
 92    84.374 55452.50934994 38.38 130.027714  62.352213  8.365
 92    84.296 55452.50935059 37.09 130.025204  62.355363  8.365
 92    84.413 55452.50935123 36.78 130.022694  62.358503  8.365
 92    84.365 55452.50935188 36.52 130.020184  62.361653  8.365
 93    82.689 55487.50926779 45.25 130.050326  62.332960 18.788
 93    83.130 55487.50926844 37.45 130.047816  62.336110 18.788
 93    82.794 55487.50926908 40.04 130.045316  62.339250 18.788
 93    83.282 55487.50926973 45.45 130.042806  62.342390 18.788
 93    83.264 55487.50927037 40.99 130.040306  62.345540 18.788
 93    83.299 55487.50927102 38.01 130.037796  62.348680 18.788
 93    82.804 55487.50927166 46.98 130.035286  62.351830 18.788
 93    81.760 55487.50927231 47.70 130.032776  62.354970 18.788
 93    82.954 55487.50927295 45.01 130.030273  62.358113 12.939
 93    82.236 55487.50927360 46.07 130.027763  62.361263 12.939
 93    82.738 55487.50927424 42.39 130.025253  62.364403 12.939
