# NaN NaN NaN ;Mean Elev.(m), Avg Gradient(m/km), RMS Gradient(m/km) - SRTM1     
#  115.594     NaN     NaN ;Mean Elev.(m), Avg Gradient(m/km), RMS Gradient(m/km) - ASTER GDEM
#  130.108   1.806  58.850 ;Mean Elev.(m), Avg Gradient(m/km), RMS Gradient(m/km) - GMTED2010 
  8   130.578 52479.12701949 28.67 119.452630  60.238408 22.195
  8   130.246 52479.12702013 19.84 119.450400  60.235238 22.195
  8   130.262 52479.12702078 15.88 119.448180  60.232068 22.195
  8   130.356 52479.12702142 16.96 119.445960  60.228908 22.195
  9   127.658 52514.12696560 34.96 119.454715  60.235349 12.509
  9   127.947 52514.12696624 36.28 119.452495  60.232179 12.509
  9   127.711 52514.12696689 31.33 119.450275  60.229019 12.509
 10   129.920 52549.12700895 27.88 119.464997  60.238694 16.427
 10   129.991 52549.12700959 26.22 119.462767  60.235524 16.427
 10   129.672 52549.12701024 21.54 119.460547  60.232364 16.427
 11   127.545 52584.12699918 30.00 119.463031  60.238204 21.574
 11   127.703 52584.12699983 35.31 119.460811  60.235044 21.574
 11   127.931 52584.12700047 39.98 119.458591  60.231874 21.574
 12   129.253 52619.12697471 16.76 119.453020  60.248488  7.011
 12   129.506 52619.12697536 17.07 119.450800  60.245328  7.011
 12   129.170 52619.12697600 17.90 119.448580  60.242158  7.011
 12   128.914 52619.12697665 19.41 119.446350  60.238988  7.011
 12   128.919 52619.12697729 18.80 119.444130  60.235818  7.011
 12   129.093 52619.12697794 17.24 119.441910  60.232658  7.011
 12   129.211 52619.12697858 16.03 119.439690  60.229488  7.011
 13   128.669 52654.12695821 14.04 119.470057  60.237571  4.939
 13   128.783 52654.12695886 13.73 119.467837  60.234411  4.939
 13   128.684 52654.12695950 12.98 119.465617  60.231241  4.939
 14   129.791 52689.12695346 11.34 119.455086  60.247240  8.870
 14   130.134 52689.12695411 12.32 119.452866  60.244070  8.870
 14   130.263 52689.12695475 13.48 119.450646  60.240900  8.870
 14   130.276 52689.12695540 11.99 119.448426  60.237730  8.870
 14   130.002 52689.12695604 12.29 119.446196  60.234570  8.870
 14   130.221 52689.12695669 11.32 119.443976  60.231400  8.870
 14   130.059 52689.12695733 11.50 119.441760  60.228226  5.488
 15   129.086 52724.12700010 10.06 119.459588  60.237325  5.744
 15   129.295 52724.12700075  9.45 119.457368  60.234155  5.744
 15   129.210 52724.12700139  9.09 119.455148  60.230995  5.744
 18   131.623 52829.12704106 42.09 119.473351  60.237797 23.385
 18   131.598 52829.12704171 46.65 119.471121  60.234627 23.385
 18   131.563 52829.12704235 43.22 119.468901  60.231457 23.385
 19   130.166 52864.12708582 48.46 119.470856  60.237636 22.107
 19   130.101 52864.12708647 49.80 119.468626  60.234466 22.107
 19   130.234 52864.12708711 49.35 119.466406  60.231296 22.107
 20   129.549 52899.12711523 34.30 119.453430  60.239575 19.534
 20   129.706 52899.12711588 38.89 119.451200  60.236405 19.534
 20   129.653 52899.12711652 38.32 119.448980  60.233235 19.534
 20   129.454 52899.12711717 28.46 119.446760  60.230075 19.534
 21   129.030 52934.12705810 49.23 119.451103  60.247374 25.276
 21   129.647 52934.12705875 46.21 119.448873  60.244204 25.276
 21   129.178 52934.12705939 31.91 119.446653  60.241034 25.276
 21   128.598 52934.12706004 31.49 119.444433  60.237874 25.276
 21   128.741 52934.12706068 32.09 119.442213  60.234704 25.276
 21   128.815 52934.12706133 47.18 119.439993  60.231534 25.276
 21   128.937 52934.12706197 47.05 119.437773  60.228364 25.276
 22   131.024 52969.12707247 23.78 119.465838  60.239488 18.647
 22   130.955 52969.12707311 24.49 119.463618  60.236328 18.647
 22   130.565 52969.12707376 27.00 119.461398  60.233158 18.647
 23   130.417 53004.12709136 15.96 119.456002  60.246361 10.745
 23   130.115 53004.12709200 15.81 119.453782  60.243201 10.745
 23   129.887 53004.12709265 16.54 119.451552  60.240031 10.745
 23   130.163 53004.12709329 16.55 119.449332  60.236861 10.745
 23   130.440 53004.12709394 15.49 119.447112  60.233691 10.745
 23   129.960 53004.12709458 15.29 119.444892  60.230531 10.745
 24   130.128 53039.12704076 14.43 119.448469  60.245890 12.475
 24   130.167 53039.12704140 14.87 119.446249  60.242730 12.475
 24   130.009 53039.12704205 15.51 119.444029  60.239560 12.475
 24   129.858 53039.12704269 15.30 119.441799  60.236390 12.475
 24   129.987 53039.12704334 14.47 119.439579  60.233220 12.475
 24   129.497 53039.12704398 16.15 119.437359  60.230060 12.475
 24   129.685 53039.12704463 18.31 119.435139  60.226890 12.475
 27   419.339 53144.12708205  1.14 119.461031  60.238047  3.524
 27   416.617 53144.12708270  0.10 119.458801  60.234877  3.524
 30   129.645 53249.12708777 18.20 119.458119  60.249236 18.705
 30   129.540 53249.12708841 23.01 119.455889  60.246066 18.705
 30   129.544 53249.12708906 28.53 119.453669  60.242906 18.705
 30   129.600 53249.12708970 32.45 119.451449  60.239736 18.705
 30   129.584 53249.12709035 36.06 119.449219  60.236566 18.705
 30   129.564 53249.12709099 31.90 119.446999  60.233396 18.705
 30   129.504 53249.12709164 25.89 119.444779  60.230236 18.705
 31   130.158 53284.12708396 34.22 119.463540  60.238623 18.089
 31   129.849 53284.12708461 28.68 119.461320  60.235463 18.089
 31   129.743 53284.12708525 24.98 119.459090  60.232293 18.089
 37   141.811 53494.12713388 23.28 119.453485  60.237928 25.402
 37   138.087 53494.12713452 25.39 119.451265  60.234758 25.402
 37   143.353 53494.12713517 21.07 119.449035  60.231598 25.402
 37   147.070 53494.12713581 20.09 119.446815  60.228428 25.402
 41   137.192 53634.12707765 26.11 119.464336  60.238304 19.746
 41   131.565 53634.12707829 27.43 119.462106  60.235134 19.746
 41   135.823 53634.12707894  9.29 119.459886  60.231964 19.746
 42   128.353 53669.12709971 31.26 119.454824  60.238495 23.824
 42   128.647 53669.12710035 35.42 119.452604  60.235325 23.824
 42   128.778 53669.12710100 45.41 119.450384  60.232165 23.824
 42   128.658 53669.12710164 44.67 119.448154  60.228995 23.824
 44   133.879 53739.12694695 10.17 119.453630  60.247094  9.716
 44   131.110 53739.12694759 11.49 119.451410  60.243924  9.716
 44   131.546 53739.12694824 11.84 119.449190  60.240754  9.716
 44   131.479 53739.12694888 11.61 119.446970  60.237584  9.716
 44   131.705 53739.12694952 11.45 119.444750  60.234414  9.716
 44   130.240 53739.12695017 13.01 119.442530  60.231254  9.716
 44   130.212 53739.12695081 12.63 119.440310  60.228084  9.716
 45   129.973 53774.12696608 10.72 119.468533  60.238992  7.860
 45   129.952 53774.12696672 10.32 119.466313  60.235822  7.860
 45   129.422 53774.12696737  9.72 119.464083  60.232652  7.860
 50   129.565 53949.12708661 48.93 119.452345  60.246286 28.270
 50   129.662 53949.12708725 53.52 119.450125  60.243116 28.270
 50   129.296 53949.12708789 30.76 119.447905  60.239956 28.270
 50   129.274 53949.12708854 38.74 119.445685  60.236786 28.270
 50   129.194 53949.12708918 43.97 119.443455  60.233616 28.270
 50   129.203 53949.12708983 49.40 119.441235  60.230446 28.270
 50   129.320 53949.12709047 49.77 119.439015  60.227286 28.270
 52   129.579 54019.12706027 33.44 119.468371  60.238424 14.389
 52   129.462 54019.12706091 28.97 119.466151  60.235254 14.389
 52   129.557 54019.12706156 27.93 119.463921  60.232084 14.389
 53   129.587 54054.12705091 22.83 119.470464  60.239141 15.283
 53   130.357 54054.12705156 22.73 119.468244  60.235981 15.283
 53   130.529 54054.12705220 23.08 119.466024  60.232811 15.283
 54   130.401 54089.12704312 17.71 119.454051  60.238001 13.713
 54   130.630 54089.12704377 16.67 119.451831  60.234831 13.713
 54   129.720 54089.12704441 17.46 119.449611  60.231661 13.713
 54   129.863 54089.12704506 16.41 119.447391  60.228491 13.713
 60   133.290 54299.12704165 21.55 119.461601  60.239417 16.791
 60   132.544 54299.12704230 16.36 119.459381  60.236247 16.791
 60   139.338 54299.12704294 12.80 119.457161  60.233077 16.791
 60   140.284 54299.12704359 12.08 119.454931  60.229917 16.791
 61   129.837 54334.12703245 39.17 119.455606  60.239297 19.183
 61   130.658 54334.12703309 39.25 119.453376  60.236127 19.183
 61   130.127 54334.12703374 28.29 119.451156  60.232957 19.183
 61   129.893 54334.12703438 26.86 119.448936  60.229787 19.183
 63   130.073 54404.12697658 27.61 119.455844  60.237748 16.404
 63   129.742 54404.12697722 31.24 119.453624  60.234578 16.404
 63   130.558 54404.12697787 32.42 119.451394  60.231408 16.404
 64   131.453 54439.12693314 25.24 119.472244  60.238413 13.415
 64   130.548 54439.12693378 25.62 119.470024  60.235253 13.415
 64   131.011 54439.12693443 23.44 119.467804  60.232083 13.415
 65   130.959 54474.12696259 17.39 119.464000  60.238228 10.031
 65   130.353 54474.12696323 16.85 119.461770  60.235058 10.031
 65   130.514 54474.12696387 16.75 119.459550  60.231888 10.031
 70   133.310 54649.12697661 20.82 119.459312  60.236632  7.216
 70   132.091 54649.12697726 19.92 119.457082  60.233472  7.216
 70   138.405 54649.12697790 21.23 119.454862  60.230302  7.216
 71   131.783 54684.12697373 13.07 119.454652  60.239079  9.486
 71   131.830 54684.12697438 12.95 119.452432  60.235909  9.486
 71   131.951 54684.12697502 12.58 119.450212  60.232749  9.486
 71   138.094 54684.12697567 12.38 119.447992  60.229579  9.486
 72   141.394 54719.12692043  8.59 119.470408  60.237156 15.920
 72   143.969 54719.12692107  8.93 119.468178  60.233986 15.920
 73   129.591 54754.12694734 36.12 119.460503  60.238364 27.010
 73   129.728 54754.12694799 48.68 119.458283  60.235204 27.010
 73   129.634 54754.12694863 55.43 119.456063  60.232034 27.010
 74   129.517 54789.12691421 27.52 119.468214  60.237842 20.441
 74   129.772 54789.12691486 27.99 119.465994  60.234682 20.441
 74   130.317 54789.12691550 27.06 119.463774  60.231512 20.441
 76   129.675 54859.12690707 16.63 119.470608  60.236865 12.200
 76   130.192 54859.12690771 15.30 119.468378  60.233695 12.200
 77   130.606 54894.12694502 16.36 119.453466  60.236956 13.238
 77   131.092 54894.12694567 15.05 119.451246  60.233786 13.238
 77   130.274 54894.12694631 14.95 119.449016  60.230616 13.238
 81   131.176 55034.12695225 24.85 119.461157  60.237242 12.712
 81   131.150 55034.12695289 24.33 119.458937  60.234072 12.712
 81   131.027 55034.12695354 23.91 119.456707  60.230902 12.712
 82   132.474 55069.12694138 17.53 119.452757  60.238077 15.239
 82   131.693 55069.12694203 16.91 119.450537  60.234907 15.239
 82   131.729 55069.12694267 16.98 119.448317  60.231747 15.239
 82   137.817 55069.12694332 16.62 119.446097  60.228577 15.239
 83   132.559 55104.12688128 33.87 119.466208  60.236865 20.961
 83   133.790 55104.12688193 33.04 119.463988  60.233695 20.961
 83   132.690 55104.12688257 34.14 119.461758  60.230535 20.961
 84   128.591 55139.12688870 30.20 119.459449  60.238949 22.308
 84   128.908 55139.12688934 32.55 119.457229  60.235789 22.308
 84   128.989 55139.12688999 38.76 119.455009  60.232619 22.308
 84   128.978 55139.12689063 35.57 119.452779  60.229449 22.308
 85   129.544 55174.12684866 21.69 119.471012  60.238627  9.811
 85   129.685 55174.12684931 21.33 119.468782  60.235457  9.811
 85   129.740 55174.12684995 20.45 119.466562  60.232297  9.811
 86   130.153 55209.12688393 15.65 119.460366  60.236742 12.046
 86   130.747 55209.12688457 15.87 119.458146  60.233582 12.046
 86   130.597 55209.12688522 15.11 119.455926  60.230412 12.046
 87   129.107 55244.12685505 14.25 119.465424  60.236897  5.713
 87   128.941 55244.12685569 14.73 119.463194  60.233727  5.713
 87   129.215 55244.12685634 13.95 119.460974  60.230567  5.713
 88   130.361 55279.12687744 11.72 119.454915  60.239035  9.414
 88   130.099 55279.12687808 12.58 119.452695  60.235875  9.414
 88   130.557 55279.12687873 11.76 119.450475  60.232705  9.414
 88   130.637 55279.12687937 11.57 119.448255  60.229535  9.414
 92   130.520 55419.12686714 37.83 119.461070  60.237094 14.472
 92   130.700 55419.12686778 37.61 119.458850  60.233924 14.472
 92   130.810 55419.12686843 37.43 119.456630  60.230764 14.472
 93   147.351 55454.12684745  3.81 119.447142  60.231359 11.122
 93   144.593 55454.12684810 10.53 119.444922  60.228189 11.122
 94   128.924 55489.12676488 50.72 119.451655  60.245626 22.807
 94   129.549 55489.12676553 37.96 119.449425  60.242466 22.807
 94   128.939 55489.12676617 32.14 119.447205  60.239296 22.807
 94   128.871 55489.12676682 30.07 119.444985  60.236126 22.807
 94   128.956 55489.12676746 39.96 119.442765  60.232956 22.807
 94   128.936 55489.12676811 47.13 119.440545  60.229796 22.807
