# NaN NaN NaN ;Mean Elev.(m), Avg Gradient(m/km), RMS Gradient(m/km) - SRTM1     
#   32.075  -1.295   9.207 ;Mean Elev.(m), Avg Gradient(m/km), RMS Gradient(m/km) - ASTER GDEM
#   28.947  -0.018  16.680 ;Mean Elev.(m), Avg Gradient(m/km), RMS Gradient(m/km) - GMTED2010 
 13 125.306480  64.787666    51.040    51.044  3 52667.12006062 16.882
 15 125.306552  64.788748    51.446    51.823  3 52737.12007317 10.332
 16 125.302064  64.791553    49.517    49.183  3 52772.12004123 42.967
 19 125.312047  64.787702    49.836    49.836  2 52877.12019392 38.630
 23 125.301161  64.788700    50.060    49.918  4 53017.12014212 12.932
 25 125.299475  64.795723    51.581    51.581  2 53087.12015688 10.496
 27 125.308204  64.788982    54.950    54.923  4 53157.12018368 35.571
 29 125.307637  64.786842    51.816    51.735  3 53227.12017799 51.165
 30 125.300767  64.796050    49.903    49.903  2 53262.12014990 33.670
 31 125.306207  64.787861    49.892    49.647  3 53297.12018710 42.876
 32 125.309322  64.788318    51.209    51.126  4 53332.12015893 12.443
 33 125.303048  64.791819    50.852    50.600  4 53367.12010391 10.368
 35 125.302536  64.789235    51.127    51.248  5 53437.12012151  8.171
 36 125.312361  64.787879    52.071    52.071  2 53472.12017399  7.151
 37 125.306562  64.788461    52.763    52.764  3 53507.12020422 48.108
 38 125.304846  64.788382    52.790    52.563  5 53542.12021111 24.641
 39 125.303711  64.792620    51.879    51.894  3 53577.12019786 44.424
 40 125.300973  64.795968    53.542    53.542  2 53612.12014951 18.626
 42 125.301155  64.789456    48.979    48.930  4 53682.12017122 19.234
 43 125.302700  64.788307    50.231    50.193  4 53717.12009882 14.916
 45 125.309345  64.787937    51.499    51.794  3 53787.12004815 10.769
 46 125.300096  64.795048    51.572    51.572  2 53822.12000173 10.369
 47 125.310420  64.787816    50.690    50.492  3 53857.12009377 27.584
 49 125.301135  64.788943    51.838    51.505  4 53927.12016736 30.113
 50 125.301143  64.794474    48.822    48.776  3 53962.12015086 51.291
 53 125.307503  64.787407    49.942    49.597  3 54067.12014140 16.254
 54 125.302145  64.793077    51.090    51.090  2 54102.12010110 12.595
 56 125.304463  64.792567    51.310    51.180  3 54172.12007813  9.649
 58 125.311474  64.789728    57.515    57.529  3 54242.12010648 40.105
 59 125.310879  64.789086    52.258    52.258  2 54277.12012086 52.582
 60 125.311446  64.789778    53.727    53.962  3 54312.12012153 15.320
 61 125.301662  64.791363    50.625    50.788  3 54347.12009421 24.831
 63 125.303474  64.789146    50.003    49.660  5 54417.12004381 17.361
 65 125.309964  64.788362    50.013    50.013  3 54487.12004087 12.162
 67 125.301858  64.788690    51.106    50.908  5 54557.12005125  8.063
 68 125.312354  64.789440    50.041    50.070  3 54592.12003707 10.875
 69 125.307862  64.789364    54.118    54.447  3 54627.12005290 18.126
 70 125.308576  64.788365    50.555    50.554  3 54662.12006074 53.047
 71 125.302975  64.788999    52.919    52.540  5 54697.12003629 20.661
 73 125.307992  64.787675    49.288    49.334  3 54767.12001574 46.944
 75 125.307030  64.786637    51.090    51.416  3 54837.12000829 13.322
 77 125.302183  64.793948    51.692    51.839  3 54907.12001494 10.159
 79 125.308874  64.788275    53.595    53.557  4 54977.12003023 47.075
 80 125.305785  64.787687    51.979    51.893  3 55012.12003877 36.258
 81 125.309958  64.787222    50.039    50.023  3 55047.12003068 29.949
 82 125.301833  64.792432    50.185    50.204  3 55082.12000188 47.631
 84 125.304774  64.787648    49.965    49.805  3 55152.11996071 22.853
 86 125.305331  64.788081    50.997    50.306  3 55222.11995919 15.320
 88 125.303608  64.793676    52.693    52.475  3 55292.11994626 12.951
 89 125.306627  64.786687    49.236    49.371  3 55327.11992974 42.313
 90 125.303550  64.787625    53.590    53.453  4 55362.11992599 15.262
 92 125.309682  64.786797    49.782    49.736  3 55432.11994102 28.776
 93 125.301260  64.793128    49.639    49.676  3 55467.11989964 36.885
