# NaN NaN NaN ;Mean Elev.(m), Avg Gradient(m/km), RMS Gradient(m/km) - SRTM1     
#   32.388   0.162   5.925 ;Mean Elev.(m), Avg Gradient(m/km), RMS Gradient(m/km) - ASTER GDEM
#   44.200   0.071  16.431 ;Mean Elev.(m), Avg Gradient(m/km), RMS Gradient(m/km) - GMTED2010 
  8 125.182966  64.647055    50.561    50.561  2 52492.12008259 52.428
 10 125.183551  64.645422    50.499    50.503  3 52562.12011223 46.930
 12 125.184650  64.646124    49.724    49.724  2 52632.12006986 28.547
 13 125.174598  64.647173    49.624    49.624  2 52667.12008974 17.879
 14 125.192709  64.643398    49.820    49.820  2 52702.12006026 16.597
 15 125.173244  64.646692    49.789    49.775  3 52737.12010261  9.985
 16 125.166348  64.646900    49.835    49.835  2 52772.12007121 42.910
 17 125.184629  64.645324    54.739    54.783  3 52807.12012580 30.100
 18 125.183487  64.644200    53.402    53.402  2 52842.12018488 23.595
 19 125.177715  64.644620    50.963    50.963  2 52877.12022357 42.353
 20 125.174736  64.647159    54.049    54.049  2 52912.12018165 17.899
 21 125.193956  64.642724    50.022    50.030  3 52947.12013871 43.181
 23 125.167619  64.646385    49.773    49.773  2 53017.12017161 12.616
 24 125.186940  64.643610    51.777    51.777  2 53052.12015071 11.388
 25 125.159342  64.646410    49.430    49.430  2 53087.12018782 10.534
 26 125.182201  64.645463    50.950    50.950  2 53122.12015732  8.193
 27 125.173857  64.645891    54.195    54.195  2 53157.12021333 35.071
 28 125.178478  64.644521    53.815    53.815  2 53192.12020609 34.394
 29 125.175784  64.646345    52.566    52.566  2 53227.12020711 51.333
 30 125.160655  64.646733    51.280    51.280  2 53262.12018085 29.915
 31 125.174284  64.647373    50.879    50.879  2 53297.12021622 47.393
 32 125.175013  64.645231    50.838    50.838  2 53332.12018859 18.235
 33 125.167330  64.647169    50.860    50.850  3 53367.12013388 12.622
 35 125.169726  64.647696    50.254    50.254  2 53437.12015084  9.619
 36 125.178010  64.644802    50.141    50.141  2 53472.12020365  9.387
 37 125.174671  64.647967    53.368    53.368  2 53507.12023334 33.555
 38 125.171991  64.646847    53.288    53.288  2 53542.12024044 37.365
 39 125.167956  64.647975    52.675    52.675  2 53577.12022784 53.805
 40 125.160860  64.646648    52.564    52.564  2 53612.12018045 24.218
 41 125.185580  64.645107    53.869    53.869  2 53647.12018475 18.705
 42 125.167587  64.647144    49.845    49.845  2 53682.12020072 30.887
 43 125.171358  64.648327    50.046    50.046  2 53717.12012783 20.706
 44 125.191846  64.643524    50.543    50.540  3 53752.12004740 15.186
 45 125.177484  64.647440    50.155    50.155  2 53787.12007727 12.323
 46 125.161486  64.647271    50.074    50.052  3 53822.12003235 10.117
 47 125.178500  64.647324    49.487    49.487  2 53857.12012289 15.420
 48 125.183422  64.645689    54.198    54.198  2 53892.12013612 41.485
 49 125.167531  64.646632    51.800    51.800  2 53927.12019685 40.470
 50 125.162462  64.646711    50.322    50.322  2 53962.12018148 51.185
 51 125.195577  64.642454    52.483    52.456  3 53997.12012512 53.011
 52 125.185372  64.645794    50.281    50.281  2 54032.12017644 45.154
 53 125.175643  64.646913    50.672    50.672  2 54067.12017052 22.558
 54 125.164958  64.646864    50.597    50.597  2 54102.12013140 15.731
 55 125.184137  64.646898    50.619    50.619  2 54137.12009806 10.225
 56 125.168712  64.647928    50.210    50.210  2 54172.12010811 10.319
 57 125.182422  64.645065    50.520    50.520  2 54207.12010388  9.040
 58 125.175691  64.645072    57.013    57.013  2 54242.12013645 38.399
 59 125.176559  64.645997    52.889    52.889  2 54277.12015052 50.581
 60 125.175672  64.645138    54.490    54.490  2 54312.12015151 25.072
 61 125.165941  64.646709    54.513    54.513  2 54347.12012419 17.260
 62 125.182446  64.645356    52.242    52.242  2 54382.12008836 37.078
 63 125.170649  64.647612    49.739    49.739  2 54417.12007314 22.277
 64 125.186528  64.645687    50.630    50.630  2 54452.12005747 14.392
 65 125.176629  64.646311    50.320    50.316  3 54487.12007031 11.933
 66 125.183324  64.646561    50.803    50.803  2 54522.12007068  9.798
 67 125.169046  64.647153    49.823    49.823  2 54557.12008058  8.600
 68 125.176562  64.644800    50.622    50.622  2 54592.12006705  6.364
 69 125.173073  64.645762    54.332    54.332  2 54627.12008267 29.103
 70 125.176679  64.647874    51.522    51.522  2 54662.12008986 51.836
 71 125.170161  64.647457    52.746    52.746  2 54697.12006562 27.235
 72 125.181553  64.644118    54.368    54.368  2 54732.12004678 28.562
 73 125.176119  64.647182    50.449    50.449  2 54767.12004486 49.895
 74 125.183944  64.646770    50.271    50.271  2 54802.12004022 18.815
 75 125.175160  64.646143    50.628    50.628  2 54837.12003741 14.200
 76 125.181607  64.644195    50.268    50.268  2 54872.12003940 12.126
 77 125.163531  64.646191    49.910    49.910  2 54907.12004556 11.444
 78 125.180373  64.644594    50.247    50.247  2 54942.12003208  7.092
 79 125.174556  64.645190    54.360    54.360  2 54977.12005989 32.688
 80 125.173915  64.647190    52.923    52.923  2 55012.12006788 49.687
 81 125.178070  64.646728    53.929    53.929  2 55047.12005979 20.650
 82 125.166106  64.647780    51.353    51.353  2 55082.12003185 43.742
 83 125.181704  64.644424    52.618    52.618  2 55117.11999217 33.521
 84 125.172908  64.647153    49.560    49.560  2 55152.11998982 26.937
 85 125.183033  64.645889    50.128    50.128  2 55187.11997855 20.997
 86 125.173465  64.647586    49.950    49.950  2 55222.11998831 15.334
 87 125.180572  64.645898    50.159    50.020  3 55257.11997479 14.220
 88 125.166408  64.647469    49.783    49.785  3 55292.11997656 13.427
 89 125.174744  64.646192    50.150    50.150  2 55327.11995886 43.921
 90 125.172180  64.647644    54.114    54.114  2 55362.11995500 22.758
 91 125.181497  64.645063    54.206    54.206  2 55397.11996258 19.384
 92 125.177800  64.646300    54.000    54.000  2 55432.11997013 22.775
 93 125.165542  64.648474    50.890    50.890  2 55467.11992962 45.971
