# NaN NaN NaN ;Mean Elev.(m), Avg Gradient(m/km), RMS Gradient(m/km) - SRTM1     
#  113.140     NaN     NaN ;Mean Elev.(m), Avg Gradient(m/km), RMS Gradient(m/km) - ASTER GDEM
#  111.996 -13.526  25.993 ;Mean Elev.(m), Avg Gradient(m/km), RMS Gradient(m/km) - GMTED2010 
  6 122.543461  60.547116   120.645   120.663  4 52438.11897073 26.199
  9 122.570129  60.548799   122.764   124.679  4 52543.11892450 11.785
 10 122.549667  60.546764   112.311   112.186  3 52578.11897602 36.352
 11 122.541953  60.546953   116.100   116.113  3 52613.11894117 11.712
 12 122.557397  60.547399   115.484   115.393  3 52648.11892338  7.602
 14 122.552606  60.547688   119.992   120.136  4 52718.11895517  1.995
 15 122.531296  60.546160   118.415   118.685  3 52753.11898101 24.267
 16 122.564418  60.548117   254.667   254.660  3 52788.11892557  3.125
 17 122.561418  60.548029   122.343   120.671  4 52823.11899735 11.439
 19 122.547799  60.547168   117.598   117.359  3 52893.11907631 13.868
 20 122.536563  60.546791   118.387   117.676  3 52928.11902775 11.322
 26 122.560390  60.547530   254.783   254.816  3 53138.11901512  1.332
 27 122.552651  60.546907   126.992   126.931  4 53173.11905902 11.269
 28 122.548361  60.547810   117.580   117.603  4 53208.11907460 18.626
 29 122.548815  60.547386   120.552   120.394  3 53243.11904232 35.744
 31 122.551238  60.546769   116.816   116.873  3 53313.11904858 35.788
 36 122.545834  60.547266   119.228   119.527  4 53488.11908162 22.147
 37 122.553860  60.546589   120.447   120.243  3 53523.11907061 16.260
 38 122.542261  60.547316   124.490   124.405  4 53558.11909674 10.702
 39 122.550910  60.547872   116.717   116.778  4 53593.11903367 15.245
 40 122.560347  60.548156   119.143   119.230  4 53628.11902451 27.826
 41 122.551420  60.547707   116.493   116.095  3 53663.11904971 31.698
 47 122.556210  60.549007   256.640   256.640  2 53873.11897630  1.828
 49 122.541302  60.547427   120.001   119.876  4 53943.11904425 42.937
 51 122.567441  60.548403   121.430   120.923  4 54013.11900431 34.409
 52 122.559911  60.547111   119.813   119.847  4 54048.11901381 12.963
 57 122.554088  60.546579   254.274   254.294  4 54223.11897027  2.742
 59 122.553750  60.548028   122.980   122.163  4 54293.11899463 10.237
 62 122.555176  60.546549   118.323   118.616  4 54398.11892998 39.021
 63 122.542892  60.544731   117.735   117.735  2 54433.11888878 13.847
 69 122.548809  60.546957   123.012   122.836  4 54643.11892965  8.886
 72 122.554416  60.547577   118.463   117.800  4 54748.11890029 39.441
 73 122.548008  60.546491   115.907   116.128  3 54783.11887169 29.086
 80 122.549398  60.547870   119.934   119.824  4 55028.11890722 15.496
 81 122.550467  60.547486   120.479   120.657  4 55063.11889932  8.950
 82 122.536745  60.546670   119.500   119.453  4 55098.11884664 20.548
 83 122.553899  60.546920   116.780   116.763  3 55133.11884337 37.600
 84 122.546907  60.546486   116.786   116.725  4 55168.11880876 15.612
 85 122.554215  60.547519   117.575   117.647  3 55203.11883562  7.415
 86 122.540472  60.543578   132.247   132.247  2 55238.11881734  4.587
 90 122.547457  60.547562   121.015   119.553  4 55378.11879312 11.703
 92 122.549958  60.548738   124.934   124.598  3 55448.11880656 14.893
 93 122.538221  60.546998   116.577   116.621  3 55483.11873594 19.473
