# NaN NaN NaN ;Mean Elev.(m), Avg Gradient(m/km), RMS Gradient(m/km) - SRTM1     
#   10.010  -5.867  16.249 ;Mean Elev.(m), Avg Gradient(m/km), RMS Gradient(m/km) - ASTER GDEM
#   13.292  -8.185  16.503 ;Mean Elev.(m), Avg Gradient(m/km), RMS Gradient(m/km) - GMTED2010 
 10    20.964 52573.49917501  9.26 125.917007  70.106447  7.693
 10    13.864 52573.49917565 16.66 125.912547  70.109437  7.693
 10    14.227 52573.49917630 21.26 125.908077  70.112417  7.693
 10    11.661 52573.49917694 28.05 125.903607  70.115407  7.693
 10    12.594 52573.49917759 24.62 125.899137  70.118387  7.693
 11    13.821 52608.49913269 10.99 125.934460  70.104384  2.800
 11    12.099 52608.49913334 15.05 125.929990  70.107364  2.800
 11    11.347 52608.49913398 18.24 125.925530  70.110354  2.800
 11    10.577 52608.49913462 16.70 125.921070  70.113334  2.800
 11    10.626 52608.49913527 16.10 125.916603  70.116320  3.716
 11    11.556 52608.49913591 14.35 125.912133  70.119300  3.716
 11    12.397 52608.49913656 14.38 125.907663  70.122290  3.716
 12    12.847 52643.49912744  9.44 125.919975  70.101044  3.586
 12    12.221 52643.49912808 12.39 125.915505  70.104024  3.586
 12    10.505 52643.49912873 15.06 125.911045  70.107004  3.586
 12    10.785 52643.49912937 14.08 125.906575  70.109994  3.586
 12    10.904 52643.49913002 13.14 125.902115  70.112974  3.586
 12    13.068 52643.49913066 11.75 125.897645  70.115954  3.586
 12    14.397 52643.49913131 10.96 125.893175  70.118944  3.586
 13    15.983 52678.49910912  8.58 125.940060  70.103900  3.565
 13    15.881 52678.49910976 11.20 125.935590  70.106880  3.565
 13    16.873 52678.49911041 12.07 125.931130  70.109870  3.565
 13    11.975 52678.49911105 11.46 125.926670  70.112850  3.565
 13    11.475 52678.49911170 10.61 125.922200  70.115840  3.565
 13    11.482 52678.49911234 10.78 125.917730  70.118820  3.565
 13    11.836 52678.49911298 10.52 125.913270  70.121800  3.565
 13    13.461 52678.49911363  9.76 125.908800  70.124790  3.565
 17   140.080 52818.49918834  2.68 125.941723  70.079722  3.847
 17   138.379 52818.49918898  0.05 125.937273  70.082702  3.847
 18    14.367 52853.49924366  4.94 125.911616  70.108551  3.864
 18    14.234 52853.49924431 11.68 125.907146  70.111541  3.864
 18    14.217 52853.49924495 16.02 125.902676  70.114521  3.864
 18    13.771 52853.49924560 19.86 125.898206  70.117501  3.864
 20    14.926 52923.49922982 10.31 125.941721  70.103089  8.899
 20     9.254 52923.49923046 18.27 125.937261  70.106069  8.899
 20     9.670 52923.49923111 26.27 125.932801  70.109059  8.899
 20     9.747 52923.49923175 28.72 125.928341  70.112039  8.899
 20     9.900 52923.49923240 25.51 125.923871  70.115019  8.899
 20    12.573 52923.49923304 24.03 125.919411  70.118009  8.899
 20    13.759 52923.49923369 33.19 125.914941  70.120989  8.899
 20    10.298 52923.49923433 31.09 125.910471  70.123979  8.899
 21     8.998 52958.49919288 22.15 125.945641  70.085507  6.036
 21     9.251 52958.49919352 26.67 125.941181  70.088487  6.036
 21     9.187 52958.49919417 24.38 125.936721  70.091477  6.036
 21     9.078 52958.49919481 22.14 125.932261  70.094457  6.036
 21     9.135 52958.49919546 21.89 125.927801  70.097447  6.036
 21     9.083 52958.49919610 20.07 125.923331  70.100427  6.036
 21     9.171 52958.49919675 20.19 125.918871  70.103407  6.036
 21     9.002 52958.49919739 18.73 125.914411  70.106397  6.036
 21     9.114 52958.49919803 17.03 125.909941  70.109377  6.036
 21     9.039 52958.49919868 15.93 125.905471  70.112357  6.036
 21     9.085 52958.49919932 15.10 125.901001  70.115347  6.036
 21    10.369 52958.49919997 13.85 125.896531  70.118327  6.036
 22    10.749 52993.49922644  8.26 125.905412  70.115811  2.565
 22    11.516 52993.49922708 10.38 125.900942  70.118791  2.565
 23    24.504 53028.49919172  5.59 125.919376  70.121560  2.541
 23    12.846 53028.49919236  8.97 125.914906  70.124550  2.541
 24    12.929 53063.49919923  6.69 125.908405  70.116703  2.546
 24    13.356 53063.49919987  8.44 125.903935  70.119683  2.546
 25    14.366 53098.49921320  6.62 125.927105  70.109789  2.354
 25    14.868 53098.49921385  8.49 125.922635  70.112769  2.354
 25    13.655 53098.49921449  8.68 125.918175  70.115749  2.354
 25    13.506 53098.49921514  7.34 125.913705  70.118739  2.354
 25    14.502 53098.49921578  6.63 125.909245  70.121719  2.354
 29    18.493 53238.49923621  5.68 125.948351  70.100861  4.818
 29    14.188 53238.49923686 12.54 125.943881  70.103851  4.818
 29    13.072 53238.49923750 15.71 125.939421  70.106831  4.818
 29    13.912 53238.49923815 16.18 125.934961  70.109811  4.818
 29    14.408 53238.49923879 15.54 125.930501  70.112801  4.818
 29    14.890 53238.49923943 17.62 125.926031  70.115781  4.818
 29    16.077 53238.49924008 18.13 125.921561  70.118771  4.818
 29    16.254 53238.49924072 20.08 125.917101  70.121751  4.818
 29    16.629 53238.49924137 24.45 125.912626  70.124734 13.699
 31    11.268 53308.49925175 32.95 125.943968  70.084653 13.112
 31    11.339 53308.49925239 38.51 125.939508  70.087643 13.112
 31    11.264 53308.49925304 36.40 125.935048  70.090623 13.112
 31    11.084 53308.49925368 31.24 125.930588  70.093613 13.112
 31    11.043 53308.49925433 28.95 125.926128  70.096593 13.112
 31    11.273 53308.49925497 26.65 125.921668  70.099573 13.112
 31    11.264 53308.49925562 27.12 125.917208  70.102563 13.112
 31    11.281 53308.49925626 27.71 125.912738  70.105543 13.112
 31    11.256 53308.49925691 35.24 125.908278  70.108533 13.112
 31    11.453 53308.49925755 27.49 125.903808  70.111513 13.112
 31    11.025 53308.49925820 24.86 125.899348  70.114493 13.112
 31    11.070 53308.49925884 23.06 125.894878  70.117483 13.112
 33    12.145 53378.49916250 10.22 125.922053  70.093010  3.009
 33    12.462 53378.49916315 13.21 125.917583  70.096000  3.009
 33    13.163 53378.49916379 14.75 125.913123  70.098980  3.009
 33    11.508 53378.49916444 12.93 125.908663  70.101960  3.009
 33    11.982 53378.49916508 12.16 125.904193  70.104950  3.009
 33    12.963 53378.49916573 11.44 125.899722  70.107925  3.541
 33    12.567 53378.49916637 11.52 125.895252  70.110915  3.541
 33    13.596 53378.49916701 11.01 125.890782  70.113895  3.541
 33    14.149 53378.49916766 10.95 125.886312  70.116875  3.541
 34    18.004 53413.49919653  8.42 125.943421  70.096039  3.207
 34    15.278 53413.49919717 11.13 125.938961  70.099019  3.207
 34    14.290 53413.49919782 11.39 125.934501  70.101999  3.207
 34    13.052 53413.49919846 10.02 125.930041  70.104989  3.207
 34    12.863 53413.49919911  9.19 125.925581  70.107969  3.207
 34    12.411 53413.49919975  9.68 125.921111  70.110959  3.207
 34    11.844 53413.49920040  9.68 125.916651  70.113939  3.207
 34    12.206 53413.49920104  9.49 125.912181  70.116919  3.207
 34    13.223 53413.49920169  9.95 125.907711  70.119909  3.207
 34    13.252 53413.49920233  8.80 125.903238  70.122887  2.733
 35    14.233 53448.49918726  8.51 125.905645  70.101257  3.078
 35    11.945 53448.49918790 10.21 125.901175  70.104247  3.078
 35    12.707 53448.49918855 10.07 125.896705  70.107227  3.078
 35    14.168 53448.49918919  7.91 125.892245  70.110207  3.078
 35    17.437 53448.49918984  7.38 125.887765  70.113187  3.078
 35    18.724 53448.49919048  7.11 125.883295  70.116177  3.078
 36    15.383 53483.49927306  7.18 125.910070  70.104405  2.119
 36    15.942 53483.49927371  8.68 125.905610  70.107385  2.119
 36    14.284 53483.49927435  8.79 125.901140  70.110375  2.119
 36    15.893 53483.49927500  7.17 125.896676  70.113356  2.506
 36    20.253 53483.49927564  6.12 125.892206  70.116336  2.506
 37    66.850 53518.49927333  0.38 125.918572  70.112236  2.223
 37    44.621 53518.49927462  6.34 125.909632  70.118201 18.568
 37    47.051 53518.49927526 10.92 125.905162  70.121181 18.568
 38    14.879 53553.49929013 48.71 125.945960  70.087920 16.419
 38    15.390 53553.49929078 46.45 125.941510  70.090910 16.419
 38    15.484 53553.49929142 47.10 125.937050  70.093890 16.419
 38    15.482 53553.49929207 47.44 125.932590  70.096880 16.419
 38    15.613 53553.49929271 46.39 125.928130  70.099860 16.419
 38    14.921 53553.49929336 47.26 125.923670  70.102840 16.419
 38    15.265 53553.49929400 44.04 125.919210  70.105830 16.419
 41     9.123 53658.49923833 38.51 125.945031  70.083414 24.885
 41     9.113 53658.49923898 50.29 125.940571  70.086394 24.885
 41     9.132 53658.49923962 52.00 125.936111  70.089384 24.885
 41     9.018 53658.49924027 47.94 125.931661  70.092364 24.885
 41     9.062 53658.49924091 49.01 125.927201  70.095354 24.885
 41     9.009 53658.49924156 52.04 125.922731  70.098334 24.885
 41     8.799 53658.49924220 53.28 125.918271  70.101314 24.885
 41     8.936 53658.49924285 46.79 125.913811  70.104304 24.885
 41     9.010 53658.49924349 47.10 125.909341  70.107284 24.885
 41     8.841 53658.49924414 48.22 125.904881  70.110264 24.885
 41     8.962 53658.49924478 47.84 125.900411  70.113254 24.885
 41     8.924 53658.49924542 50.96 125.895938  70.116232  9.088
 41     8.699 53658.49924607 39.50 125.891468  70.119222  9.088
 42    11.346 53693.49922495 10.26 125.916324  70.115606  2.964
 42    10.194 53693.49922560 18.51 125.911854  70.118586  2.964
 42     9.807 53693.49922624 21.92 125.907384  70.121576  2.964
 43    17.936 53728.49914371 13.46 125.959995  70.097284  3.344
 43    12.875 53728.49914436 14.04 125.955535  70.100274  3.344
 43    13.331 53728.49914500 13.93 125.951085  70.103254  3.344
 43    13.133 53728.49914565 13.97 125.946625  70.106244  3.344
 43    11.100 53728.49914629 14.47 125.942165  70.109224  3.344
 43     9.452 53728.49914694 15.03 125.937695  70.112204  3.344
 43     9.505 53728.49914758 14.44 125.933235  70.115194  3.344
 43     9.190 53728.49914822 15.12 125.928775  70.118174  3.344
 43     8.991 53728.49914887 14.87 125.924305  70.121164  3.344
 43     9.019 53728.49914951 14.95 125.919835  70.124144  3.344
 43    10.987 53728.49915016 13.40 125.915370  70.127130  2.429
 44    12.703 53763.49910510  8.53 125.923315  70.101771  2.627
 44    11.796 53763.49910575 10.80 125.918845  70.104761  2.627
 44    12.836 53763.49910639 12.39 125.914385  70.107741  2.627
 44    11.112 53763.49910704 10.88 125.909915  70.110721  2.627
 44    11.904 53763.49910768 10.08 125.905445  70.113711  2.627
 44    12.793 53763.49910833  9.96 125.900977  70.116686  3.384
 44    13.334 53763.49910897  9.28 125.896507  70.119676  3.384
 45    19.581 53798.49911182  7.64 125.958197  70.094778  3.657
 45    18.239 53798.49911247  9.48 125.953737  70.097768  3.657
 45    16.839 53798.49911311  9.83 125.949287  70.100748  3.657
 45    16.369 53798.49911375  8.43 125.944827  70.103738  3.657
 45    15.510 53798.49911440  7.84 125.940357  70.106718  3.657
 45    14.035 53798.49911504  7.62 125.935897  70.109698  3.657
 45    13.133 53798.49911569  7.36 125.931437  70.112688  3.657
 45    12.369 53798.49911633  8.46 125.926967  70.115668  3.657
 45    11.487 53798.49911698  8.72 125.922507  70.118658  3.657
 45    11.598 53798.49911762  8.95 125.918037  70.121638  3.657
 45    11.869 53798.49911827  8.54 125.913572  70.124622  3.286
 47    16.742 53868.49917090 13.74 125.943142  70.086218 24.569
 47    15.673 53868.49917154 13.46 125.938682  70.089208 24.569
 47    12.620 53868.49917219 15.21 125.934222  70.092188 24.569
 47    12.815 53868.49917283 13.31 125.929762  70.095178 24.569
 47    13.502 53868.49917347 13.41 125.925302  70.098158 24.569
 47    11.981 53868.49917412 14.26 125.920842  70.101148 24.569
 47    13.511 53868.49917476 14.12 125.916372  70.104128 24.569
 47    12.543 53868.49917541 15.92 125.911912  70.107108 24.569
 47    11.598 53868.49917605 17.66 125.907442  70.110098 24.569
 47    12.774 53868.49917670 16.38 125.902982  70.113078 24.569
 47    14.308 53868.49917734 17.54 125.898512  70.116058 24.569
 47    14.037 53868.49917799 19.84 125.894042  70.119048 24.569
 50    12.154 53973.49920483 11.03 125.928424  70.108572  5.238
 50    10.937 53973.49920548 14.26 125.923954  70.111552  5.238
 50    12.937 53973.49920612 13.93 125.919494  70.114542  5.238
 50    14.284 53973.49920677 14.09 125.915024  70.117522  5.238
 50    16.759 53973.49920741 14.43 125.910564  70.120502  5.238
 50    15.111 53973.49920805 16.31 125.906094  70.123492  5.238
 51    20.819 54008.49919710  4.44 125.892622  70.114555  3.332
 51    20.832 54008.49919774 11.92 125.888152  70.117535  3.332
 52     9.865 54043.49921271 35.05 125.947555  70.087627 10.783
 52     9.896 54043.49921336 33.08 125.943095  70.090617 10.783
 52     9.880 54043.49921400 30.61 125.938635  70.093597 10.783
 52     9.847 54043.49921465 29.22 125.934175  70.096577 10.783
 52     9.945 54043.49921529 29.04 125.929715  70.099567 10.783
 52     9.944 54043.49921593 28.99 125.925255  70.102547 10.783
 52     9.881 54043.49921658 28.97 125.920795  70.105537 10.783
 52     9.801 54043.49921722 28.01 125.916325  70.108517 10.783
 52     9.908 54043.49921787 28.36 125.911855  70.111497 10.783
 52     9.914 54043.49921851 28.22 125.907395  70.114487 10.783
 52     9.881 54043.49921916 27.41 125.902925  70.117467 10.783
 52     9.850 54043.49921980 24.10 125.898455  70.120447 10.783
 53     9.473 54078.49920723 24.03 125.952085  70.093113  5.265
 53     9.501 54078.49920788 23.94 125.947625  70.096103  5.265
 53     9.431 54078.49920852 23.70 125.943165  70.099083  5.265
 53     9.382 54078.49920917 24.21 125.938705  70.102073  5.265
 53     9.584 54078.49920981 23.86 125.934245  70.105053  5.265
 53     9.531 54078.49921046 24.23 125.929785  70.108043  5.265
 53     9.439 54078.49921110 24.27 125.925315  70.111023  5.265
 53     9.227 54078.49921175 24.33 125.920855  70.114003  5.265
 53     9.228 54078.49921239 22.87 125.916385  70.116993  5.265
 53     8.966 54078.49921304 22.30 125.911925  70.119973  5.265
 53     9.066 54078.49921368 21.34 125.907455  70.122963  5.265
 54    16.324 54113.49914562 15.95 125.957332  70.098090  3.548
 54    13.655 54113.49914626 16.29 125.952882  70.101070  3.548
 54     9.274 54113.49914691 16.78 125.948422  70.104060  3.548
 54    12.372 54113.49914755 17.20 125.943962  70.107040  3.548
 54    10.803 54113.49914819 16.91 125.939502  70.110030  3.548
 54     9.745 54113.49914884 17.03 125.935042  70.113010  3.548
 54     9.366 54113.49914948 17.56 125.930572  70.116000  3.548
 54     9.103 54113.49915013 17.04 125.926112  70.118980  3.548
 54     8.955 54113.49915077 16.95 125.921642  70.121960  3.548
 54     8.480 54113.49915142 16.73 125.917172  70.124950  3.548
 58    44.586 54253.49919119  0.09 125.907957  70.114941 10.468
 58    45.076 54253.49919183  2.45 125.903497  70.117921 10.468
 59    20.070 54288.49919070 10.16 125.942876  70.096357  5.267
 59    18.957 54288.49919134 11.49 125.938421  70.099334  9.330
 59    16.739 54288.49919199 10.70 125.933961  70.102324  9.330
 59    16.650 54288.49919263 10.25 125.929501  70.105304  9.330
 59    16.826 54288.49919328 10.29 125.925031  70.108294  9.330
 59    17.446 54288.49919392  9.97 125.920571  70.111274  9.330
 59    17.492 54288.49919457 10.46 125.916101  70.114254  9.330
 59    17.511 54288.49919521 10.71 125.911631  70.117244  9.330
 59    19.320 54288.49919586 10.51 125.907171  70.120224  9.330
 59    21.114 54288.49919650 10.05 125.902701  70.123214  9.330
 60    46.890 54323.49919168  6.67 125.916518  70.112826  5.018
 60    35.948 54323.49919232 13.40 125.912048  70.115806  5.018
 60    35.062 54323.49919297 17.42 125.907578  70.118786  5.018
 60    34.875 54323.49919361 19.45 125.903108  70.121776  5.018
 61    46.189 54358.49914822  2.12 125.931373  70.114964  4.994
 61    33.498 54358.49914886 11.91 125.926913  70.117944  4.994
 61    33.910 54358.49914950 15.62 125.922443  70.120934  4.994
 61    33.798 54358.49915015 19.43 125.917973  70.123914  4.994
 61    30.629 54358.49915079 22.57 125.913503  70.126904  4.994
 62     9.998 54393.49912691 38.28 125.947654  70.089015 10.958
 62     9.264 54393.49913272 45.66 125.907490  70.115877 14.216
 62     9.034 54393.49913336 47.70 125.903020  70.118857 14.216
 62     9.397 54393.49913401 39.73 125.898550  70.121837 14.216
 63    10.847 54428.49909834  8.35 125.923143  70.113727  2.900
 63    11.293 54428.49909899 10.66 125.918673  70.116707  2.900
 63    10.521 54428.49909963 13.25 125.914213  70.119687  2.900
 63    13.079 54428.49910028  9.97 125.909743  70.122677  2.900
 64    11.100 54463.49910984  8.04 125.913282  70.108227  2.917
 64    11.859 54463.49911048  9.85 125.908822  70.111207  2.917
 64    12.668 54463.49911113 11.13 125.904352  70.114197  2.917
 64    13.854 54463.49911177  8.53 125.899882  70.117177  2.917
 64    14.884 54463.49911242  8.39 125.895412  70.120157  2.917
 65    15.665 54498.49910592  6.30 125.935645  70.104382  2.978
 65    14.658 54498.49910657  8.82 125.931185  70.107362  2.978
 65    15.434 54498.49910721  8.28 125.926725  70.110342  2.978
 65    12.718 54498.49910786  8.01 125.922255  70.113332  2.978
 65    12.256 54498.49910850  7.49 125.917795  70.116312  2.978
 65    13.814 54498.49910915  7.08 125.913325  70.119302  2.978
 65    16.765 54498.49910979  6.24 125.908855  70.122282  2.978
 68     8.105 54603.49911425 23.59 125.946530  70.088428  7.384
 68     8.515 54603.49911489 22.74 125.942070  70.091418  7.384
 68     7.645 54603.49911553 21.55 125.937620  70.094398  7.384
 68     8.156 54603.49911618 20.08 125.933160  70.097378  7.384
 68     8.793 54603.49911682 19.24 125.928690  70.100368  7.384
 68     8.431 54603.49911747 21.83 125.924230  70.103348  7.384
 68    10.421 54603.49911811 16.37 125.919770  70.106338  7.384
 68    10.161 54603.49911876 15.54 125.915300  70.109318  7.384
 68     9.962 54603.49911940 15.43 125.910840  70.112298  7.384
 68     9.549 54603.49912005 15.07 125.906370  70.115288  7.384
 70    14.364 54673.49913296  6.91 125.915520  70.112815 13.153
 70    15.263 54673.49913361 12.29 125.911060  70.115805 13.153
 70    16.557 54673.49913425 16.59 125.906590  70.118785 13.153
 70    17.361 54673.49913490 21.84 125.902120  70.121765 13.153
 71    17.997 54708.49909312  8.32 125.913667  70.122585  3.066
 71    18.378 54708.49909377 13.88 125.909197  70.125565  3.066
 72    12.207 54743.49909374 20.51 125.945787  70.088358  8.151
 72    12.396 54743.49909439 20.64 125.941327  70.091348  8.151
 72    12.411 54743.49909503 19.00 125.936877  70.094328  8.151
 72    12.846 54743.49909568 18.68 125.932417  70.097318  8.151
 72    12.361 54743.49909632 17.59 125.927947  70.100298  8.151
 72    11.714 54743.49909697 16.68 125.923487  70.103278  8.151
 72    11.867 54743.49909761 16.47 125.919027  70.106268  8.151
 72    12.227 54743.49909826 15.69 125.914557  70.109248  8.151
 72    12.503 54743.49909890 15.37 125.910097  70.112238  8.151
 72    13.437 54743.49909955 15.31 125.905627  70.115218  8.151
 72    14.050 54743.49910019 16.76 125.901155  70.118198  8.855
 72    14.991 54743.49910083 18.28 125.896685  70.121188  8.855
 73    10.524 54778.49906918 31.04 125.951894  70.092435 11.061
 73    10.526 54778.49906982 30.26 125.947434  70.095425 11.061
 73    10.506 54778.49907047 25.05 125.942984  70.098405 11.061
 73    10.355 54778.49907111 22.76 125.938524  70.101395 11.061
 73    10.466 54778.49907175 22.55 125.934054  70.104375 11.061
 73    10.534 54778.49907240 27.19 125.929594  70.107355 11.061
 73    10.457 54778.49907304 24.49 125.925134  70.110345 11.061
 73    10.286 54778.49907369 23.58 125.920664  70.113325 11.061
 73    10.263 54778.49907433 20.77 125.916204  70.116315 11.061
 73    10.351 54778.49907498 21.16 125.911734  70.119295 11.061
 73    10.582 54778.49907562 27.13 125.907266  70.122275  4.258
 74    10.364 54813.49908837 12.74 125.933273  70.093030  4.551
 74    10.592 54813.49908901 16.67 125.928813  70.096020  4.551
 74    10.628 54813.49908966 17.25 125.924353  70.099000  4.551
 74    10.593 54813.49909030 16.58 125.919893  70.101980  4.551
 74    10.853 54813.49909094 14.58 125.915423  70.104970  4.551
 74    10.572 54813.49909159 14.60 125.910963  70.107950  4.551
 74    11.407 54813.49909223 13.42 125.906493  70.110930  4.551
 74    12.325 54813.49909288 12.59 125.902033  70.113920  4.551
 74    12.546 54813.49909352 12.06 125.897564  70.116897  3.163
 74    13.100 54813.49909417 10.97 125.893094  70.119887  3.163
 75    14.374 54848.49906885 12.18 125.953611  70.092802  4.066
 75    10.174 54848.49906949 13.71 125.949151  70.095782  4.066
 75     9.812 54848.49907013 13.28 125.944691  70.098772  4.066
 75    10.241 54848.49907078 13.11 125.940231  70.101752  4.066
 75    11.086 54848.49907142 12.72 125.935771  70.104742  4.066
 75    11.867 54848.49907207 11.61 125.931311  70.107722  4.066
 75    10.593 54848.49907271 11.67 125.926851  70.110702  4.066
 75    10.160 54848.49907336 11.08 125.922381  70.113692  4.066
 75    10.501 54848.49907400 10.71 125.917921  70.116672  4.066
 75    11.257 54848.49907465 10.12 125.913451  70.119662  4.066
 75    11.643 54848.49907529  9.39 125.908981  70.122642  4.066
 76    11.352 54883.49909673  6.81 125.901798  70.116802  2.897
 76    11.813 54883.49909738  8.78 125.897328  70.119792  2.897
 77    11.996 54918.49907585  5.93 125.927498  70.115113  1.872
 77    11.718 54918.49907649  8.46 125.923028  70.118093  1.872
 77    12.025 54918.49907713  8.97 125.918568  70.121083  1.872
 77    12.581 54918.49907778  7.77 125.914098  70.124063  1.872
 80    20.904 55023.49910172 13.84 125.950782  70.092745  8.459
 80    16.416 55023.49910237 13.92 125.946332  70.095725  8.459
 80    15.069 55023.49910301 14.32 125.941872  70.098715  8.459
 80    14.386 55023.49910366 14.25 125.937412  70.101695  8.459
 80    14.210 55023.49910430 15.14 125.932952  70.104675  8.459
 80    13.876 55023.49910495 15.33 125.928482  70.107665  8.459
 80    13.978 55023.49910559 14.39 125.924022  70.110645  8.459
 80    14.063 55023.49910624 14.70 125.919562  70.113635  8.459
 80    14.098 55023.49910688 15.45 125.915092  70.116615  8.459
 80    14.180 55023.49910753 16.48 125.910621  70.119598 21.372
 80    14.430 55023.49910817 20.07 125.906151  70.122578 21.372
 81    13.131 55058.49910233 10.05 125.911676  70.116899  3.633
 81    13.629 55058.49910298 16.56 125.907206  70.119879  3.633
 81    13.304 55058.49910362 25.98 125.902741  70.122861 15.196
 82    11.228 55093.49905484  7.34 125.935257  70.110012  3.584
 82    11.503 55093.49905549 13.60 125.930797  70.112992  3.584
 82    12.049 55093.49905613 17.63 125.926327  70.115972  3.584
 82    12.809 55093.49905677 17.43 125.921867  70.118962  3.584
 82    14.099 55093.49905742 17.02 125.917397  70.121942  3.584
 82    16.292 55093.49905806 17.63 125.912927  70.124932  3.584
 83    10.260 55128.49903691 40.58 125.948476  70.087926 23.334
 83    10.515 55128.49903755 46.72 125.944016  70.090916 23.334
 83    10.191 55128.49903820 48.81 125.939566  70.093896 23.334
 83    10.432 55128.49903884 42.70 125.935106  70.096886 23.334
 83    10.140 55128.49903949 48.27 125.930646  70.099866 23.334
 83    10.091 55128.49904013 48.37 125.926186  70.102846 23.334
 83    10.024 55128.49904078 44.48 125.921716  70.105836 23.334
 83     9.835 55128.49904142 44.84 125.917256  70.108816 23.334
 83    10.002 55128.49904207 46.45 125.912786  70.111796 23.334
 83     9.897 55128.49904271 48.30 125.908326  70.114786 23.334
 83    10.055 55128.49904336 47.94 125.903857  70.117765 10.542
 83     9.952 55128.49904400 46.12 125.899387  70.120755 10.542
 84    20.224 55163.49901278 15.34 125.952007  70.091971  3.582
 84     8.828 55163.49901342 15.37 125.947547  70.094961  3.582
 84     8.769 55163.49901407 15.63 125.943087  70.097941  3.582
 84     8.576 55163.49901471 16.30 125.938627  70.100931  3.582
 84    10.792 55163.49901536 16.16 125.934167  70.103911  3.582
 84    11.500 55163.49901600 15.42 125.929707  70.106891  3.582
 84     9.203 55163.49901665 16.25 125.925237  70.109881  3.582
 84     8.811 55163.49901729 16.29 125.920777  70.112861  3.582
 84     8.728 55163.49901794 16.08 125.916307  70.115851  3.582
 84     8.683 55163.49901858 15.03 125.911847  70.118831  3.582
 84     8.983 55163.49901922 13.74 125.907377  70.121811  3.582
 85     9.605 55198.49902839 13.82 125.943827  70.087345  5.199
 85    19.575 55198.49902903 13.60 125.939367  70.090335  5.199
 85    18.330 55198.49902968 13.24 125.934917  70.093315  5.199
 85     9.949 55198.49903032 13.39 125.930447  70.096305  5.199
 85    10.040 55198.49903097 13.83 125.925987  70.099285  5.199
 85    10.340 55198.49903161 14.08 125.921527  70.102265  5.199
 85    10.347 55198.49903226 13.28 125.917067  70.105255  5.199
 85     9.906 55198.49903290 13.99 125.912597  70.108235  5.199
 85     9.976 55198.49903355 13.45 125.908137  70.111215  5.199
 85     9.813 55198.49903419 12.43 125.903667  70.114205  5.199
 85     9.500 55198.49903484 12.32 125.899195  70.117184  2.401
 85    11.431 55198.49903548 11.34 125.894725  70.120164  2.401
 86    11.068 55233.49902058  9.27 125.934058  70.107969  2.897
 86    11.168 55233.49902123 11.70 125.929598  70.110949  2.897
 86    10.198 55233.49902187 14.45 125.925138  70.113939  2.897
 86    10.364 55233.49902252 11.92 125.920668  70.116919  2.897
 86    10.618 55233.49902316 11.08 125.916208  70.119899  2.897
 86    11.667 55233.49902381 10.01 125.911738  70.122889  2.897
 87    10.518 55268.49902799  8.34 125.914813  70.111084  1.866
 87    10.414 55268.49902863 10.31 125.910343  70.114074  1.866
 87    10.663 55268.49902928 10.90 125.905872  70.117054  3.040
 87    11.422 55268.49902992  9.64 125.901402  70.120034  3.040
 88    11.811 55303.49900110  7.29 125.936373  70.110925  1.588
 88    10.870 55303.49900174 10.08 125.931906  70.113901  3.327
 88    10.719 55303.49900239 10.48 125.927446  70.116891  3.327
 88    10.181 55303.49900303  9.71 125.922976  70.119871  3.327
 88    10.609 55303.49900367  8.11 125.918516  70.122861  3.327
 88    12.807 55303.49900432  7.67 125.914046  70.125841  3.327
 90    19.032 55373.49899295  7.84 125.914423  70.116207  2.089
 90    19.089 55373.49899359 12.66 125.909953  70.119190 11.257
 90    18.336 55373.49899423 17.96 125.905483  70.122170 11.257
 91    14.266 55408.49901348  4.18 125.910221  70.113109  3.247
 91    18.027 55408.49901413  9.84 125.905756  70.116090 11.343
 91    15.633 55408.49901477 14.11 125.901286  70.119070 11.343
 92    44.616 55443.49901011  1.04 125.919418  70.112405  2.662
 92    45.976 55443.49901075  1.40 125.914948  70.115385  2.662
 92    32.300 55443.49901140 10.04 125.910488  70.118375  2.662
 92    33.177 55443.49901204 13.12 125.906018  70.121355  2.662
 93    14.811 55478.49894477 24.99 125.959194  70.097705  6.141
 93    14.172 55478.49894542 24.02 125.954734  70.100695  6.141
 93    13.706 55478.49894606 22.09 125.950274  70.103675  6.141
 93    13.242 55478.49894671 21.36 125.945814  70.106665  6.141
 93    12.356 55478.49894735 19.97 125.941354  70.109645  6.141
 93    11.389 55478.49894800 19.47 125.936894  70.112635  6.141
 93    10.274 55478.49894864 19.17 125.932424  70.115615  6.141
 93     9.039 55478.49894929 20.16 125.927964  70.118595  6.141
 93     9.405 55478.49894993 18.75 125.923494  70.121585  6.141
 93     9.740 55478.49895058 18.79 125.919034  70.124565  6.141
 93    11.786 55478.49895122 17.35 125.914564  70.127555  6.141
