# NaN NaN NaN ;Mean Elev.(m), Avg Gradient(m/km), RMS Gradient(m/km) - SRTM1     
#  120.127     NaN     NaN ;Mean Elev.(m), Avg Gradient(m/km), RMS Gradient(m/km) - ASTER GDEM
#  124.000  -9.426  23.388 ;Mean Elev.(m), Avg Gradient(m/km), RMS Gradient(m/km) - GMTED2010 
  7 120.094979  60.250450   130.433   130.597  7 52466.54101437 33.454
  8 120.093595  60.259231   127.277   127.250  5 52501.54100884 39.427
 10 120.094443  60.245709   208.534   201.031  4 52571.54102805  7.486
 11 120.097040  60.258066   126.715   126.681  7 52606.54099335 25.207
 15 120.092786  60.250026   131.758   131.629  8 52746.54103009 12.171
 16 120.082828  60.248637   131.059   131.095  4 52781.54096871 48.148
 18 120.091912  60.246552   126.163   126.249  8 52851.54109934 35.831
 19 120.092571  60.247993   129.283   129.414  6 52886.54113401 48.105
 20 120.096510  60.259076   127.583   127.313  6 52921.54109131 18.587
 21 120.091095  60.251553   125.990   125.702  6 52956.54105492 39.516
 22 120.097889  60.250322   145.459   127.290  5 52991.54107284 23.980
 24 120.102135  60.247276   126.544   126.544  2 53061.54104782 18.578
 25 120.100722  60.245907   127.067   127.067  2 53096.54107428 17.237
 28 120.093054  60.250471   129.054   129.004  7 53201.54112474 26.032
 29 120.098615  60.264702   128.152   128.068  5 53236.54109645 49.988
 30 120.088302  60.242916   131.116   129.088  8 53271.54105133 23.921
 31 120.089571  60.242187   128.203   128.234  9 53306.54111512 46.461
 35 120.087847  60.239359   128.828   128.844  8 53446.54104004 13.394
 36 120.088937  60.241807   129.158   128.793  9 53481.54112592 19.652
 39 120.096249  60.260773   127.582   127.395  5 53586.54110839 40.643
 40 120.081376  60.242624   126.849   126.864  6 53621.54106877 31.584
 41 120.084714  60.254832   126.693   126.734  3 53656.54109909 51.246
 49 120.087095  60.246662   127.690   127.656  5 53936.54110020 50.687
 50 120.091453  60.258423   128.374   128.319  4 53971.54106811 38.683
 52 120.093892  60.250711   128.069   128.064  8 54041.54107580 42.302
 53 120.096484  60.256268   126.981   127.012  6 54076.54107092 25.049
 59 120.095230  60.256127   132.691   132.210  7 54286.54105273 41.454
 60 120.090986  60.260165   130.009   130.009  2 54321.54105060 14.685
 61 120.099483  60.261563   127.534   127.406  6 54356.54101080 45.561
 62 120.094593  60.252038   127.317   127.481  7 54391.54098958 48.636
 64 120.092548  60.248531   127.548   127.579  8 54461.54096612 27.040
 66 120.094325  60.250695   128.555   128.737  6 54531.54097952 16.764
 68 120.089412  60.256510   133.393   132.146  3 54601.54097632 20.754
 69 120.094181  60.251998   132.719   132.997  7 54636.54098689 49.040
 70 120.094495  60.254137   130.552   130.530  7 54671.54099104 42.429
 71 120.097225  60.260246   128.623   128.689  6 54706.54095267 19.635
 73 120.094031  60.261722   127.302   126.947  4 54776.54093396 45.077
 74 120.090674  60.246762   126.814   126.787  8 54811.54094757 28.885
 75 120.096622  60.257449   126.301   126.301  7 54846.54093329 19.544
 76 120.092895  60.248587   126.299   126.284  7 54881.54095100 17.625
 78 120.096542  60.244285   128.846   129.225  5 54951.54094388 29.217
 80 120.096990  60.254318   130.819   131.018  5 55021.54096279 36.518
 81 120.095876  60.255565   128.037   128.104  7 55056.54095996 47.809
 82 120.098336  60.258925   131.019   131.094  6 55091.54091780 44.958
 83 120.090213  60.256449   127.113   127.138  3 55126.54089927 46.507
 84 120.095613  60.256735   126.329   126.306  7 55161.54087867 26.416
 85 120.091686  60.246754   127.042   126.905  8 55196.54088837 18.818
 87 120.093692  60.251955   128.846   128.883  7 55266.54088408 14.065
 89 120.093115  60.256746   149.690   151.170  4 55336.54086036 41.825
 90 120.095758  60.255112   128.520   128.535  6 55371.54084986 37.219
 91 120.091601  60.253411   127.597   127.770  6 55406.54086919 27.946
 92 120.096052  60.256259   128.305   128.312  7 55441.54086922 16.779
 93 120.099287  60.262870   126.902   126.844  6 55476.54081245 34.567
