# NaN NaN NaN ;Mean Elev.(m), Avg Gradient(m/km), RMS Gradient(m/km) - SRTM1     
#  -18.635  -2.324  21.745 ;Mean Elev.(m), Avg Gradient(m/km), RMS Gradient(m/km) - ASTER GDEM
#    4.964  -2.091  21.856 ;Mean Elev.(m), Avg Gradient(m/km), RMS Gradient(m/km) - GMTED2010 
  6 127.186808  71.801099    28.785    31.684 17 52437.13856088 18.852
  7 127.194272  71.806000    67.717    69.785 19 52472.13856114  9.462
  8 127.171449  71.794336    49.287    73.189  8 52507.13853918 29.633
 10 127.191881  71.801456     2.201     2.148 19 52577.13856967 34.303
 11 127.195217  71.809821     1.513     1.636 18 52612.13853168 25.327
 12 127.193238  71.797070     1.659     1.565 20 52647.13851883 26.066
 13 127.192632  71.802087     1.636     1.500 20 52682.13848822 25.636
 14 127.190862  71.797494     1.500     1.392 20 52717.13854818 24.634
 15 127.210603  71.825863     2.964     2.490 20 52752.13856803 22.298
 17 127.192629  71.791857    31.539    32.758 20 52822.13859181 17.076
 18 127.195025  71.794903    32.624    34.408 20 52857.13863834 15.443
 19 127.194664  71.804184    31.141    32.752 19 52892.13866898 18.449
 20 127.209427  71.824047     5.078     3.492 20 52927.13861711 44.385
 22 127.193905  71.802706     3.502     1.804 19 52997.13863270 20.242
 23 127.199750  71.817072     5.148     2.307 18 53032.13858863 21.020
 24 127.194245  71.797564     3.126     1.550 20 53067.13860241 20.489
 25 127.211000  71.825666     6.799     5.238 21 53102.13859150 17.800
 26 127.190585  71.792835     2.447     1.332 20 53137.13860586 14.463
 27 127.191243  71.798399    31.998    34.069 20 53172.13865289 18.690
 28 127.193691  71.804313    28.315    30.404 19 53207.13866620 15.286
 29 127.194065  71.806396    29.613    31.631 18 53242.13863353 16.539
 31 127.192363  71.800655     3.770     3.759 19 53312.13864352 32.112
 32 127.194254  71.805048     2.350     2.326 18 53347.13860855 27.409
 33 127.189558  71.786736     2.595     2.607 19 53382.13857425 23.819
 34 127.192395  71.798226     2.343     2.351 20 53417.13858834 22.520
 36 127.193141  71.803348     1.973     2.095 19 53487.13867249 20.449
 37 127.193636  71.801083    11.241     9.152 14 53522.13866410 26.475
 38 127.193987  71.807858    25.426    25.318 18 53557.13868795 15.418
 39 127.195412  71.806960    28.671    30.915 18 53592.13862497 16.148
 40 127.191353  71.789640    32.595    34.203 20 53627.13861814 14.967
 41 127.191322  71.798585     3.787     3.806 20 53662.13864202 37.973
 42 127.194509  71.808189     1.078     0.987 18 53697.13860653 24.784
 43 127.197679  71.813872     2.235     2.212 18 53732.13852809 22.575
 44 127.193441  71.793594     2.353     2.338 20 53767.13850653 20.920
 45 127.195432  71.809240     1.881     1.845 18 53802.13850422 19.532
 46 127.192988  71.789752     2.502     1.627 20 53837.13851812 16.495
 47 127.190687  71.797208     1.765     1.711 20 53872.13857024 13.984
 48 127.193730  71.801165     9.481     9.495 20 53907.13860959 51.613
 49 127.194758  71.808250     8.185     5.202 18 53942.13863559 20.507
 50 127.194138  71.812777    25.808    26.096 15 53977.13858874 13.577
 52 127.193849  71.796088    17.247    12.528 20 54047.13860857 22.045
 54 127.205829  71.822568     4.843     3.458 20 54117.13852836 20.992
 55 127.182120  71.795702     6.546     5.025 16 54152.13855365 14.850
 56 127.209146  71.821991     8.871    10.109 13 54187.13852159 17.198
 57 127.191059  71.796389    13.315     7.470 20 54222.13856298 17.329
 58 127.193915  71.802556    29.748    31.690 19 54257.13858425 18.195
 59 127.194462  71.801429    29.861    31.932 20 54292.13858672 13.940
 60 127.195052  71.804932     5.663     5.634 19 54327.13858258 45.156
 61 127.203635  71.820472    25.405    27.662 18 54362.13852967 18.675
 62 127.190513  71.796752     3.908     3.914 20 54397.13852397 42.005
 63 127.194795  71.810471     1.836     1.773 18 54432.13848150 20.258
 64 127.193119  71.794366     2.162     2.162 20 54467.13850570 18.902
 65 127.196036  71.808789     4.818     2.489 18 54502.13849636 17.498
 66 127.193548  71.801927     4.934     2.032 19 54537.13851982 13.675
 67 127.198365  71.813641     4.623     2.170 18 54572.13849709 14.754
 68 127.192432  71.800414    10.876     8.389 20 54607.13851353 14.083
 69 127.195503  71.805878    21.449    23.793 19 54642.13852154 18.351
 70 127.193967  71.803149    27.093    27.466 20 54677.13852394 16.871
 71 127.196287  71.813166    27.997    28.313 18 54712.13847646 16.844
 72 127.192112  71.798550    28.439    31.368 20 54747.13849328 23.786
 73 127.201922  71.809582    11.990    12.150 15 54782.13846307 24.248
 74 127.179907  71.790342    23.212    25.481 15 54817.13848783 19.150
 75 127.201884  71.811205     8.018     3.459 16 54852.13846031 20.802
 76 127.199035  71.804562    10.814     9.528 17 54887.13848928 19.093
 77 127.214864  71.828177     4.776     3.660 20 54922.13845774 16.251
 78 127.193310  71.797879    14.259     8.909 20 54957.13848666 10.802
 79 127.193434  71.803258    12.544    13.048 19 54992.13850877 20.957
 80 127.196407  71.806744    15.050    13.450 19 55027.13849877 18.011
 81 127.194675  71.803821     4.642     4.649 19 55062.13849206 45.935
 82 127.207098  71.823681    19.664    20.092 19 55097.13843675 19.124
 84 127.197385  71.808512     2.577     1.695 17 55167.13840186 20.281
 85 127.193920  71.799677    11.894    12.306 17 55202.13842828 18.171
 86 127.197901  71.812677     3.195     2.325 18 55237.13840821 17.424
 87 127.193444  71.803216    11.035     4.488 20 55272.13842197 15.558
 88 127.208225  71.821171     5.637     2.900 14 55307.13838837 16.685
 89 127.193655  71.801330     6.881     5.536 20 55342.13839201 38.495
 90 127.195090  71.807238    27.487    26.180 19 55377.13838467 18.706
 91 127.193044  71.797681     7.672     4.645 20 55412.13840979 20.373
 92 127.195726  71.805758    25.533    29.350 19 55447.13839951 17.749
 93 127.212628  71.827014     2.958     2.964 22 55482.13832620 43.017
