# NaN NaN NaN ;Mean Elev.(m), Avg Gradient(m/km), RMS Gradient(m/km) - SRTM1     
#   -0.252 -14.094  44.981 ;Mean Elev.(m), Avg Gradient(m/km), RMS Gradient(m/km) - ASTER GDEM
#   11.350 -14.176  49.636 ;Mean Elev.(m), Avg Gradient(m/km), RMS Gradient(m/km) - GMTED2010 
  9 127.336189  71.473881     2.233     2.016 16 52513.48943174 16.127
 10 127.321459  71.457253     3.780     3.756  7 52548.48947219 12.831
 11 127.339411  71.460156     1.772     1.783 13 52583.48946922 27.729
 12 127.336541  71.468136     0.981     0.974 15 52618.48944595 14.640
 13 127.337322  71.460201     1.524     1.421 13 52653.48942146 15.154
 14 127.335451  71.471646     1.351     1.371 15 52688.48942269 14.655
 15 127.339285  71.457778     1.268     1.240 13 52723.48946592 11.330
 16 127.336233  71.461940     2.506     2.540  8 52758.48948763  7.093
 17 127.334120  71.452540   150.260   150.096 12 52793.48943934 10.588
 18 127.355239  71.442645   156.045   156.045  2 52828.48950466  0.116
 19 127.338054  71.457088   160.630   164.910 13 52863.48955249 11.013
 20 127.336337  71.463568     7.250     7.476 13 52898.48958310 12.986
 21 127.336108  71.470411     4.738     4.713 15 52933.48952932 36.041
 22 127.335638  71.453848     1.389     1.438 12 52968.48953633 19.595
 23 127.336281  71.458112     1.890     1.885 13 53003.48955898 13.641
 24 127.335394  71.469822     1.762     1.720 15 53038.48951017 11.678
 25 127.339181  71.459649     1.844     1.823 13 53073.48953637 14.517
 26 127.335603  71.472528     1.442     1.229 16 53108.48951095 11.282
 27 127.336613  71.454666     1.051     1.035 13 53143.48954553 13.658
 28 127.338978  71.460049   156.389   155.485 14 53178.48956573 18.717
 30 127.332249  71.471203   156.190   154.551 12 53248.48955804  7.725
 31 127.309830  71.463366     4.099     4.099  2 53283.48954972 15.475
 32 127.340320  71.457282     3.622     3.652 13 53318.48954396 23.182
 33 127.335218  71.471900     2.754     2.689 16 53353.48951301 15.956
 34 127.331630  71.451958     3.008     3.003 11 53388.48950786 18.256
 35 127.338669  71.465006     2.774     2.691 14 53423.48950974 15.554
 36 127.336571  71.452703     2.256     2.253 12 53458.48951289 12.249
 38 127.360024  71.450970   133.436   148.387  6 53528.48957486 11.182
 42 127.337642  71.455669     4.864     4.895 13 53668.48956464 30.650
 43 127.336728  71.468493     2.873     2.647 14 53703.48950892 19.616
 44 127.331109  71.484138     2.770     2.619 15 53738.48942114 19.084
 45 127.339005  71.458654     2.813     2.678 13 53773.48943160 16.218
 46 127.333747  71.475234     2.027     1.993 16 53808.48942070 14.270
 48 127.357481  71.445632    76.815    77.515  6 53878.48948477  7.299
 49 127.356291  71.443498   147.191   148.814  6 53913.48953818  9.055
 50 127.331518  71.461333   166.640   166.375  3 53948.48955484  1.238
 51 127.332978  71.470379   156.613   156.561 13 53983.48949686  7.335
 52 127.336550  71.452450     5.790     5.790 13 54018.48952467  7.755
 53 127.351506  71.455470     3.698     4.135  9 54053.48951718 14.422
 54 127.338363  71.466314     5.544     5.442  4 54088.48951111 10.586
 56 127.336496  71.460526    48.550    62.041 13 54158.48947407  4.976
 57 127.346503  71.444148   156.339   156.027  7 54193.48943092  1.668
 58 127.332984  71.460828   174.111   174.125 10 54228.48948640  0.885
 59 127.338702  71.457889   164.140   165.525 13 54263.48950429 11.038
 61 127.349550  71.459415   169.002   165.739  9 54333.48949867 13.256
 63 127.339947  71.461727     5.733     5.669 13 54403.48944274 23.520
 65 127.337339  71.457641     5.608     5.693 12 54473.48942804  3.821
 66 127.330845  71.453468    45.222    46.249  8 54508.48940974  4.063
 67 127.324263  71.469819   155.079   159.256  5 54543.48944496  1.363
 68 127.340448  71.454955   159.867   160.688 12 54578.48941156  2.064
 69 127.340100  71.460579   147.008   147.566 13 54613.48943338  7.478
 70 127.364356  71.441406   152.976   151.911  3 54648.48943690  0.913
 72 127.356016  71.438834   156.356   156.165  4 54718.48938333  4.905
 73 127.337761  71.457318     4.492     4.497 14 54753.48941286  9.616
 77 127.344328  71.458983     4.876     4.872  5 54893.48941007  5.989
 78 127.358370  71.437623    46.489     3.818  3 54928.48936806  4.084
 80 127.365448  71.443609   156.763   156.101  3 54998.48942716  4.802
 83 127.308091  71.466121    15.017    15.017  2 55103.48934857 12.461
 84 127.338192  71.459199     5.784     5.701 13 55138.48935475 13.758
 85 127.334508  71.450506     3.625     3.814 12 55173.48931412  3.481
 86 127.336753  71.457716     4.827     4.766 13 55208.48934926  2.438
 87 127.345557  71.445866     5.046     4.756  9 55243.48931766  0.515
 91 127.322231  71.460657    35.205    30.122  5 55383.48930547 30.809
 93 127.366364  71.451999     6.299     6.275  3 55453.48931067 11.310
 94 127.333563  71.477814     4.034     4.034 16 55488.48923680 38.141
