# NaN NaN NaN ;Mean Elev.(m), Avg Gradient(m/km), RMS Gradient(m/km) - SRTM1     
#    4.802  -0.060   1.509 ;Mean Elev.(m), Avg Gradient(m/km), RMS Gradient(m/km) - ASTER GDEM
#    1.000  -0.193   0.913 ;Mean Elev.(m), Avg Gradient(m/km), RMS Gradient(m/km) - GMTED2010 
  6     3.489 52437.13846160 46.90 128.014669  72.248843 25.227
  6     3.513 52437.13846225 47.69 128.009169  72.245943 25.227
  6     3.497 52437.13846289 49.58 128.003669  72.243043 25.227
  6     3.353 52437.13846354 48.97 127.998169  72.240143 25.227
  6     3.395 52437.13846418 51.50 127.992679  72.237253 25.227
  6     3.400 52437.13846483 50.90 127.987189  72.234353 25.227
  6     3.439 52437.13846547 50.47 127.981691  72.231453  7.104
  6     3.501 52437.13846612 48.17 127.976201  72.228563  7.104
  7     1.275 52472.13846250 37.05 128.016885  72.250837 14.403
  7     1.079 52472.13846315 30.05 128.011385  72.247937 14.403
  7     0.730 52472.13846379 26.78 128.005885  72.245047 14.403
  7     0.793 52472.13846443 29.52 128.000385  72.242147 14.403
  7     0.733 52472.13846508 29.49 127.994895  72.239247 14.403
  7     0.774 52472.13846572 29.30 127.989403  72.236347  3.598
  7     0.679 52472.13846637 26.47 127.983903  72.233457  3.598
  7     0.402 52472.13846701 22.92 127.978413  72.230557  3.598
  7     0.886 52472.13846766 19.46 127.972933  72.227657  3.598
  8    -6.879 52507.13843829 34.97 128.012183  72.249423 15.222
  8    -6.983 52507.13843893 35.33 128.006683  72.246523 15.222
  8    -7.312 52507.13843958 30.31 128.001183  72.243623 15.222
  8    -7.340 52507.13844022 27.49 127.995689  72.240725  4.701
  8    -7.315 52507.13844087 24.04 127.990199  72.237835  4.701
  8    -7.526 52507.13844151 23.82 127.984709  72.234935  4.701
  8    -7.530 52507.13844215 22.54 127.979219  72.232035  4.701
  8    -7.453 52507.13844280 21.37 127.973729  72.229135  4.701
  9     1.305 52542.13841855 40.33 128.056638  72.254290 18.690
  9     1.376 52542.13841920 40.42 128.051138  72.251400 18.690
  9     1.057 52542.13842178 34.01 128.029124  72.239813 10.041
  9     0.909 52542.13842500 25.64 128.001654  72.225323 10.041
  9     0.472 52542.13842564 24.36 127.996164  72.222433 10.041
  9    -0.111 52542.13842629 20.94 127.990674  72.219533 10.041
  9    -0.809 52542.13842693 19.91 127.985194  72.216633 10.041
 10     1.034 52577.13847103 30.24 128.014258  72.246291  7.127
 10     0.872 52577.13847168 31.20 128.008758  72.243391  7.127
 10     0.939 52577.13847232 31.62 128.003258  72.240491  7.127
 10     0.836 52577.13847297 33.26 127.997758  72.237601  7.127
 10     0.931 52577.13847361 34.66 127.992268  72.234701  7.127
 10     0.887 52577.13847426 36.29 127.986778  72.231801  7.127
 10     0.911 52577.13847490 34.23 127.981288  72.228901  7.127
 11     1.461 52612.13843143 25.10 128.031701  72.261895  4.321
 11     1.385 52612.13843337 24.78 128.015187  72.253204  4.621
 11     1.181 52612.13843401 25.51 128.009687  72.250304  4.621
 11     1.101 52612.13843466 25.55 128.004187  72.247414  4.621
 11     0.956 52612.13843530 27.02 127.998697  72.244514  4.621
 11     0.974 52612.13843595 26.48 127.993197  72.241614  4.621
 11     1.196 52612.13843659 26.03 127.987707  72.238724  4.621
 11     1.124 52612.13843724 25.00 127.982207  72.235824  4.621
 11     0.965 52612.13843788 24.36 127.976727  72.232924  4.621
 11     0.647 52612.13843853 25.03 127.971237  72.230024  4.621
 12     1.134 52647.13841987 26.42 128.018106  72.243364  4.469
 12     1.065 52647.13842052 26.29 128.012606  72.240474  4.469
 12     1.299 52647.13842245 25.86 127.996116  72.231774  4.469
 12     1.051 52647.13842310 25.60 127.990626  72.228884  4.469
 12     0.675 52647.13842374 24.83 127.985136  72.225984  4.469
 13     1.240 52682.13838926 25.14 128.017475  72.248425  4.627
 13     1.089 52682.13838990 25.48 128.011975  72.245525  4.627
 13     1.034 52682.13839055 26.43 128.006485  72.242625  4.627
 13     1.014 52682.13839119 26.73 128.000985  72.239735  4.627
 13     1.171 52682.13839184 26.39 127.995495  72.236835  4.627
 13     1.074 52682.13839248 25.57 127.990005  72.233935  4.627
 13     0.881 52682.13839313 25.42 127.984515  72.231035  4.627
 13     0.524 52682.13839377 26.49 127.979025  72.228135  4.627
 14     1.318 52717.13844857 25.06 128.021274  72.246678  3.935
 14     0.949 52717.13844922 26.37 128.015774  72.243788  3.935
 14     1.090 52717.13844986 26.30 128.010274  72.240888  3.935
 14     1.385 52717.13845115 25.31 127.999284  72.235088  3.935
 14     1.120 52717.13845180 26.30 127.993784  72.232198  3.935
 14     0.906 52717.13845244 25.61 127.988294  72.229298  3.935
 14     0.675 52717.13845309 24.06 127.982804  72.226398  3.935
 15     1.572 52752.13847036 18.70 128.026321  72.266255  4.193
 15     1.314 52752.13847165 19.74 128.015301  72.260465  4.193
 15     1.268 52752.13847229 20.00 128.009801  72.257565  4.193
 15     1.219 52752.13847294 21.10 128.004301  72.254665  4.193
 15     1.349 52752.13847358 21.21 127.998801  72.251775  4.193
 15     1.239 52752.13847423 22.38 127.993301  72.248875  4.193
 15     1.155 52752.13847487 22.62 127.987801  72.245975  4.193
 15     1.148 52752.13847552 24.17 127.982311  72.243085  4.193
 15     1.329 52752.13847745 21.50 127.965830  72.234391  3.539
 15     0.936 52752.13847809 21.83 127.960340  72.231491  3.539
 16     1.467 52787.13841659 36.90 128.052620  72.253140 22.727
 16     1.454 52787.13841723 35.67 128.047110  72.250250 22.727
 16     0.815 52787.13841916 33.96 128.030600  72.241560 22.727
 16     0.867 52787.13841981 34.97 128.025100  72.238660 22.727
 16     1.030 52787.13842239 30.16 128.003120  72.227070 22.727
 16     0.866 52787.13842303 30.03 127.997628  72.224175  5.547
 16     0.497 52787.13842368 26.77 127.992138  72.221275  5.547
 16     0.408 52787.13842432 26.88 127.986648  72.218385  5.547
 16     0.434 52787.13842497 25.05 127.981158  72.215485  5.547
 17     1.799 52822.13849221 15.90 128.022831  72.241055  2.870
 17     2.120 52822.13849479 15.64 128.000841  72.229465  2.870
 17     2.037 52822.13849543 15.97 127.995351  72.226565  2.870
 17     2.404 52822.13849608 15.83 127.989862  72.223665  2.324
 17     2.630 52822.13849672 15.55 127.984372  72.220775  2.324
 18     1.424 52857.13853616 38.79 128.047334  72.255689 31.383
 18     1.055 52857.13853874 35.42 128.025324  72.244099 31.383
 18     0.843 52857.13853939 32.86 128.019824  72.241199 31.383
 18     1.112 52857.13854196 30.79 127.997844  72.229619 31.383
 18     0.783 52857.13854261 22.33 127.992354  72.226719 31.383
 18     0.488 52857.13854325 16.76 127.986865  72.223816  3.065
 18     1.929 52857.13854390 15.39 127.981375  72.220926  3.065
 19     1.233 52892.13857035 38.62 128.017212  72.249018 22.194
 19     1.160 52892.13857099 30.02 128.011712  72.246118 22.194
 19     0.664 52892.13857164 29.87 128.006222  72.243218 22.194
 19     1.096 52892.13857228 31.20 128.000722  72.240328 22.194
 19     1.159 52892.13857293 32.15 127.995222  72.237428 22.194
 19     1.093 52892.13857357 26.29 127.989732  72.234528 22.194
 19     0.977 52892.13857422 20.25 127.984242  72.231628 22.194
 19     1.393 52892.13857486 18.92 127.978752  72.228738 22.194
 20     1.091 52927.13851944 29.91 128.024811  72.264486 11.748
 20     1.233 52927.13852073 29.09 128.013801  72.258696 11.748
 20     1.089 52927.13852137 30.75 128.008301  72.255796 11.748
 20     1.027 52927.13852202 30.05 128.002801  72.252896 11.748
 20     1.095 52927.13852266 28.78 127.997301  72.250006 11.748
 20     1.160 52927.13852331 27.96 127.991811  72.247106 11.748
 20     1.329 52927.13852395 28.35 127.986311  72.244206 11.748
 20     1.277 52927.13852460 37.49 127.980821  72.241306 11.748
 20     1.288 52927.13852589 33.41 127.969841  72.235516 11.748
 20     1.316 52927.13852653 40.73 127.964351  72.232616 11.748
 21     1.345 52962.13848982 24.43 128.054413  72.253139  4.509
 21     1.397 52962.13849047 24.60 128.048902  72.250247  4.024
 21     1.169 52962.13849240 23.55 128.032402  72.241557  4.024
 21     1.155 52962.13849305 22.79 128.026902  72.238657  4.024
 21     1.205 52962.13849562 18.73 128.004922  72.227077  4.024
 21     0.860 52962.13849627 17.23 127.999432  72.224177  4.024
 21     0.622 52962.13849691 17.22 127.993952  72.221277  4.024
 21     0.629 52962.13849756 16.25 127.988462  72.218377  4.024
 21     0.459 52962.13849820 15.62 127.982972  72.215487  4.024
 22     1.418 52997.13853407 26.00 128.016341  72.247531  6.282
 22     1.084 52997.13853471 25.96 128.010841  72.244631  6.282
 22     1.035 52997.13853536 26.98 128.005341  72.241741  6.282
 22     1.212 52997.13853600 24.86 127.999851  72.238841  6.282
 22     1.257 52997.13853665 23.95 127.994351  72.235941  6.282
 22     1.194 52997.13853729 22.28 127.988861  72.233041  6.282
 22     0.936 52997.13853793 21.95 127.983371  72.230151  6.282
 22     0.498 52997.13853858 22.40 127.977881  72.227251  6.282
 23     1.484 53032.13848967 26.93 128.025615  72.263344  6.358
 23     1.382 53032.13849096 27.02 128.014605  72.257554  6.358
 23     1.373 53032.13849160 26.58 128.009105  72.254654  6.358
 23     1.323 53032.13849225 26.55 128.003605  72.251754  6.358
 23     1.303 53032.13849289 26.48 127.998109  72.248857  3.916
 23     0.955 53032.13849354 26.59 127.992609  72.245957  3.916
 23     0.940 53032.13849418 25.26 127.987119  72.243067  3.916
 23     0.916 53032.13849482 24.46 127.981619  72.240167  3.916
 23     0.751 53032.13849611 22.01 127.970639  72.234367  3.916
 23     0.557 53032.13849676 20.32 127.965149  72.231467  3.916
 24     1.235 53067.13850345 26.48 128.019095  72.243859  6.291
 24     1.164 53067.13850410 26.00 128.013605  72.240959  6.291
 24     1.405 53067.13850603 22.12 127.997115  72.232269  6.291
 24     1.050 53067.13850668 22.00 127.991625  72.229369  6.291
 24     0.790 53067.13850732 21.25 127.986135  72.226479  6.291
 25     1.562 53102.13849415 21.39 128.023755  72.264647  4.277
 25     1.365 53102.13849544 21.24 128.012755  72.258857  4.277
 25     1.257 53102.13849608 21.12 128.007245  72.255957  4.277
 25     1.249 53102.13849673 21.00 128.001745  72.253057  4.277
 25     1.184 53102.13849737 21.39 127.996251  72.250161  3.779
 25     1.013 53102.13849802 21.18 127.990751  72.247261  3.779
 25     0.965 53102.13849866 21.15 127.985261  72.244371  3.779
 25     1.143 53102.13850060 18.27 127.968781  72.235671  3.779
 25     0.544 53102.13850124 17.75 127.963301  72.232771  3.779
 26     1.121 53137.13850626 14.15 128.020648  72.242057  3.256
 26     1.306 53137.13850690 14.41 128.015148  72.239167  3.256
 26     1.305 53137.13850884 13.81 127.998668  72.230467  3.256
 26     1.064 53137.13850948 13.74 127.993178  72.227577  3.256
 26     0.863 53137.13851013 13.68 127.987688  72.224677  3.256
 26     0.981 53137.13851077 14.10 127.982198  72.221777  3.256
 27     4.574 53172.13855393 12.57 128.016206  72.244696  3.882
 27     3.703 53172.13855457 14.12 128.010706  72.241806  3.882
 27     3.678 53172.13855586 15.52 127.999716  72.236006  3.882
 27     5.730 53172.13855651 17.90 127.994226  72.233106  3.882
 27     6.569 53172.13855715 17.54 127.988726  72.230216  3.882
 27     3.733 53172.13855780 19.27 127.983246  72.227316  3.882
 28     1.252 53207.13856757 13.88 128.016178  72.249151  3.237
 28     1.285 53207.13856821 13.22 128.010678  72.246261  3.237
 28     1.363 53207.13856886 12.35 128.005178  72.243361  3.237
 28     1.472 53207.13856950 11.98 127.999678  72.240461  3.237
 28     1.494 53207.13857015 11.41 127.994188  72.237561  3.237
 28     1.565 53207.13857079 12.76 127.988698  72.234671  3.237
 28     2.848 53207.13857144 11.59 127.983198  72.231771  3.237
 28     2.461 53207.13857208 14.79 127.977708  72.228871  3.237
 29     1.271 53242.13853522 34.30 128.013755  72.249807 12.011
 29     0.970 53242.13853586 27.44 128.008255  72.246917 12.011
 29     0.480 53242.13853651 27.79 128.002755  72.244017 12.011
 29     0.694 53242.13853715 29.81 127.997265  72.241117 12.011
 29     0.836 53242.13853780 30.16 127.991775  72.238217 12.011
 29     0.770 53242.13853844 25.19 127.986275  72.235327 12.011
 29     0.835 53242.13853908 19.10 127.980785  72.232427 12.011
 29     2.689 53242.13853973 16.42 127.975305  72.229527 12.011
 30     1.208 53277.13850578 37.40 128.057412  72.254967 12.934
 30     1.122 53277.13850642 35.33 128.051902  72.252077 12.934
 30     1.139 53277.13850706 33.89 128.046402  72.249177 12.934
 30     0.797 53277.13850900 33.30 128.029890  72.240494  4.725
 30     1.009 53277.13851222 24.00 128.002410  72.226004  4.725
 30     0.839 53277.13851287 19.46 127.996920  72.223114  4.725
 30     0.592 53277.13851351 19.50 127.991430  72.220214  4.725
 30     0.276 53277.13851416 17.45 127.985950  72.217314  4.725
 31     1.342 53312.13854489 30.06 128.014691  72.245493  5.460
 31     1.171 53312.13854553 30.50 128.009191  72.242593  5.460
 31     1.098 53312.13854618 31.31 128.003691  72.239703  5.460
 31     1.133 53312.13854682 31.36 127.998201  72.236803  5.460
 31     1.197 53312.13854746 30.80 127.992701  72.233903  5.460
 31     1.124 53312.13854811 30.52 127.987211  72.231003  5.460
 31     0.959 53312.13854875 29.80 127.981721  72.228113  5.460
 32     1.512 53347.13851024 24.50 128.013929  72.248449  4.151
 32     1.303 53347.13851088 24.84 128.008429  72.245549  4.151
 32     1.133 53347.13851153 24.91 128.002939  72.242659  4.151
 32     1.149 53347.13851217 25.71 127.997439  72.239759  4.151
 32     1.025 53347.13851282 25.82 127.991949  72.236859  4.151
 32     1.079 53347.13851346 24.38 127.986459  72.233959  4.151
 32     1.034 53347.13851411 24.49 127.980969  72.231069  4.151
 32     0.730 53347.13851475 23.31 127.975479  72.228169  4.151
 33     1.666 53382.13847046 26.67 128.055183  72.254764  5.628
 33     1.615 53382.13847110 26.45 128.049673  72.251874  5.628
 33     1.275 53382.13847368 28.22 128.027663  72.240284  5.628
 33     1.248 53382.13847690 26.29 128.000193  72.225804  5.628
 33     1.058 53382.13847755 24.98 127.994703  72.222904  5.628
 33     1.027 53382.13847819 23.67 127.989213  72.220004  5.628
 33     0.946 53382.13847884 22.49 127.983723  72.217114  5.628
 34     1.396 53417.13848938 26.76 128.017113  72.244549  4.961
 34     1.221 53417.13849002 27.24 128.011623  72.241649  4.961
 34     1.503 53417.13849131 25.66 128.000633  72.235859  4.961
 34     1.353 53417.13849196 24.46 127.995143  72.232959  4.961
 34     1.212 53417.13849260 24.83 127.989653  72.230059  4.961
 34     0.874 53417.13849325 24.39 127.984163  72.227169  4.961
 35     1.614 53452.13848736 26.91 128.052065  72.249619  6.208
 35     1.546 53452.13848800 27.64 128.046555  72.246729  6.208
 35     1.427 53452.13848865 27.74 128.041055  72.243829  6.208
 35     1.280 53452.13848929 29.44 128.035555  72.240939  6.208
 35     1.395 53452.13848994 28.25 128.030055  72.238039  6.208
 35     1.463 53452.13849252 26.59 128.008065  72.226449  6.208
 35     1.262 53452.13849316 25.46 128.002575  72.223549  6.208
 35     1.005 53452.13849381 24.92 127.997085  72.220659  6.208
 35     0.987 53452.13849445 23.62 127.991595  72.217759  6.208
 35     0.855 53452.13849509 22.36 127.986115  72.214859  6.208
 36     1.442 53487.13857386 21.96 128.015735  72.248167  4.929
 36     1.257 53487.13857450 22.97 128.010235  72.245277  4.929
 36     1.099 53487.13857515 23.54 128.004735  72.242377  4.929
 36     1.095 53487.13857579 24.28 127.999245  72.239477  4.929
 36     1.196 53487.13857643 23.15 127.993745  72.236587  4.929
 36     1.168 53487.13857708 22.33 127.988255  72.233687  4.929
 36     0.986 53487.13857772 22.79 127.982755  72.230787  4.929
 36     0.755 53487.13857837 21.12 127.977265  72.227887  4.929
 37     3.248 53522.13856514 52.15 128.018641  72.247403 20.344
 37     3.334 53522.13856579 45.27 128.013141  72.244503 20.344
 37     3.200 53522.13856643 45.88 128.007641  72.241613 20.344
 37     3.152 53522.13856708 48.46 128.002141  72.238713 20.344
 37     3.183 53522.13856772 46.78 127.996651  72.235813 20.344
 37     3.193 53522.13856837 41.40 127.991161  72.232913 20.344
 37     3.039 53522.13856901 35.93 127.985671  72.230013 20.344
 37     3.131 53522.13856965 32.03 127.980181  72.227123 20.344
 38     1.796 53557.13858964 21.95 128.014001  72.251231  7.263
 38     1.862 53557.13859028 26.09 128.008501  72.248331  7.263
 38     1.906 53557.13859093 31.14 128.003001  72.245441  7.263
 38     1.817 53557.13859157 28.76 127.997511  72.242541  7.263
 38     1.835 53557.13859222 30.67 127.992011  72.239641  7.263
 38     1.867 53557.13859286 31.04 127.986521  72.236741  7.263
 38     1.758 53557.13859351 34.44 127.981021  72.233851  7.263
 38     1.921 53557.13859415 21.29 127.975531  72.230951  7.263
 38     2.538 53557.13859480 17.59 127.970051  72.228051  7.263
 39     1.637 53592.13852666 13.04 128.015038  72.250386  7.423
 39     1.698 53592.13852731 13.09 128.009541  72.247491  2.036
 39     1.841 53592.13852795 12.25 128.004041  72.244591  2.036
 39     1.835 53592.13852859 11.94 127.998551  72.241701  2.036
 39     3.866 53592.13852924 11.14 127.993051  72.238801  2.036
 39     4.203 53592.13852988 11.26 127.987561  72.235901  2.036
 39     8.816 53592.13853053 11.01 127.982071  72.233001  2.036
 39     9.505 53592.13853117 11.86 127.976581  72.230101  2.036
 40     1.191 53627.13851531 35.89 128.049104  72.253289  9.154
 40     0.863 53627.13851789 20.12 128.027094  72.241709  9.154
 40     0.849 53627.13851854 19.25 128.021594  72.238809  9.154
 40     1.429 53627.13852111 15.85 127.999604  72.227219  9.154
 40     1.709 53627.13852176 15.86 127.994114  72.224319  9.154
 40     2.804 53627.13852240 15.21 127.988624  72.221429  9.154
 40     1.518 53627.13852305 18.83 127.983134  72.218529  9.154
 41     1.300 53662.13854307 31.12 128.016285  72.244868 10.855
 41     1.184 53662.13854371 31.19 128.010785  72.241978 10.855
 41     1.463 53662.13854500 28.73 127.999795  72.236178 10.855
 41     1.381 53662.13854564 29.84 127.994305  72.233288 10.855
 41     1.617 53662.13854629 30.12 127.988815  72.230388 10.855
 41     1.647 53662.13854693 37.81 127.983325  72.227488 10.855
 42     1.312 53697.13850822 19.65 128.014342  72.251586  3.072
 42     1.208 53697.13850886 20.38 128.008852  72.248686  3.072
 42     0.957 53697.13850951 20.16 128.003352  72.245786  3.072
 42     0.769 53697.13851015 19.74 127.997852  72.242896  3.072
 42     0.678 53697.13851079 19.24 127.992362  72.239996  3.072
 42     0.776 53697.13851144 18.62 127.986872  72.237096  3.072
 42     0.672 53697.13851208 18.74 127.981372  72.234196  3.072
 42     0.300 53697.13851273 17.80 127.975892  72.231306  3.072
 42     0.013 53697.13851337 17.78 127.970402  72.228406  3.072
 43     1.488 53732.13842848 19.31 128.028710  72.263065  2.847
 43     1.255 53732.13843042 19.99 128.012210  72.254375  2.847
 43     1.234 53732.13843106 19.87 128.006711  72.251480  2.889
 43     1.122 53732.13843171 20.11 128.001211  72.248580  2.889
 43     1.057 53732.13843235 19.89 127.995711  72.245690  2.889
 43     0.782 53732.13843300 19.72 127.990221  72.242790  2.889
 43     0.767 53732.13843364 18.95 127.984731  72.239890  2.889
 43     0.803 53732.13843429 18.37 127.979241  72.236990  2.889
 43     0.585 53732.13843493 18.27 127.973751  72.234090  2.889
 43     0.532 53732.13843557 17.48 127.968261  72.231200  2.889
 44     1.138 53767.13840692 21.41 128.023542  72.242808  3.668
 44     1.193 53767.13840757 21.11 128.018042  72.239908  3.668
 44     1.144 53767.13841015 18.68 127.996062  72.228318  3.668
 44     0.630 53767.13841079 18.53 127.990572  72.225418  3.668
 44     0.367 53767.13841144 17.79 127.985092  72.222528  3.668
 45     1.528 53802.13840398 21.85 128.031739  72.261339  3.028
 45     1.397 53802.13840591 20.67 128.015232  72.252651  3.702
 45     1.248 53802.13840655 21.69 128.009732  72.249751  3.702
 45     1.037 53802.13840720 21.50 128.004232  72.246861  3.702
 45     0.862 53802.13840784 21.89 127.998742  72.243961  3.702
 45     0.865 53802.13840849 20.85 127.993242  72.241061  3.702
 45     0.839 53802.13840913 19.21 127.987752  72.238161  3.702
 45     1.007 53802.13840978 18.53 127.982262  72.235271  3.702
 45     0.844 53802.13841042 18.00 127.976772  72.232371  3.702
 45     0.446 53802.13841107 17.50 127.971282  72.229471  3.702
 46     1.259 53837.13841530 17.21 128.050617  72.253423  2.404
 46     1.022 53837.13841787 17.51 128.028604  72.241846  2.517
 46     1.105 53837.13841852 17.27 128.023104  72.238946  2.517
 46     1.100 53837.13842110 15.24 128.001124  72.227356  2.517
 46     0.790 53837.13842174 14.53 127.995634  72.224456  2.517
 46     0.580 53837.13842239 14.11 127.990144  72.221566  2.517
 46     0.362 53837.13842303 13.50 127.984654  72.218666  2.517
 47     1.178 53872.13847064 16.23 128.021017  72.246413  2.361
 47     1.069 53872.13847128 15.66 128.015527  72.243513  2.361
 47     1.017 53872.13847193 15.14 128.010027  72.240623  2.361
 47     1.159 53872.13847322 14.27 127.999037  72.234823  2.361
 47     1.106 53872.13847386 13.35 127.993547  72.231933  2.361
 47     0.800 53872.13847451 13.20 127.988057  72.229033  2.361
 47     0.551 53872.13847515 12.42 127.982567  72.226133  2.361
 48     2.755 53907.13851063 51.76 128.018911  72.247452 32.329
 48     2.743 53907.13851127 52.00 128.013411  72.244552 32.329
 48     2.794 53907.13851192 53.06 128.007921  72.241662 32.329
 48     2.810 53907.13851256 50.22 128.002421  72.238762 32.329
 48     2.699 53907.13851321 52.03 127.996921  72.235862 32.329
 48     2.717 53907.13851385 51.89 127.991431  72.232962 32.329
 48     2.830 53907.13851450 51.08 127.985941  72.230072 32.329
 48     2.710 53907.13851514 48.82 127.980451  72.227172 32.329
 49     1.227 53942.13853728 23.79 128.014879  72.251614 15.522
 49     0.877 53942.13853793 21.68 128.009379  72.248724 15.522
 49     0.514 53942.13853857 20.53 128.003879  72.245824 15.522
 49     0.142 53942.13853921 18.09 127.998379  72.242924 15.522
 49     0.716 53942.13853986 16.68 127.992885  72.240028  2.106
 49     0.842 53942.13854050 16.56 127.987395  72.237128  2.106
 49     1.342 53942.13854115 14.41 127.981895  72.234238  2.106
 49     2.220 53942.13854179 13.01 127.976405  72.231338  2.106
 49     2.798 53942.13854244 12.16 127.970915  72.228438  2.106
 50     1.250 53977.13848881 42.43 128.027967  72.263409 21.681
 50     1.235 53977.13849075 35.61 128.011457  72.254719 21.681
 50     1.090 53977.13849139 35.00 128.005957  72.251829 21.681
 50     0.887 53977.13849204 32.94 128.000457  72.248929 21.681
 50     0.912 53977.13849268 29.69 127.994967  72.246029 21.681
 50     0.787 53977.13849332 28.02 127.989467  72.243139 21.681
 50     1.043 53977.13849397 28.26 127.983977  72.240239 21.681
 50     0.905 53977.13849461 30.86 127.978483  72.237343  3.682
 50     0.909 53977.13849526 30.30 127.972993  72.234443  3.682
 50     0.806 53977.13849590 23.60 127.967503  72.231543  3.682
 51     0.787 54012.13849463 18.18 128.057645  72.254339 14.616
 51     1.017 54012.13849527 16.90 128.052135  72.251439 14.616
 51     1.042 54012.13849592 16.33 128.046635  72.248539 14.616
 51     1.255 54012.13849721 14.63 128.035625  72.242749 14.616
 51     1.333 54012.13849785 13.78 128.030125  72.239849  2.274
 51     1.653 54012.13850108 10.60 128.002645  72.225369  2.274
 51     1.834 54012.13850172 10.28 127.997155  72.222469  2.274
 51     9.660 54012.13850237  9.77 127.991675  72.219569  2.274
 51     8.622 54012.13850301  9.19 127.986185  72.216679  2.274
 52     1.260 54047.13850962 24.12 128.018532  72.242400  4.038
 52     1.260 54047.13851026 24.48 128.013042  72.239500  4.038
 52     0.875 54047.13851220 25.08 127.996555  72.230817  4.138
 52     0.603 54047.13851284 25.47 127.991065  72.227917  4.138
 52     0.603 54047.13851348 25.46 127.985585  72.225017  4.138
 54     1.736 54117.13843004 21.57 128.026510  72.265936  4.118
 54     1.578 54117.13843133 22.87 128.015500  72.260146  4.118
 54     1.512 54117.13843198 22.89 128.010000  72.257246  4.118
 54     1.387 54117.13843262 22.33 128.004500  72.254346  4.118
 54     1.420 54117.13843327 23.19 127.999000  72.251456  4.118
 54     1.251 54117.13843391 23.54 127.993500  72.248556  4.118
 54     1.153 54117.13843456 23.09 127.988010  72.245656  4.118
 54     1.162 54117.13843520 22.20 127.982510  72.242756  4.118
 54     1.204 54117.13843713 21.31 127.966039  72.234064  3.191
 54     0.858 54117.13843778 21.34 127.960559  72.231164  3.191
 55     1.460 54152.13845340 18.57 128.017700  72.247835  2.972
 55     1.263 54152.13845404 19.16 128.012200  72.244935  2.972
 55     1.250 54152.13845469 18.70 128.006710  72.242035  2.972
 55     1.294 54152.13845533 19.38 128.001214  72.239141  3.421
 55     1.278 54152.13845598 18.46 127.995714  72.236241  3.421
 55     1.153 54152.13845662 18.78 127.990224  72.233351  3.421
 55     0.856 54152.13845727 19.36 127.984734  72.230451  3.421
 55     0.666 54152.13845791 20.02 127.979244  72.227551  3.421
 56     1.537 54187.13842360 17.37 128.027125  72.263882  3.878
 56     1.501 54187.13842489 17.79 128.016115  72.258092  3.878
 56     1.494 54187.13842553 18.30 128.010615  72.255192  3.878
 56     1.349 54187.13842618 18.48 128.005115  72.252292  3.878
 56     1.331 54187.13842682 19.38 127.999615  72.249402  3.878
 56     1.180 54187.13842746 19.56 127.994125  72.246502  3.878
 56     1.065 54187.13842811 20.74 127.988625  72.243602  3.878
 56     1.313 54187.13842875 18.90 127.983135  72.240702  3.878
 56     1.305 54187.13843004 18.86 127.972155  72.234912  3.878
 56     1.034 54187.13843069 18.75 127.966665  72.232012  3.878
 57     1.342 54222.13846337 15.91 128.021417  72.245594  3.384
 57     1.137 54222.13846402 15.97 128.015917  72.242694  3.384
 57     1.163 54222.13846466 16.66 128.010417  72.239804  3.384
 57     1.020 54222.13846595 17.66 127.999427  72.234004  3.384
 57     1.022 54222.13846660 17.26 127.993937  72.231114  3.384
 57     0.707 54222.13846724 18.04 127.988447  72.228214  3.384
 57     0.595 54222.13846789 18.84 127.982957  72.225314  3.384
 58     4.723 54257.13848561 30.06 128.016306  72.247418 29.715
 58     4.485 54257.13848626 31.70 128.010806  72.244518 29.715
 58     4.447 54257.13848690 35.95 128.005306  72.241618 29.715
 58     4.442 54257.13848754 38.93 127.999816  72.238728 29.715
 58     4.576 54257.13848819 37.67 127.994326  72.235828 29.715
 58     4.511 54257.13848883 35.52 127.988826  72.232928 29.715
 58     4.451 54257.13848948 32.05 127.983336  72.230028 29.715
 58     4.572 54257.13849012 35.52 127.977846  72.227138 29.715
 59     1.572 54292.13848776 14.05 128.019505  72.247727  3.325
 59     1.810 54292.13848840 13.23 128.014005  72.244827  3.325
 59     4.311 54292.13848905 11.69 128.008505  72.241927  3.325
 59    11.098 54292.13848969 11.43 128.003015  72.239037  3.325
 59    22.699 54292.13849034 10.90 127.997515  72.236137  3.325
 59    18.108 54292.13849098 12.07 127.992025  72.233237  3.325
 59    46.424 54292.13849227 10.05 127.981045  72.227447  3.325
 60     1.700 54327.13848394 53.27 128.017486  72.249791 39.982
 60     1.691 54327.13848459 53.25 128.011986  72.246891 39.982
 60     1.688 54327.13848523 51.82 128.006486  72.243991 39.982
 60     1.714 54327.13848588 50.69 128.000996  72.241091 39.982
 60     1.708 54327.13848652 50.99 127.995496  72.238201 39.982
 60     1.661 54327.13848716 52.83 127.990006  72.235301 39.982
 60     1.705 54327.13848781 51.93 127.984516  72.232401 39.982
 60     1.671 54327.13848845 52.25 127.979026  72.229501 39.982
 61     1.412 54362.13843135 35.04 128.024171  72.263848 10.492
 61     1.042 54362.13843264 32.53 128.013161  72.258058 10.492
 61     0.938 54362.13843329 31.14 128.007661  72.255158 10.492
 61     0.978 54362.13843393 30.32 128.002161  72.252258 10.492
 61     1.019 54362.13843458 29.20 127.996661  72.249368 10.492
 61     0.818 54362.13843522 29.07 127.991171  72.246468 10.492
 61     0.595 54362.13843587 28.22 127.985671  72.243568 10.492
 61     1.089 54362.13843780 20.88 127.969201  72.234878 10.492
 61     5.827 54362.13843845 19.52 127.963711  72.231978 10.492
 62     1.318 54397.13842436 42.74 128.020771  72.245962 15.999
 62     1.249 54397.13842501 35.52 128.015271  72.243062 15.999
 62     1.605 54397.13842565 33.50 128.009771  72.240172 15.999
 62     1.592 54397.13842694 32.31 127.998781  72.234372 15.999
 62     1.519 54397.13842759 34.03 127.993291  72.231472 15.999
 62     1.653 54397.13842823 33.28 127.987801  72.228582 15.999
 62     1.644 54397.13842888 36.44 127.982311  72.225682 15.999
 63     1.517 54432.13838125 16.62 128.031184  72.262564  3.192
 63     1.184 54432.13838319 17.96 128.014684  72.253874  3.192
 63     1.137 54432.13838383 18.15 128.009184  72.250984  3.192
 63     1.151 54432.13838447 18.07 128.003684  72.248084  3.192
 63     0.826 54432.13838512 18.61 127.998184  72.245184  3.192
 63     0.876 54432.13838576 18.11 127.992694  72.242284  3.192
 63     0.964 54432.13838641 18.55 127.987204  72.239394  3.192
 63     0.986 54432.13838705 18.73 127.981714  72.236494  3.192
 63     0.926 54432.13838770 18.67 127.976224  72.233594  3.192
 63     0.605 54432.13838834 17.86 127.970734  72.230694  3.192
 64     1.210 54467.13840609 22.19 128.023339  72.243563  4.317
 64     1.098 54467.13840674 22.44 128.017849  72.240673  4.317
 64     1.431 54467.13840867 20.94 128.001359  72.231973  4.317
 64     1.196 54467.13840932 20.20 127.995869  72.229083  4.317
 64     0.911 54467.13840996 20.38 127.990379  72.226183  4.317
 64     0.553 54467.13841061 20.70 127.984889  72.223283  4.317
 65     1.407 54502.13839804 21.38 128.015894  72.252182  4.335
 65     1.231 54502.13839869 22.04 128.010394  72.249282  4.335
 65     1.046 54502.13839933 22.88 128.004904  72.246382  4.335
 65     0.884 54502.13839998 22.70 127.999404  72.243492  4.335
 65     1.064 54502.13840062 22.47 127.993904  72.240592  4.335
 65     1.101 54502.13840127 21.38 127.988414  72.237692  4.335
 65     1.083 54502.13840191 20.82 127.982924  72.234792  4.335
 65     0.914 54502.13840256 20.18 127.977434  72.231902  4.335
 65     0.538 54502.13840320 20.56 127.971944  72.229002  4.335
 66     1.201 54537.13842118 21.01 128.015828  72.246780  4.393
 66     1.020 54537.13842183 21.07 128.010338  72.243880  4.393
 66     0.972 54537.13842247 21.84 128.004838  72.240990  4.393
 66     1.238 54537.13842311 20.85 127.999348  72.238090  4.393
 66     1.304 54537.13842376 19.54 127.993848  72.235190  4.393
 66     1.150 54537.13842440 19.95 127.988358  72.232290  4.393
 66     0.745 54537.13842505 19.73 127.982868  72.229400  4.393
 66     0.543 54537.13842569 19.34 127.977378  72.226500  4.393
 67     1.260 54572.13839748 13.72 128.029502  72.262839  1.933
 67     1.319 54572.13839942 15.12 128.013000  72.254143  3.102
 67     1.285 54572.13840006 14.80 128.007500  72.251253  3.102
 67     1.171 54572.13840071 15.40 128.002000  72.248353  3.102
 67     1.002 54572.13840135 15.64 127.996500  72.245453  3.102
 67     0.876 54572.13840200 16.09 127.991010  72.242553  3.102
 67     0.948 54572.13840264 15.62 127.985510  72.239653  3.102
 67     1.001 54572.13840329 15.42 127.980020  72.236763  3.102
 67     0.955 54572.13840393 14.94 127.974530  72.233863  3.102
 67     0.586 54572.13840458 14.42 127.969050  72.230963  3.102
 68     0.931 54607.13841458 16.91 128.017439  72.246726  4.222
 68     0.896 54607.13841522 16.92 128.011939  72.243826  4.222
 68     0.994 54607.13841587 16.59 128.006439  72.240926  4.222
 68     1.008 54607.13841651 16.70 128.000949  72.238036  4.222
 68     0.927 54607.13841716 16.68 127.995459  72.235136  4.222
 68     0.849 54607.13841780 16.20 127.989959  72.232236  4.222
 68     0.531 54607.13841844 17.61 127.984469  72.229336  4.222
 68     0.335 54607.13841909 18.56 127.978989  72.226446  4.222
 69     2.132 54642.13842355 11.62 128.012538  72.247823  2.911
 69     2.160 54642.13842419 12.18 128.007038  72.244923  2.911
 69     2.360 54642.13842484 12.49 128.001538  72.242023  2.911
 69     2.737 54642.13842548 10.84 127.996048  72.239133  2.911
 69     5.134 54642.13842613 12.34 127.990558  72.236233  2.911
 69     6.021 54642.13842677 12.69 127.985058  72.233333  2.911
 69     6.575 54642.13842742 13.75 127.979568  72.230433  2.911
 69     9.547 54642.13842806 14.07 127.974088  72.227543  2.911
 70     1.112 54677.13842563 29.39 128.013643  72.246552 16.872
 70     0.718 54677.13842627 31.34 128.008143  72.243652 16.872
 70     1.043 54677.13842691 33.53 128.002643  72.240752 16.872
 70     1.029 54677.13842756 31.88 127.997153  72.237862 16.872
 70     0.975 54677.13842820 29.66 127.991663  72.234962 16.872
 70     0.924 54677.13842885 23.91 127.986163  72.232062 16.872
 70     0.690 54677.13842949 20.97 127.980683  72.229162 16.872
 71     1.402 54712.13837685 14.82 128.027324  72.262371 11.923
 71     1.425 54712.13837814 14.00 128.016319  72.256580  2.500
 71     1.459 54712.13837879 14.40 128.010819  72.253680  2.500
 71     1.624 54712.13837943 12.69 128.005319  72.250780  2.500
 71     1.778 54712.13838008 12.38 127.999819  72.247890  2.500
 71     3.001 54712.13838072 12.25 127.994329  72.244990  2.500
 71     4.071 54712.13838137 12.56 127.988829  72.242090  2.500
 71     5.113 54712.13838201 11.87 127.983339  72.239190  2.500
 71     6.080 54712.13838265 12.08 127.977849  72.236300  2.500
 71    10.764 54712.13838330 12.40 127.972359  72.233400  2.500
 71     9.589 54712.13838394 13.25 127.966869  72.230500  2.500
 72     1.068 54747.13839433 33.03 128.017020  72.244843 15.089
 72     0.901 54747.13839497 30.29 128.011530  72.241943 15.089
 72     1.188 54747.13839626 33.11 128.000540  72.236153 15.089
 72     1.131 54747.13839691 28.88 127.995040  72.233253 15.089
 72     1.032 54747.13839755 25.46 127.989550  72.230353 15.089
 72     0.858 54747.13839820 22.79 127.984060  72.227463 15.089
 73     1.133 54782.13836573 28.94 128.013691  72.248602  4.868
 73     1.005 54782.13836637 27.97 128.008191  72.245702  4.868
 73     0.853 54782.13836702 27.79 128.002691  72.242802  4.868
 73     0.967 54782.13836766 27.98 127.997201  72.239912  4.868
 73     1.026 54782.13836831 27.93 127.991711  72.237012  4.868
 73     0.968 54782.13836895 26.60 127.986221  72.234112  4.868
 73     0.834 54782.13836959 26.34 127.980731  72.231212  4.868
 73     0.618 54782.13837024 24.91 127.975241  72.228322  4.868
 74     1.183 54817.13838726 25.06 128.017933  72.243937  3.941
 74     1.215 54817.13838790 24.39 128.012433  72.241037  3.941
 74     1.365 54817.13838984 22.94 127.995943  72.232347  3.941
 74     1.044 54817.13839048 22.85 127.990453  72.229447  3.941
 74     0.793 54817.13839113 21.70 127.984963  72.226557  3.941
 75     1.201 54852.13836329 26.37 128.010998  72.248788  4.208
 75     1.058 54852.13836394 26.33 128.005498  72.245888  4.208
 75     0.934 54852.13836458 25.67 127.999998  72.242988  4.208
 75     1.059 54852.13836522 25.84 127.994508  72.240098  4.208
 75     1.137 54852.13836587 24.01 127.989018  72.237198  4.208
 75     1.100 54852.13836651 23.24 127.983518  72.234298  4.208
 75     0.986 54852.13836716 22.74 127.978038  72.231398  4.208
 75     0.727 54852.13836780 21.58 127.972548  72.228498  4.208
 76     1.127 54887.13839129 26.54 128.016109  72.246472  4.743
 76     1.007 54887.13839194 26.37 128.010609  72.243572  4.743
 76     1.170 54887.13839258 26.06 128.005109  72.240682  4.743
 76     1.292 54887.13839323 24.19 127.999619  72.237782  4.743
 76     1.360 54887.13839387 24.22 127.994119  72.234882  4.743
 76     1.193 54887.13839452 22.96 127.988629  72.231982  4.743
 76     0.860 54887.13839516 23.37 127.983139  72.229092  4.743
 76     0.735 54887.13839581 21.39 127.977649  72.226192  4.743
 77     1.490 54922.13836072 21.36 128.025014  72.265710  3.003
 77     1.283 54922.13836201 21.93 128.014004  72.259914  3.497
 77     1.322 54922.13836265 21.19 128.008504  72.257014  3.497
 77     1.369 54922.13836330 20.83 128.003004  72.254124  3.497
 77     1.347 54922.13836394 21.28 127.997504  72.251224  3.497
 77     1.260 54922.13836459 20.81 127.992004  72.248324  3.497
 77     1.213 54922.13836523 20.02 127.986514  72.245424  3.497
 77     1.153 54922.13836588 19.66 127.981024  72.242524  3.497
 77     1.102 54922.13836781 17.55 127.964554  72.233834  3.497
 77     0.852 54922.13836846 16.80 127.959064  72.230934  3.497
 78     1.052 54957.13838770 10.22 128.018290  72.244186  2.223
 78     1.213 54957.13838834 10.22 128.012790  72.241286  2.223
 78     1.381 54957.13839028  8.98 127.996300  72.232596  2.223
 78     1.185 54957.13839092  8.96 127.990810  72.229696  2.223
 78     0.912 54957.13839157  8.81 127.985320  72.226806  2.223
 79     4.240 54992.13841014 22.34 128.015878  72.248102 12.255
 79     4.777 54992.13841078 23.31 128.010378  72.245202 12.255
 79     4.816 54992.13841143 24.17 128.004888  72.242302 12.255
 79     4.793 54992.13841207 24.97 127.999388  72.239412 12.255
 79     4.737 54992.13841272 31.11 127.993898  72.236512 12.255
 79     4.708 54992.13841336 33.79 127.988398  72.233612 12.255
 79     4.876 54992.13841401 35.20 127.982908  72.230712 12.255
 79     4.853 54992.13841465 33.82 127.977418  72.227822 12.255
 80     1.431 55027.13840078 13.71 128.013471  72.248693  4.436
 80     1.397 55027.13840143 13.20 128.007971  72.245793  4.436
 80     1.468 55027.13840207 12.75 128.002471  72.242893  4.436
 80     1.594 55027.13840272 12.09 127.996981  72.240003  4.436
 80     1.617 55027.13840336 12.16 127.991491  72.237103  4.436
 80     1.608 55027.13840401 12.53 127.985991  72.234203  4.436
 80     2.252 55027.13840465 12.13 127.980501  72.231303  4.436
 80     1.832 55027.13840530 21.30 127.975021  72.228413  4.436
 81     1.152 55062.13839343 51.57 128.017107  72.248676 31.551
 81     1.122 55062.13839407 50.85 128.011607  72.245786 31.551
 81     1.199 55062.13839472 46.52 128.006117  72.242886 31.551
 81     1.285 55062.13839536 45.31 128.000617  72.239986 31.551
 81     1.297 55062.13839600 47.85 127.995127  72.237096 31.551
 81     1.285 55062.13839665 50.19 127.989637  72.234196 31.551
 81     1.271 55062.13839729 49.56 127.984137  72.231296 31.551
 81     1.255 55062.13839794 45.41 127.978657  72.228396 31.551
 82     1.073 55097.13833876 35.31 128.025104  72.265585 15.095
 82     0.899 55097.13834005 35.91 128.014103  72.259796  8.614
 82     0.942 55097.13834069 35.76 128.008593  72.256896  8.614
 82     0.948 55097.13834134 37.23 128.003103  72.253996  8.614
 82     0.988 55097.13834198 36.86 127.997603  72.251106  8.614
 82     0.935 55097.13834263 35.31 127.992103  72.248206  8.614
 82     0.774 55097.13834327 31.63 127.986603  72.245306  8.614
 82     0.953 55097.13834392 28.36 127.981113  72.242406  8.614
 82     0.991 55097.13834585 25.09 127.964643  72.233716  8.614
 82     0.777 55097.13834650 22.32 127.959163  72.230816  8.614
 84     0.983 55167.13830387 18.47 128.014515  72.250455  3.041
 84     1.127 55167.13830451 18.91 128.009015  72.247565  3.041
 84     0.980 55167.13830516 18.44 128.003525  72.244665  3.041
 84     0.963 55167.13830580 18.60 127.998025  72.241765  3.041
 84     1.159 55167.13830645 18.94 127.992535  72.238865  3.041
 84     1.101 55167.13830709 18.47 127.987035  72.235975  3.041
 84     1.048 55167.13830774 18.35 127.981555  72.233075  3.041
 84     0.758 55167.13830838 19.01 127.976065  72.230175  3.041
 85     1.000 55202.13832964 19.57 128.016180  72.244520  3.181
 85     1.142 55202.13833029 19.29 128.010680  72.241620  3.181
 85     1.412 55202.13833158 19.12 127.999690  72.235830  3.181
 85     1.280 55202.13833222 19.27 127.994190  72.232930  3.181
 85     0.962 55202.13833287 19.66 127.988700  72.230030  3.181
 85     0.653 55202.13833351 19.59 127.983210  72.227140  3.181
 86     1.535 55237.13830861 17.28 128.028986  72.261842  3.238
 86     1.238 55237.13831054 18.21 128.012486  72.253152  3.238
 86     1.258 55237.13831119 18.25 128.006986  72.250262  3.238
 86     1.171 55237.13831183 18.58 128.001486  72.247362  3.238
 86     1.041 55237.13831248 19.17 127.995986  72.244462  3.238
 86     1.093 55237.13831312 19.66 127.990496  72.241572  3.238
 86     1.318 55237.13831377 18.31 127.984996  72.238672  3.238
 86     1.186 55237.13831441 18.15 127.979506  72.235772  3.238
 86     1.037 55237.13831506 18.31 127.974016  72.232872  3.238
 86     0.834 55237.13831570 17.45 127.968536  72.229972  3.238
 87     1.077 55272.13832365 19.40 128.013076  72.246615  3.560
 87     1.072 55272.13832430 19.54 128.007576  72.243715  3.560
 87     1.231 55272.13832494 19.33 128.002076  72.240825  3.560
 87     1.239 55272.13832559 19.58 127.996586  72.237925  3.560
 87     1.387 55272.13832623 18.91 127.991086  72.235025  3.560
 87     1.042 55272.13832688 19.02 127.985596  72.232125  3.560
 87     0.745 55272.13832752 19.10 127.980106  72.229235  3.560
 88     1.597 55307.13829006 16.58 128.028902  72.264544  2.524
 88     1.197 55307.13829199 18.68 128.012393  72.255847  3.513
 88     1.309 55307.13829264 18.24 128.006893  72.252957  3.513
 88     1.346 55307.13829328 18.99 128.001393  72.250057  3.513
 88     1.169 55307.13829393 19.43 127.995893  72.247157  3.513
 88     1.166 55307.13829457 19.48 127.990403  72.244257  3.513
 88     1.250 55307.13829522 19.39 127.984913  72.241357  3.513
 88     1.336 55307.13829651 18.34 127.973923  72.235567  3.513
 88     1.173 55307.13829715 18.01 127.968443  72.232667  3.513
 88     0.757 55307.13829779 17.47 127.962953  72.229767  3.513
 89     1.702 55342.13829305 30.01 128.018698  72.247631 15.170
 89     1.722 55342.13829370 27.51 128.013198  72.244741 15.170
 89     1.777 55342.13829434 28.28 128.007708  72.241841 15.170
 89     1.876 55342.13829498 32.28 128.002208  72.238941 15.170
 89     1.840 55342.13829563 32.82 127.996718  72.236051 15.170
 89     1.864 55342.13829627 33.08 127.991218  72.233151 15.170
 89     2.115 55342.13829692 30.88 127.985728  72.230251 15.170
 89     2.087 55342.13829756 26.53 127.980248  72.227351 15.170
 90     1.392 55377.13828668 12.95 128.012133  72.249189  2.666
 90     1.601 55377.13828732 12.20 128.006633  72.246289  2.666
 90     1.585 55377.13828796 12.04 128.001133  72.243389  2.666
 90     1.582 55377.13828861 11.54 127.995643  72.240499  2.666
 90     4.218 55377.13828925 10.85 127.990153  72.237599  2.666
 90     4.757 55377.13828990 11.15 127.984653  72.234699  2.666
 90     6.542 55377.13829054 12.40 127.979163  72.231799  2.666
 90    15.403 55377.13829119 10.99 127.973683  72.228909  2.666
 91     0.903 55412.13831083 30.03 128.017931  72.243990 17.411
 91     1.086 55412.13831147 29.88 128.012441  72.241090 17.411
 91     1.294 55412.13831341 28.32 127.995951  72.232400 17.411
 91     0.887 55412.13831405 25.00 127.990461  72.229500 17.411
 91     0.651 55412.13831470 21.93 127.984971  72.226610 17.411
 92     0.939 55447.13830151 37.41 128.012741  72.247720 10.171
 92     0.671 55447.13830216 37.61 128.007241  72.244820 10.171
 92     0.582 55447.13830280 33.91 128.001741  72.241920 10.171
 92     0.706 55447.13830345 31.79 127.996251  72.239020 10.171
 92     0.885 55447.13830409 30.52 127.990761  72.236130 10.171
 92     0.846 55447.13830474 29.98 127.985271  72.233230 10.171
 92     0.632 55447.13830538 29.35 127.979781  72.230330 10.171
 92     0.382 55447.13830603 27.57 127.974291  72.227430 10.171
 93     1.234 55482.13822917 25.23 128.022569  72.264555  4.330
 93     1.010 55482.13823046 29.54 128.011560  72.258764 12.193
 93     1.041 55482.13823111 28.22 128.006070  72.255864 12.193
 93     1.019 55482.13823175 27.32 128.000570  72.252964 12.193
 93     0.952 55482.13823240 28.41 127.995070  72.250074 12.193
 93     0.851 55482.13823304 33.36 127.989570  72.247174 12.193
 93     0.711 55482.13823369 34.92 127.984080  72.244274 12.193
 93     0.722 55482.13823562 35.63 127.967610  72.235584 12.193
 93     0.774 55482.13823627 42.15 127.962120  72.232684 12.193
