# NaN NaN NaN ;Mean Elev.(m), Avg Gradient(m/km), RMS Gradient(m/km) - SRTM1     
#    5.902   0.734  12.306 ;Mean Elev.(m), Avg Gradient(m/km), RMS Gradient(m/km) - ASTER GDEM
#   17.492   0.620  16.100 ;Mean Elev.(m), Avg Gradient(m/km), RMS Gradient(m/km) - GMTED2010 
  7 124.012547  68.914566    92.226    91.254 11 52458.50887429  4.171
  8 124.013388  68.920723    16.590    16.158 15 52493.50885598 36.496
 10 124.011405  68.911044    86.425    85.983 15 52563.50887048 14.498
 12 124.009774  68.906054    89.759    90.978 15 52633.50884073  9.826
 13 124.010371  68.914274    89.912    89.401 15 52668.50885691  8.258
 14 124.010911  68.909418    88.532    88.575 15 52703.50883559  7.138
 16 124.016168  68.926145    16.648    17.010 15 52773.50883253 24.721
 17 124.007383  68.904898    88.933    88.575 15 52808.50889630  5.319
 18 124.009592  68.906031    20.050    20.059 15 52843.50895388 51.952
 20 124.016547  68.924560    77.276    88.399 15 52913.50895317  9.077
 21 124.008341  68.904784    87.108    86.740 15 52948.50890804 10.302
 23 124.012713  68.921038    93.986    94.338 15 53018.50893531  6.128
 24 124.008056  68.910595    88.829    88.361 15 53053.50891621  5.252
 25 124.011348  68.917731    92.369    90.249 16 53088.50895446  4.511
 26 124.031674  68.891425    90.233    90.352  4 53123.50891950  0.973
 27 124.009382  68.907032    27.089    27.091 15 53158.50898093 44.881
 28 124.012300  68.917590    24.088    24.086 15 53193.50897692 52.829
 29 124.015701  68.917571    93.798    92.247 14 53228.50897201  5.766
 30 124.013707  68.924006    18.098    18.337 15 53263.50894554 26.699
 31 124.006806  68.904450    86.279    87.367 15 53298.50898351 12.515
 33 124.014785  68.926630    94.880    93.310 15 53368.50890084  6.887
 34 124.009737  68.910960    88.836    88.560 15 53403.50892852  6.844
 35 124.013522  68.923484    93.715    92.837 15 53438.50891901  5.209
 36 124.007887  68.908027    88.041    87.987 15 53473.50897392  4.306
 37 124.011585  68.912930    19.036    18.695 16 53508.50899844 43.491
 38 124.010604  68.914078    90.442    90.477 15 53543.50901002  5.147
 39 124.018971  68.914865    92.847    92.102 12 53578.50899232  3.838
 40 124.013115  68.923295    50.636    55.195 15 53613.50894724 16.823
 41 123.997656  68.918818    64.991    75.895  9 53648.50895262 10.433
 42 124.011013  68.913595    88.765    89.255 15 53683.50896601 10.310
 43 124.015185  68.924260    97.124    97.181 16 53718.50889479  8.784
 45 124.013321  68.919474    92.531    91.037 15 53788.50884549  6.435
 46 124.007582  68.903442    86.855    87.040 15 53823.50879799  5.628
 47 124.007309  68.909534    88.296    88.243 15 53858.50889163  3.849
 48 124.009759  68.914598    27.855    27.819 15 53893.50890785 51.658
 49 124.007429  68.909226    89.083    89.092 15 53928.50896436  5.062
 50 124.012101  68.915309    16.619    15.510 15 53963.50894675 27.529
 51 124.006902  68.900622    39.701    42.616 14 53998.50889404 12.564
 52 124.010224  68.911736    89.049    89.366 16 54033.50894380 14.830
 54 124.013690  68.924506    95.971    95.763 15 54103.50889772  9.416
 55 124.009361  68.909228    89.353    88.235 15 54138.50886711  7.321
 56 124.012550  68.920722    93.944    93.979 16 54173.50887528  6.548
 57 124.007370  68.909425    87.702    87.830 15 54208.50887312  5.128
 58 124.013960  68.912148    94.531    94.663 14 54243.50890514  4.613
 59 124.011022  68.914051    24.085    24.104 16 54278.50891835 51.349
 60 124.004821  68.922252    67.514    74.126 10 54313.50892006  9.116
 61 124.002686  68.931455    90.182    94.316 10 54348.50889256  6.877
 62 124.010774  68.910039    16.389    16.392 15 54383.50885546 41.285
 63 124.012898  68.920188    91.595    91.718 15 54418.50883968  8.028
 64 124.007899  68.906366    88.478    88.007 14 54453.50882530  6.639
 65 124.012496  68.917511    92.841    90.941 15 54488.50883776  4.493
 66 124.010509  68.911625    89.991    89.515 15 54523.50883921  4.435
 67 124.012904  68.920748    93.793    92.519 15 54558.50884803  2.578
 68 124.029749  68.899433    91.141    91.215  6 54593.50883271  1.163
 69 124.010327  68.916518    26.014    26.015 16 54628.50885100 39.356
 70 124.010547  68.912462    90.537    90.826 15 54663.50885753  5.284
 71 124.014819  68.922169    20.983    20.990 15 54698.50883239 37.234
 72 124.008048  68.908857    89.032    89.102 15 54733.50881446  4.066
 73 124.012871  68.916232    89.754    90.083 16 54768.50881092  9.943
 74 124.009569  68.907113    88.852    88.068 15 54803.50880798  8.025
 75 124.011426  68.915370    92.964    94.091 15 54838.50880445  6.105
 76 124.010428  68.909329    90.103    89.080 15 54873.50880783  5.080
 77 124.014848  68.920962    94.277    91.888 15 54908.50881211  4.799
 78 124.008366  68.909244    17.592    16.947 15 54943.50880084 21.593
 79 124.011499  68.914197    24.508    24.469 16 54978.50882881 39.521
 80 124.011033  68.916070    22.351    22.342 15 55013.50883478 52.311
 81 124.010670  68.915118    17.792    17.007 16 55048.50882771 37.718
 82 124.008566  68.928808    95.076    94.955 13 55083.50879974  5.462
 83 124.010051  68.909447    86.657    86.859 15 55118.50875832 11.730
 84 124.011693  68.917645    90.925    90.410 15 55153.50875634 10.958
 85 124.009801  68.907347    88.068    87.911 15 55188.50874662  7.910
 86 124.011022  68.917620    93.340    93.903 16 55223.50875552  6.164
 87 124.009707  68.913988    89.311    89.379 15 55258.50874363  5.412
 88 124.013789  68.922080    95.510    94.660 16 55293.50874358  4.377
 89 124.011395  68.912542    12.719    12.386 16 55328.50872651 40.694
 90 124.011831  68.919784    21.376    21.234 15 55363.50872274 28.904
 91 124.008859  68.908842    84.261    84.566 15 55398.50873018  7.293
 92 124.011587  68.916925    90.648    90.810 16 55433.50873822  5.453
 93 124.017860  68.924300    20.913    23.685 15 55468.50869604 21.392
