# NaN NaN NaN ;Mean Elev.(m), Avg Gradient(m/km), RMS Gradient(m/km) - SRTM1     
#  -15.565   5.505  32.073 ;Mean Elev.(m), Avg Gradient(m/km), RMS Gradient(m/km) - ASTER GDEM
#    3.177   2.285  26.421 ;Mean Elev.(m), Avg Gradient(m/km), RMS Gradient(m/km) - GMTED2010 
  6     7.398 52440.14243404 34.32 126.795974  72.365547  3.899
  6     7.580 52440.14243469 37.12 126.790404  72.362657  3.899
  6     7.370 52440.14243533 27.28 126.784844  72.359767  3.899
  6     7.283 52440.14243598 28.94 126.779277  72.356878 30.493
  6     7.164 52440.14243662 30.39 126.773717  72.353978 30.493
  7     2.727 52475.14243207 16.26 126.797550  72.364156 11.063
  7     3.386 52475.14243271 17.89 126.791990  72.361266 11.063
  7     4.028 52475.14243336 18.66 126.786420  72.358376 11.063
  7     4.676 52475.14243400 18.63 126.780860  72.355486 11.063
  7     5.247 52475.14243464 19.76 126.775300  72.352596 11.063
  8     2.433 52510.14239084 17.90 126.794854  72.364186  6.184
  8     3.105 52510.14239148 18.14 126.789284  72.361296  6.184
  8     4.243 52510.14239212 18.20 126.783724  72.358396  6.184
  8     4.866 52510.14239277 19.09 126.778164  72.355506  6.184
  9     3.153 52545.14240066 15.74 126.806039  72.354960  3.298
  9     3.191 52545.14240130 17.29 126.800469  72.352070  3.298
  9     3.346 52545.14240195 19.31 126.794909  72.349180  3.298
  9     3.503 52545.14240259 22.04 126.789349  72.346290  3.298
 10     1.902 52580.14243191 32.92 126.796714  72.359260  9.484
 10     1.852 52580.14243256 39.12 126.791144  72.356370  9.484
 10     1.913 52580.14243320 35.72 126.785584  72.353480  9.484
 10     1.843 52580.14243385 38.08 126.780024  72.350590  9.484
 11     1.088 52615.14239929 16.67 126.786082  72.365924  3.016
 11     1.130 52615.14239994 17.08 126.780512  72.363034  3.016
 11     1.319 52615.14240058 17.27 126.774952  72.360144  3.016
 11     1.133 52615.14240123 17.78 126.769392  72.357254  3.016
 12     1.978 52650.14237885 14.41 126.803529  72.358041  2.741
 12     3.009 52650.14237950 14.15 126.797959  72.355151  2.741
 12     2.633 52650.14238014 14.99 126.792399  72.352261  2.741
 12     3.103 52650.14238079 15.54 126.786839  72.349371  2.741
 14     1.385 52720.14241515 11.56 126.800746  72.362350  2.373
 14     1.339 52720.14241580 11.96 126.795186  72.359460  2.373
 14     1.688 52720.14241644 12.72 126.789616  72.356570  2.373
 14     1.714 52720.14241709 12.68 126.784056  72.353670  2.373
 14     2.765 52720.14241773 12.42 126.778496  72.350780  2.373
 15     0.977 52755.14243865 10.95 126.785311  72.368630  2.535
 15     1.964 52755.14243929 10.37 126.779741  72.365740  2.535
 15     3.012 52755.14243993  9.73 126.774171  72.362850  2.535
 15     3.500 52755.14244058  9.67 126.768611  72.359960  2.535
 15     4.081 52755.14244122  9.80 126.763051  72.357060  2.535
 16    34.118 52790.14238937 10.32 126.802186  72.351111  5.401
 16    23.014 52790.14239002 10.94 126.796616  72.348221  5.401
 16    23.839 52790.14239066  8.93 126.791056  72.345331  5.401
 17    69.283 52825.14245823  4.33 126.806572  72.356594  4.708
 17    68.774 52825.14245888  2.23 126.801002  72.353704  4.708
 19     2.850 52895.14253429 21.64 126.792975  72.362533  4.156
 19     3.670 52895.14253493 24.03 126.787415  72.359643  4.156
 19     4.449 52895.14253558 22.51 126.781855  72.356753  4.156
 19     4.829 52895.14253622 24.33 126.776285  72.353863  4.156
 20     3.147 52930.14248293 36.75 126.781585  72.366951 16.041
 20     3.409 52930.14248358 38.94 126.776025  72.364051 16.041
 20     3.247 52930.14248422 39.43 126.770465  72.361161 16.041
 20     3.243 52930.14248487 44.13 126.764895  72.358271 16.041
 21     0.831 52965.14247476 20.05 126.809656  72.355760  3.597
 21     0.808 52965.14247540 20.28 126.804086  72.352870  3.597
 21     0.924 52965.14247605 20.13 126.798526  72.349980  3.597
 21     0.932 52965.14247669 19.32 126.792966  72.347090  3.597
 21     0.870 52965.14247734 18.72 126.787406  72.344200  3.597
 22     0.804 53000.14250797 12.00 126.796375  72.365783  2.623
 22     1.085 53000.14250862 12.52 126.790805  72.362893  2.623
 22     1.270 53000.14250926 11.51 126.785245  72.359993  2.623
 22     1.472 53000.14250991 12.10 126.779675  72.357103  2.623
 22     1.503 53000.14251055 12.00 126.774115  72.354213  2.623
 23     1.103 53035.14245737 10.97 126.786101  72.367166  2.497
 23     1.365 53035.14245802 11.11 126.780531  72.364276  2.497
 23     1.523 53035.14245866 11.46 126.774971  72.361386  2.497
 23     1.467 53035.14245931 11.22 126.769411  72.358496  2.497
 24     1.314 53070.14247723  9.82 126.796559  72.359323  2.373
 24     1.509 53070.14247787 10.15 126.790989  72.356433  2.373
 24     1.796 53070.14247851 11.01 126.785429  72.353543  2.373
 24     2.389 53070.14247916  9.10 126.779869  72.350653  2.373
 25     1.743 53105.14245901  7.91 126.780194  72.367741  2.137
 25     2.413 53105.14245965  8.40 126.774624  72.364851  2.137
 25     2.964 53105.14246030  8.04 126.769064  72.361961  2.137
 25     3.545 53105.14246094  7.74 126.763504  72.359071  2.137
 26     1.767 53140.14248357  7.88 126.801206  72.356794  2.220
 26     3.654 53140.14248421  6.87 126.795646  72.353904  2.220
 26     4.414 53140.14248486  7.48 126.790086  72.351014  2.220
 26     5.031 53140.14248550  6.90 126.784516  72.348124  2.220
 27    69.910 53175.14251766  7.04 126.796940  72.359289  3.800
 27    69.796 53175.14251831  4.50 126.791370  72.356399  3.800
 27    68.924 53175.14251895  1.15 126.785810  72.353509  3.800
 28     2.652 53210.14253501 20.30 126.795068  72.363072 11.514
 28     3.398 53210.14253566 21.42 126.789498  72.360182 11.514
 28     3.936 53210.14253630 24.35 126.783938  72.357292 11.514
 28     4.692 53210.14253694 25.76 126.778378  72.354392 11.514
 29     2.374 53245.14250288 24.04 126.793276  72.363700 11.129
 29     3.416 53245.14250352 23.35 126.787706  72.360810 11.129
 29     3.981 53245.14250417 25.45 126.782146  72.357920 11.129
 29     4.671 53245.14250481 27.59 126.776586  72.355020 11.129
 30     3.263 53280.14248575 15.24 126.807628  72.356714  2.610
 30     3.848 53280.14248639 16.13 126.802058  72.353824  2.610
 30     4.425 53280.14248704 15.76 126.796498  72.350934  2.610
 30     5.019 53280.14248768 16.39 126.790938  72.348044  2.610
 30     5.597 53280.14248833 16.34 126.785378  72.345154  2.610
 31     3.017 53315.14250362 25.55 126.797669  72.359098  5.834
 31     3.196 53315.14250426 27.07 126.792099  72.356208  5.834
 31     3.088 53315.14250491 27.27 126.786539  72.353318  5.834
 31     3.044 53315.14250555 27.48 126.780979  72.350428  5.834
 32     2.043 53350.14246866 19.70 126.796646  72.363356  3.986
 32     2.394 53350.14246930 19.74 126.791076  72.360466  3.986
 32     2.389 53350.14246995 20.24 126.785516  72.357576  3.986
 32     2.337 53350.14247059 20.93 126.779956  72.354686  3.986
 33     2.855 53385.14244893 13.36 126.804355  72.355066  3.086
 33     3.464 53385.14244958 13.86 126.798795  72.352176  3.086
 33     3.886 53385.14245022 13.25 126.793225  72.349286  3.086
 33     3.808 53385.14245087 15.40 126.787665  72.346396  3.086
 34     2.268 53420.14245315  9.11 126.802347  72.360449  2.391
 34     2.931 53420.14245379  9.06 126.796777  72.357559  2.391
 34     3.680 53420.14245444 10.04 126.791217  72.354669  2.391
 34     4.359 53420.14245508 10.22 126.785657  72.351769  2.391
 34     4.594 53420.14245572  9.75 126.780097  72.348879  2.391
 35     3.169 53455.14245982  9.48 126.809989  72.353238  2.478
 35     3.547 53455.14246046 10.12 126.804419  72.350348  2.478
 35     4.395 53455.14246111 10.15 126.798859  72.347458  2.478
 35     4.952 53455.14246175  9.60 126.793299  72.344568  2.478
 36     2.032 53490.14254382  7.38 126.795522  72.362526  2.111
 36     3.111 53490.14254447  7.38 126.789952  72.359636  2.111
 36     3.894 53490.14254511  7.45 126.784392  72.356736  2.111
 36     4.581 53490.14254576  7.23 126.778822  72.353846  2.111
 37     8.523 53525.14252874 29.84 126.800282  72.360680 23.315
 37     8.606 53525.14252939 31.77 126.794712  72.357790 23.315
 37     8.651 53525.14253003 34.17 126.789152  72.354900 23.315
 37     8.571 53525.14253068 36.74 126.783592  72.352010 23.315
 37     8.665 53525.14253132 34.68 126.778032  72.349110 23.315
 38     1.484 53560.14255560 24.67 126.792988  72.366031 10.360
 38     3.417 53560.14255625 24.65 126.787428  72.363141 10.360
 38     4.266 53560.14255689 23.77 126.781858  72.360251 10.360
 38     4.839 53560.14255754 25.26 126.776298  72.357361 10.360
 38     5.128 53560.14255818 27.91 126.770738  72.354461 10.360
 39     2.671 53595.14249408 18.88 126.793214  72.364433 10.777
 39     3.474 53595.14249472 18.88 126.787644  72.361543 10.777
 39     4.272 53595.14249537 18.58 126.782084  72.358653 10.777
 39     4.437 53595.14249601 22.12 126.776524  72.355753 10.777
 40     3.551 53630.14248873 20.10 126.804881  72.354128  7.659
 40     4.160 53630.14248938 21.39 126.799311  72.351238  7.659
 40     4.647 53630.14249002 22.95 126.793751  72.348348  7.659
 40     5.020 53630.14249067 26.80 126.788191  72.345458  7.659
 41     3.891 53665.14251092 24.31 126.800053  72.363352  8.685
 41     3.991 53665.14251157 31.86 126.794493  72.360462  8.685
 41     4.058 53665.14251221 35.61 126.788923  72.357572  8.685
 41     4.179 53665.14251286 36.14 126.783363  72.354672  8.685
 41     4.020 53665.14251350 32.87 126.777803  72.351782  8.685
 42     1.807 53700.14246601 11.04 126.793250  72.362904  2.964
 42     1.860 53700.14246666 11.45 126.787690  72.360014  2.964
 42     2.011 53700.14246730 13.35 126.782130  72.357124  2.964
 42     1.961 53700.14246795 14.13 126.776570  72.354234  2.964
 43     2.002 53735.14238769  7.92 126.786347  72.366525  2.205
 43     2.455 53735.14238834  7.84 126.780777  72.363635  2.205
 43     2.986 53735.14238898  7.53 126.775217  72.360735  2.205
 43     3.481 53735.14238963  7.42 126.769657  72.357845  2.205
 44     2.801 53770.14237680  6.14 126.800937  72.356621  1.974
 44     3.784 53770.14237744  5.81 126.795377  72.353731  1.974
 44     4.489 53770.14237809  5.51 126.789817  72.350841  1.974
 44     5.156 53770.14237873  5.22 126.784257  72.347951  1.974
 45     1.541 53805.14236909  7.31 126.794351  72.366300  1.974
 45     2.058 53805.14236974  6.85 126.788781  72.363410  1.974
 45     3.086 53805.14237038  6.52 126.783221  72.360520  1.974
 45     4.055 53805.14237103  6.21 126.777661  72.357630  1.974
 45     4.612 53805.14237167  5.62 126.772101  72.354740  1.974
 47     2.862 53875.14243663  6.24 126.801759  72.359605  2.520
 47     3.776 53875.14243728  6.32 126.796195  72.356709  2.403
 47     4.700 53875.14243792  6.76 126.790635  72.353819  2.403
 47     5.338 53875.14243856  6.87 126.785075  72.350929  2.403
 47     5.875 53875.14243921  6.97 126.779515  72.348039  2.403
 49     2.780 53945.14250322 19.19 126.789883  72.364364  8.661
 49     3.462 53945.14250386 19.84 126.784323  72.361474  8.661
 49     4.293 53945.14250451 20.47 126.778763  72.358584  8.661
 49     5.022 53945.14250515 20.19 126.773193  72.355694  8.661
 50     2.127 53980.14245031 24.93 126.789149  72.366646  3.474
 50     2.867 53980.14245096 27.19 126.783581  72.363755 11.870
 50     3.715 53980.14245160 28.23 126.778021  72.360865 11.870
 50     4.201 53980.14245225 32.81 126.772461  72.357965 11.870
 51     3.611 54015.14246922 13.61 126.810807  72.355162  7.266
 51     4.153 54015.14246987 14.33 126.805237  72.352272  7.266
 51     4.429 54015.14247051 16.91 126.799677  72.349382  7.266
 51     4.782 54015.14247116 18.36 126.794117  72.346492  7.266
 51     4.977 54015.14247180 19.61 126.788557  72.343602  7.266
 52     2.420 54050.14247151 20.99 126.803506  72.359603  5.082
 52     2.745 54050.14247216 22.36 126.797936  72.356713  5.082
 52     3.498 54050.14247280 21.51 126.792376  72.353823  5.082
 52     3.935 54050.14247344 21.83 126.786816  72.350933  5.082
 52     2.734 54050.14247409 21.79 126.781256  72.348043  5.082
 54     2.348 54120.14238996 10.78 126.781810  72.369385  4.109
 54     2.673 54120.14239061 10.43 126.776240  72.366485  4.109
 54     3.186 54120.14239125 10.65 126.770681  72.363595  2.822
 54     3.690 54120.14239190 10.58 126.765121  72.360705  2.822
 54     4.251 54120.14239254 10.76 126.759561  72.357815  2.822
 55     2.244 54155.14242077  7.92 126.798336  72.362394  2.290
 55     2.947 54155.14242142  7.62 126.792766  72.359504  2.290
 55     3.646 54155.14242206  7.37 126.787206  72.356614  2.290
 55     4.379 54155.14242271  7.42 126.781646  72.353724  2.290
 55     4.894 54155.14242335  7.57 126.776086  72.350824  2.290
 56     1.646 54190.14238656  9.04 126.788580  72.368457  2.325
 56     2.332 54190.14238721  8.79 126.783010  72.365567  2.325
 56     3.217 54190.14238785  7.96 126.777450  72.362677  2.325
 56     3.932 54190.14238850  7.54 126.771890  72.359777  2.325
 56     4.736 54190.14238914  7.09 126.766330  72.356887  2.325
 57     3.136 54225.14243201  6.96 126.799363  72.359906  1.981
 57     3.866 54225.14243265  6.96 126.793793  72.357016  1.981
 57     4.642 54225.14243330  7.19 126.788233  72.354126  1.981
 57     5.330 54225.14243394  7.27 126.782673  72.351236  1.981
 57     5.777 54225.14243459  7.78 126.777113  72.348346  1.981
 58    69.620 54260.14245237  2.68 126.797208  72.360637  6.543
 58    69.144 54260.14245302  0.30 126.791638  72.357747  6.543
 59     3.872 54295.14245619 19.98 126.797028  72.360970 10.881
 59     4.533 54295.14245683 20.63 126.791458  72.358080 10.881
 59     4.689 54295.14245748 25.11 126.785898  72.355190 10.881
 59     4.969 54295.14245812 28.27 126.780338  72.352300 10.881
 60     2.438 54330.14244829 19.12 126.797831  72.365587  7.290
 60     3.382 54330.14244893 20.55 126.792261  72.362697  7.290
 60     4.168 54330.14244958 21.17 126.786701  72.359797  7.290
 60     4.325 54330.14245022 22.49 126.781141  72.356907  7.290
 60     5.239 54330.14245087 21.90 126.775581  72.354017  7.290
 61     1.996 54365.14239312 21.54 126.786689  72.367839  5.255
 61     2.829 54365.14239377 23.64 126.781119  72.364949  5.255
 61     3.684 54365.14239441 24.29 126.775559  72.362059  5.255
 61     4.328 54365.14239506 26.79 126.769999  72.359159  5.255
 61     5.080 54365.14239570 26.90 126.764439  72.356269  5.255
 62     3.616 54400.14239073 30.81 126.796282  72.359690  7.784
 62     3.799 54400.14239137 32.55 126.790722  72.356800  7.784
 62     3.714 54400.14239202 31.64 126.785162  72.353910  7.784
 62     3.740 54400.14239266 31.22 126.779602  72.351010  7.784
 63     1.210 54435.14234721 13.74 126.791108  72.366691  2.974
 63     1.490 54435.14234785 14.04 126.785538  72.363801  2.974
 63     1.637 54435.14234850 13.50 126.779978  72.360911  2.974
 63     1.661 54435.14234914 13.54 126.774418  72.358021  2.974
 63     1.838 54435.14234979 12.34 126.768858  72.355121  2.974
 64     2.149 54470.14237464 10.16 126.802418  72.356674  2.379
 64     2.847 54470.14237528  9.88 126.796858  72.353784  2.379
 64     3.508 54470.14237593  9.62 126.791298  72.350884  2.379
 64     4.741 54470.14237657  9.86 126.785738  72.347994  2.379
 65     1.996 54505.14236146  8.23 126.788491  72.365296  2.075
 65     2.664 54505.14236210  8.07 126.782921  72.362406  2.075
 65     3.853 54505.14236275  7.79 126.777361  72.359516  2.075
 65     4.262 54505.14236339  7.84 126.771801  72.356626  2.075
 66     2.241 54540.14238896  7.32 126.798036  72.361706  1.981
 66     3.344 54540.14238960  7.36 126.792466  72.358816  1.981
 66     4.145 54540.14239025  7.25 126.786906  72.355926  1.981
 66     4.778 54540.14239089  7.62 126.781346  72.353036  1.981
 67     2.212 54575.14236238  8.05 126.786736  72.365531  2.035
 67     3.315 54575.14236303  8.09 126.781176  72.362641  2.035
 67     4.144 54575.14236367  7.64 126.775616  72.359741  2.035
 67     4.951 54575.14236432  8.01 126.770056  72.356851  2.035
 68     2.394 54610.14238114 11.42 126.797263  72.361667  4.287
 68     3.397 54610.14238179 10.98 126.791703  72.358767  4.287
 68     4.438 54610.14238243 11.67 126.786133  72.355877  4.287
 68     5.079 54610.14238307 13.48 126.780573  72.352987  4.287
 69     3.457 54645.14238868 16.26 126.797457  72.362948  9.406
 69     4.608 54645.14238932 16.45 126.791897  72.360048  9.406
 69     5.101 54645.14238997 17.97 126.786327  72.357158  9.406
 69     5.366 54645.14239061 18.77 126.780767  72.354268  9.406
 69     5.775 54645.14239125 23.43 126.775207  72.351378  9.406
 70     3.243 54680.14238968 18.33 126.799199  72.364432  7.471
 70     3.456 54680.14239032 19.23 126.793629  72.361542  7.471
 70     3.571 54680.14239097 20.88 126.788069  72.358642  7.471
 70     4.195 54680.14239161 21.31 126.782499  72.355752  7.471
 70     4.604 54680.14239226 24.00 126.776949  72.352862  7.471
 71     3.106 54715.14234036 18.18 126.785955  72.366493  7.484
 71     3.701 54715.14234101 19.02 126.780385  72.363603  7.484
 71     4.113 54715.14234165 19.43 126.774825  72.360713  7.484
 71     4.461 54715.14234230 21.15 126.769265  72.357813  7.484
 72     2.346 54750.14236096 17.78 126.801148  72.359888  4.980
 72     3.183 54750.14236161 18.75 126.795578  72.356998  4.980
 72     3.535 54750.14236225 20.04 126.790018  72.354108  4.980
 72     4.046 54750.14236289 23.05 126.784458  72.351218  4.980
 72     3.608 54750.14236354 31.05 126.778898  72.348328  4.980
 73     2.511 54785.14232949 18.31 126.790355  72.363817  3.693
 73     2.754 54785.14233013 19.07 126.784795  72.360927  3.693
 73     3.066 54785.14233078 18.74 126.779235  72.358027  3.693
 73     2.748 54785.14233142 20.66 126.773675  72.355137  3.693
 74     2.843 54820.14235427 13.42 126.798745  72.357596  2.607
 74     3.688 54820.14235492 13.28 126.793185  72.354706  2.607
 74     4.053 54820.14235556 14.90 126.787625  72.351816  2.607
 74     4.384 54820.14235621 14.69 126.782065  72.348926  2.607
 75     2.433 54855.14232580 11.17 126.792349  72.364034  2.442
 75     3.030 54855.14232644 11.91 126.786779  72.361144  2.442
 75     3.931 54855.14232709 11.93 126.781219  72.358244  2.442
 75     4.391 54855.14232773 12.52 126.775659  72.355354  2.442
 76     2.143 54890.14235748 10.37 126.798717  72.364450  2.504
 76     2.969 54890.14235813 10.82 126.793157  72.361560  2.504
 76     3.528 54890.14235877 11.22 126.787587  72.358670  2.504
 76     4.146 54890.14235942 11.95 126.782027  72.355780  2.504
 76     4.724 54890.14236006 12.60 126.776467  72.352890  2.504
 77     1.853 54925.14232431  9.58 126.786070  72.368816  2.085
 77     2.695 54925.14232495  9.79 126.780500  72.365926  2.085
 77     3.551 54925.14232560  9.72 126.774940  72.363036  2.085
 77     4.299 54925.14232624  9.38 126.769380  72.360136  2.085
 77     5.008 54925.14232689  9.69 126.763820  72.357246  2.085
 78     3.095 54960.14235623  4.50 126.797825  72.358692  1.794
 78     4.027 54960.14235687  5.11 126.792255  72.355802  1.794
 78     4.819 54960.14235752  4.43 126.786695  72.352912  1.794
 78     5.293 54960.14235816  4.85 126.781135  72.350022  1.794
 79     5.838 54995.14237725 30.70 126.797350  72.363730 13.665
 79     6.448 54995.14237789 32.16 126.791790  72.360830 13.665
 79     6.650 54995.14237854 37.10 126.786220  72.357940 13.665
 79     6.941 54995.14237918 40.01 126.780660  72.355050 13.665
 79     7.119 54995.14237983 41.68 126.775100  72.352160 13.665
 80     2.621 55030.14236708 17.54 126.798087  72.364057  8.125
 80     3.118 55030.14236772 20.77 126.792527  72.361157  8.125
 80     3.948 55030.14236837 21.87 126.786957  72.358267  8.125
 80     4.405 55030.14236901 24.30 126.781397  72.355377  8.125
 80     4.768 55030.14236966 28.47 126.775837  72.352487  8.125
 81     3.201 55065.14235790 17.77 126.794514  72.363447  9.041
 81     3.711 55065.14235855 18.47 126.788944  72.360557  9.041
 81     4.010 55065.14235919 20.57 126.783384  72.357657  9.041
 81     4.488 55065.14235984 23.23 126.777824  72.354767  9.041
 82     2.070 55100.14230054 18.70 126.784424  72.369149  5.880
 82     2.592 55100.14230118 20.53 126.778854  72.366259  5.880
 82     3.315 55100.14230183 20.97 126.773294  72.363369  5.880
 82     4.049 55100.14230247 22.39 126.767734  72.360479  5.880
 82     4.415 55100.14230311 22.79 126.762174  72.357579  5.880
 83     4.343 55135.14230336 27.58 126.801510  72.360630  7.151
 83     4.348 55135.14230400 27.91 126.795940  72.357740  7.151
 83     4.324 55135.14230465 30.92 126.790380  72.354850  7.151
 83     4.359 55135.14230529 35.46 126.784820  72.351960  7.151
 83     4.454 55135.14230594 30.96 126.779260  72.349070  7.151
 84     1.487 55170.14226611 11.85 126.792529  72.366415  2.758
 84     2.128 55170.14226675 11.33 126.786959  72.363525  2.758
 84     2.973 55170.14226740 11.29 126.781399  72.360625  2.758
 84     3.496 55170.14226804 11.98 126.775839  72.357735  2.758
 84     4.237 55170.14226869 11.66 126.770279  72.354845  2.758
 85     2.540 55205.14229674  9.74 126.799537  72.359250  2.581
 85     3.350 55205.14229738  9.58 126.793967  72.356350  2.581
 85     4.060 55205.14229802  9.59 126.788407  72.353460  2.581
 85     3.912 55205.14229867 10.28 126.782847  72.350570  2.581
 86     2.249 55240.14227287  9.38 126.786678  72.365573  2.215
 86     3.015 55240.14227351  8.77 126.781108  72.362683  2.215
 86     3.958 55240.14227416  8.57 126.775548  72.359783  2.215
 86     4.427 55240.14227480  8.23 126.769988  72.356893  2.215
 87     1.727 55275.14228976  9.10 126.798005  72.365282  2.308
 87     2.568 55275.14229041  8.69 126.792445  72.362382  2.308
 87     3.581 55275.14229105  8.75 126.786875  72.359492  2.308
 87     4.420 55275.14229170  7.91 126.781315  72.356602  2.308
 87     4.945 55275.14229234  8.10 126.775755  72.353712  2.308
 88     1.805 55310.14225611  7.62 126.789653  72.367351  2.343
 88     2.835 55310.14225675  7.24 126.784093  72.364461  2.343
 88     3.837 55310.14225739  6.61 126.778523  72.361571  2.343
 88     4.696 55310.14225804  6.17 126.772963  72.358671  2.343
 88     5.407 55310.14225868  6.14 126.767403  72.355781  2.343
 89     5.455 55345.14225912 25.06 126.795659  72.361063 11.456
 89     5.376 55345.14225976 21.69 126.790089  72.358173 11.456
 89     5.146 55345.14226041 26.78 126.784529  72.355283 11.456
 89     5.241 55345.14226105 30.34 126.778969  72.352393 11.456
 90     3.345 55380.14225244 14.90 126.792738  72.364204  6.287
 90     3.961 55380.14225308 15.67 126.787178  72.361304  6.287
 90     4.186 55380.14225373 18.21 126.781608  72.358414  6.287
 90     4.550 55380.14225437 21.86 126.776048  72.355524  6.287
 91     3.112 55415.14227887 16.04 126.802724  72.359391  7.659
 91     3.660 55415.14227952 16.22 126.797154  72.356491  7.659
 91     4.077 55415.14228016 18.09 126.791594  72.353601  7.659
 91     3.870 55415.14228081 25.47 126.786034  72.350711  7.659
 91     3.983 55415.14228145 31.83 126.780474  72.347821  7.659
 92     1.959 55450.14226394 17.06 126.795865  72.366126  4.444
 92     2.688 55450.14226459 17.21 126.790295  72.363236  4.444
 92     3.168 55450.14226523 18.97 126.784735  72.360346  4.444
 92     3.583 55450.14226588 19.61 126.779175  72.357446  4.444
 92     4.108 55450.14226652 20.29 126.773615  72.354556  4.444
 93     2.633 55485.14218936 44.35 126.782217  72.367174 16.570
 93     2.706 55485.14219000 44.45 126.776647  72.364284 16.570
 93     2.684 55485.14219065 43.50 126.771087  72.361394 16.570
 93     2.551 55485.14219129 48.31 126.765527  72.358494 16.570
