# NaN NaN NaN ;Mean Elev.(m), Avg Gradient(m/km), RMS Gradient(m/km) - SRTM1     
#    5.007  -3.884   8.169 ;Mean Elev.(m), Avg Gradient(m/km), RMS Gradient(m/km) - ASTER GDEM
#   17.072  -3.011   7.434 ;Mean Elev.(m), Avg Gradient(m/km), RMS Gradient(m/km) - GMTED2010 
  7    18.337 52455.50500348 26.06 124.742720  69.430681 13.601
  7    18.396 52455.50500413 21.31 124.738520  69.433691 13.601
  7    18.292 52455.50500477 18.02 124.734310  69.436691 13.601
  7    18.048 52455.50500542 17.35 124.730110  69.439701 13.601
  7    18.311 52455.50500606 17.14 124.725900  69.442701 13.601
  7    25.043 52455.50500670 16.31 124.721700  69.445707 17.275
  7    25.912 52455.50500735 16.29 124.717490  69.448717 17.275
  7    27.210 52455.50500799 19.64 124.713280  69.451727 17.275
  8    16.263 52490.50497858 47.80 124.747853  69.434994 27.355
  8    15.688 52490.50497922 48.67 124.743653  69.438004 27.355
 10    15.120 52560.50500570 35.87 124.736800  69.429070 20.261
 10    14.693 52560.50500635 44.02 124.732600  69.432070 20.261
 10    14.923 52560.50500699 40.84 124.728389  69.435076 18.430
 10    14.896 52560.50500764 41.03 124.724189  69.438086 18.430
 10    14.787 52560.50500828 39.72 124.719979  69.441096 18.430
 10    14.726 52560.50500892 42.57 124.715779  69.444096 18.430
 10    15.089 52560.50500957 36.59 124.711569  69.447106 18.430
 11    13.195 52595.50501396 20.52 124.741340  69.429597  4.097
 11    13.119 52595.50501460 22.34 124.737140  69.432607  4.097
 11    13.248 52595.50501524 24.09 124.732930  69.435607  4.097
 11    13.850 52595.50501589 23.06 124.728730  69.438617  4.097
 11    13.119 52595.50501653 24.41 124.724520  69.441617  4.097
 11    14.272 52595.50501718 25.22 124.720320  69.444627  4.097
 11    25.482 52595.50501782 22.65 124.716110  69.447627  4.097
 12    22.501 52630.50494911 13.34 124.732457  69.431165  2.685
 12    23.594 52630.50494975 13.36 124.728247  69.434175  2.685
 12    24.281 52630.50495040 13.61 124.724047  69.437175  2.685
 12    24.978 52630.50495104 14.82 124.719837  69.440185  2.685
 12    25.505 52630.50495169 14.40 124.715627  69.443185  2.685
 12    25.658 52630.50495233 14.46 124.711417  69.446195  2.685
 14    21.312 52700.50494817  9.64 124.735441  69.429381  2.171
 14    23.101 52700.50494882  9.69 124.731241  69.432391  2.171
 14    24.098 52700.50494946  9.46 124.727031  69.435391  2.171
 14    24.945 52700.50495011  9.82 124.722821  69.438401  2.171
 14    25.471 52700.50495075 10.99 124.718621  69.441401  2.171
 14    26.130 52700.50495140 11.39 124.714411  69.444411  2.171
 15    21.429 52735.50498255  8.24 124.748596  69.435475  2.646
 15    22.263 52735.50498319  8.27 124.744386  69.438485  2.646
 15    24.473 52735.50498383  8.15 124.740186  69.441485  2.646
 15    25.071 52735.50498448  7.79 124.735986  69.444495  2.646
 15    24.953 52735.50498512  9.18 124.731776  69.447495  2.646
 15    25.241 52735.50498577  8.83 124.727566  69.450505  2.646
 15    24.429 52735.50498641  9.33 124.723356  69.453505  2.646
 15    25.554 52735.50498706  8.60 124.719153  69.456515  2.232
 18    19.985 52840.50506669 31.06 124.736294  69.428957 23.684
 18    19.350 52840.50506734 37.05 124.732094  69.431957 23.684
 18    19.388 52840.50506798 39.83 124.727894  69.434967 23.684
 18    19.493 52840.50506863 42.84 124.723684  69.437967 23.684
 18    19.592 52840.50506927 44.23 124.719474  69.440977 23.684
 18    19.913 52840.50506991 44.84 124.715274  69.443977 23.684
 18    19.431 52840.50507056 44.81 124.711064  69.446987 23.684
 19    15.380 52875.50510557 28.31 124.740230  69.428641 13.338
 19    15.367 52875.50510621 22.11 124.736030  69.431651 13.338
 19    16.139 52875.50510686 19.21 124.731820  69.434651 13.338
 19    17.017 52875.50510750 17.79 124.727620  69.437661 13.338
 19    16.106 52875.50510815 17.39 124.723410  69.440661 13.338
 19    24.353 52875.50510879 17.48 124.719200  69.443671 13.338
 19    25.047 52875.50510944 17.81 124.715000  69.446671 13.338
 20    18.970 52910.50507537 32.98 124.752957  69.436731 14.602
 20    14.166 52910.50507602 38.72 124.748757  69.439731 14.602
 20    14.236 52910.50507666 37.16 124.744557  69.442741 14.602
 20    14.300 52910.50507730 43.68 124.740345  69.445742 23.878
 20    14.381 52910.50507795 45.62 124.736145  69.448752 23.878
 20    14.335 52910.50507859 49.16 124.731935  69.451752 23.878
 20    14.196 52910.50507924 52.27 124.727725  69.454762 23.878
 20    14.339 52910.50507988 51.89 124.723515  69.457762 23.878
 20    14.219 52910.50508053 52.16 124.719305  69.460772 23.878
 23    18.279 53015.50506305 10.14 124.746106  69.434771  3.841
 23    18.168 53015.50506370  9.73 124.741910  69.437775  2.087
 23    17.295 53015.50506434  9.97 124.737700  69.440785  2.087
 23    16.340 53015.50506499 10.89 124.733500  69.443785  2.087
 23    16.174 53015.50506563 11.32 124.729290  69.446795  2.087
 23    16.558 53015.50506628 11.11 124.725090  69.449795  2.087
 23    16.502 53015.50506692 11.25 124.720880  69.452805  2.087
 23    22.107 53015.50506757 10.54 124.716670  69.455805  2.087
 24    18.779 53050.50503969  9.24 124.720461  69.439046  2.569
 24    15.735 53050.50504033  9.89 124.716261  69.442056  2.569
 24    16.685 53050.50504097  9.97 124.712051  69.445056  2.569
 25    20.631 53085.50507376  7.18 124.745511  69.430959  2.559
 25    19.139 53085.50507441  7.85 124.741311  69.433969  2.559
 25    20.091 53085.50507505  8.31 124.737111  69.436969  2.559
 25    18.220 53085.50507569  8.63 124.732911  69.439979  2.559
 25    21.758 53085.50507634  8.80 124.728701  69.442989  2.559
 25    22.641 53085.50507698  8.88 124.724501  69.445989  2.559
 25    21.846 53085.50507763  8.91 124.720291  69.448999  2.559
 25    22.666 53085.50507827  8.70 124.716081  69.451999  2.559
 26    16.768 53120.50504644  8.99 124.718114  69.440532  2.277
 26    17.604 53120.50504708  9.74 124.713914  69.443532  2.277
 27    15.933 53155.50509864 32.10 124.727130  69.434594 21.621
 27    16.431 53155.50509928 27.84 124.722920  69.437594 21.621
 34    18.968 53400.50504729 10.98 124.739829  69.428385  3.710
 34    21.231 53400.50504793 11.29 124.735629  69.431395  3.710
 34    21.797 53400.50504858 11.31 124.731419  69.434395  3.710
 34    23.263 53400.50504922 11.38 124.727219  69.437405  3.710
 34    23.185 53400.50504987 11.73 124.723009  69.440405  3.710
 34    23.312 53400.50505051 12.26 124.718809  69.443415  3.710
 34    22.939 53400.50505116 13.14 124.714599  69.446415  3.710
 35    19.926 53435.50503800  9.52 124.751553  69.435106  3.031
 35    19.491 53435.50503865  9.37 124.747353  69.438106  3.031
 35    20.731 53435.50503929  9.56 124.743153  69.441116  3.031
 35    20.044 53435.50503994  9.80 124.738943  69.444116  3.031
 35    17.782 53435.50504058 10.49 124.734743  69.447126  3.031
 35    21.481 53435.50504123 10.37 124.730533  69.450126  3.031
 35    22.755 53435.50504187 10.09 124.726330  69.453132  2.013
 35    23.850 53435.50504252  9.80 124.722120  69.456142  2.013
 35    24.079 53435.50504316  9.64 124.717910  69.459152  2.013
 37    17.577 53505.50512270 35.09 124.740440  69.431591 11.909
 37    18.043 53505.50512335 29.26 124.736240  69.434601 11.909
 37    17.797 53505.50512399 27.55 124.732030  69.437601 11.909
 37    17.230 53505.50512464 26.63 124.727830  69.440611 11.909
 37    16.729 53505.50512528 26.21 124.723620  69.443621 11.909
 37    17.077 53505.50512592 24.81 124.719420  69.446621 11.909
 37    17.534 53505.50512657 23.22 124.715210  69.449631 11.909
 38    19.693 53540.50512430 19.34 124.742332  69.431558 11.189
 38    19.228 53540.50512494 18.11 124.738122  69.434568 11.189
 38    18.607 53540.50512559 18.75 124.733922  69.437578 11.189
 38    18.146 53540.50512623 18.65 124.729722  69.440578 11.189
 38    24.779 53540.50512688 19.02 124.725512  69.443588 11.189
 38    26.015 53540.50512752 18.90 124.721305  69.446585 23.983
 38    26.715 53540.50512816 20.43 124.717095  69.449595 23.983
 39    18.484 53575.50511941 50.38 124.734264  69.442505 27.131
 39    17.377 53575.50512005 51.30 124.730064  69.445505 27.131
 39    17.233 53575.50512070 51.33 124.725854  69.448515 27.131
 39    17.132 53575.50512134 53.94 124.721654  69.451515 27.131
 39    17.373 53575.50512199 50.31 124.717444  69.454519 34.875
 40    18.567 53610.50506935 24.05 124.748846  69.438747  9.448
 40    18.640 53610.50506999 23.71 124.744636  69.441757  9.448
 40    18.066 53610.50507064 23.17 124.740436  69.444757  9.448
 40    17.395 53610.50507128 22.68 124.736226  69.447767  9.448
 40    16.826 53610.50507192 21.74 124.732026  69.450777  9.448
 40    16.322 53610.50507257 20.48 124.727817  69.453776 21.929
 40    23.434 53610.50507321 18.73 124.723607  69.456786 21.929
 40    24.851 53610.50507386 18.84 124.719397  69.459786 21.929
 42    13.377 53680.50508840 25.10 124.743537  69.430716 10.234
 42    13.423 53680.50508904 26.99 124.739337  69.433716 10.234
 42    13.253 53680.50508969 29.27 124.735137  69.436726 10.234
 42    13.536 53680.50509033 29.15 124.730927  69.439726 10.234
 43    13.191 53715.50501728 17.86 124.751148  69.437475  4.511
 43    13.610 53715.50501793 17.41 124.746948  69.440475  4.511
 43    13.801 53715.50501857 17.23 124.742748  69.443485  4.511
 43    14.022 53715.50501921 17.70 124.738538  69.446485  4.511
 43    14.297 53715.50501986 17.48 124.734328  69.449495  4.511
 43    14.357 53715.50502050 16.51 124.730128  69.452495  4.511
 43    14.707 53715.50502115 16.31 124.725913  69.455499  2.488
 43    13.942 53715.50502179 16.52 124.721703  69.458509  2.488
 43    20.635 53715.50502244 16.27 124.717493  69.461509  2.488
 44    14.312 53750.50493505 13.84 124.722220  69.437761  4.347
 44    14.265 53750.50493569 14.17 124.718010  69.440771  4.347
 44    14.017 53750.50493634 15.06 124.713800  69.443771  4.347
 45    12.978 53785.50496412 11.83 124.747818  69.434546  3.800
 45    14.039 53785.50496476 11.20 124.743618  69.437546  3.800
 45    14.481 53785.50496540 11.99 124.739408  69.440556  3.800
 45    15.522 53785.50496605 12.22 124.735208  69.443556  3.800
 45    14.699 53785.50496669 12.46 124.730998  69.446566  3.800
 45    15.001 53785.50496734 12.04 124.726798  69.449566  3.800
 45    16.733 53785.50496798 12.11 124.722589  69.452579  2.087
 45    22.422 53785.50496863 11.14 124.718379  69.455579  2.087
 46    18.502 53820.50492321  9.74 124.756905  69.440600  3.402
 46    17.183 53820.50492386 10.92 124.752705  69.443600  3.402
 46    17.462 53820.50492450  9.84 124.748495  69.446610  3.402
 46    17.280 53820.50492515  9.53 124.744295  69.449620  3.402
 46    19.972 53820.50492579  9.05 124.740085  69.452620  3.402
 46    21.148 53820.50492644  8.80 124.735885  69.455630  3.402
 46    20.703 53820.50492708  9.12 124.731675  69.458630  3.402
 46    22.596 53820.50492773  9.21 124.727465  69.461640  3.402
 46    22.940 53820.50492837  9.13 124.723255  69.464640  3.402
 47    19.911 53855.50500964  7.75 124.716484  69.441737  3.416
 47    17.338 53855.50501028  8.51 124.712274  69.444737  3.416
 48    26.326 53890.50501800 18.82 124.743661  69.433262  8.806
 48    26.943 53890.50501864 19.71 124.739461  69.436262  8.806
 48    27.336 53890.50501929 21.22 124.735251  69.439272  8.806
 48    27.614 53890.50501993 24.04 124.731051  69.442272  8.806
 48    27.963 53890.50502058 27.04 124.726841  69.445276 26.946
 48    28.095 53890.50502122 30.73 124.722631  69.448286 26.946
 48    28.297 53890.50502187 31.12 124.718421  69.451286 26.946
 48    28.184 53890.50502251 33.04 124.714211  69.454296 26.946
 50    14.497 53960.50506995 39.11 124.743323  69.432970 11.605
 50    14.305 53960.50507059 29.54 124.739123  69.435980 11.605
 50    15.589 53960.50507124 23.79 124.734913  69.438990 11.605
 50    16.299 53960.50507188 20.83 124.730713  69.441990 11.605
 54    14.044 54100.50502048 19.46 124.750949  69.435908  4.852
 54    14.033 54100.50502112 20.04 124.746749  69.438918  4.852
 54    14.053 54100.50502177 19.73 124.742539  69.441928  4.852
 54    14.270 54100.50502241 20.57 124.738339  69.444928  4.852
 54    14.371 54100.50502306 20.52 124.734139  69.447938  4.852
 54    14.538 54100.50502370 20.79 124.729929  69.450938  4.852
 54    14.211 54100.50502435 21.41 124.725719  69.453948  4.852
 54    15.304 54100.50502499 20.19 124.721509  69.456948  4.852
 54    15.500 54100.50502563 20.19 124.717299  69.459958  4.852
 55    16.177 54135.50498329 14.65 124.725961  69.435518  3.850
 55    22.650 54135.50498393 14.67 124.721751  69.438518  3.850
 55    14.817 54135.50498458 15.13 124.717551  69.441528  3.850
 55    14.044 54135.50498522 15.30 124.713341  69.444528  3.850
 58    15.525 54240.50502057 37.91 124.742968  69.431795 11.814
 58    15.502 54240.50502121 31.14 124.738768  69.434805 11.814
 58    15.624 54240.50502186 27.31 124.734559  69.437806 14.280
 58    15.636 54240.50502250 25.15 124.730359  69.440816 14.280
 58    15.397 54240.50502315 24.66 124.726149  69.443816 14.280
 58    15.145 54240.50502379 23.60 124.721939  69.446826 14.280
 59    22.343 54275.50503656 32.31 124.742015  69.432999  9.618
 59    22.266 54275.50503721 31.41 124.737805  69.436009  9.618
 59    22.430 54275.50503785 29.74 124.733609  69.439009 19.938
 59    22.559 54275.50503850 29.29 124.729399  69.442019 19.938
 59    22.491 54275.50503914 28.09 124.725189  69.445019 19.938
 59    22.476 54275.50503979 27.85 124.720989  69.448029 19.938
 59    22.495 54275.50504043 27.02 124.716779  69.451029 19.938
 61    18.762 54345.50501338 23.69 124.751701  69.436975 14.425
 61    18.373 54345.50501403 23.29 124.747491  69.439985 14.425
 61    17.670 54345.50501467 22.36 124.743293  69.442989 19.633
 61    16.864 54345.50501532 22.70 124.739083  69.445999 19.633
 61    16.219 54345.50501596 22.96 124.734883  69.448999 19.633
 61    16.057 54345.50501661 22.72 124.730673  69.452009 19.633
 61    16.087 54345.50501725 21.71 124.726463  69.455009 19.633
 61    16.369 54345.50501789 21.50 124.722253  69.458019 19.633
 61    16.337 54345.50501854 32.27 124.718043  69.461019 19.633
 62    18.147 54380.50497391 20.76 124.735825  69.430584  9.159
 62    23.670 54380.50497455 17.46 124.731625  69.433584  9.159
 62    25.147 54380.50497520 18.14 124.727425  69.436594  9.159
 62    25.164 54380.50497584 19.89 124.723215  69.439594  9.159
 62    26.410 54380.50497649 19.65 124.719006  69.442607 15.400
 63    14.426 54415.50496125 17.10 124.748258  69.432660  7.197
 63    14.653 54415.50496189 17.40 124.744058  69.435660  7.197
 63    14.616 54415.50496253 18.57 124.739858  69.438670  7.197
 63    14.453 54415.50496318 19.03 124.735658  69.441680  7.197
 63    14.439 54415.50496382 19.65 124.731453  69.444678  3.090
 63    14.918 54415.50496447 19.47 124.727243  69.447688  3.090
 63    14.839 54415.50496511 19.49 124.723033  69.450688  3.090
 63    14.336 54415.50496576 19.82 124.718823  69.453698  3.090
 63    13.867 54415.50496640 19.23 124.714613  69.456698  3.090
 65    16.986 54485.50495664  9.95 124.744975  69.431538  2.783
 65    18.206 54485.50495729  9.25 124.740775  69.434548  2.783
 65    17.817 54485.50495793  9.39 124.736575  69.437548  2.783
 65    19.658 54485.50495858  8.75 124.732365  69.440558  2.783
 65    23.109 54485.50495922  9.33 124.728165  69.443558  2.783
 65    22.994 54485.50495987  9.36 124.723955  69.446568  2.783
 65    22.713 54485.50496051 10.11 124.719745  69.449568  2.783
 65    23.532 54485.50496116  9.70 124.715535  69.452578  2.783
 66    19.137 54520.50495501  8.99 124.739328  69.429328  2.762
 66    18.952 54520.50495565  9.00 124.735128  69.432328  2.762
 66    19.423 54520.50495630  8.62 124.730918  69.435338  2.762
 66    22.507 54520.50495694  8.83 124.726718  69.438338  2.762
 66    18.633 54520.50495759  9.54 124.722508  69.441348  2.762
 66    24.223 54520.50495823  9.17 124.718308  69.444348  2.762
 66    22.785 54520.50495888  9.42 124.714098  69.447358  2.762
 67    22.607 54555.50496852  5.25 124.747521  69.436278  2.682
 67    22.459 54555.50496917  6.50 124.743311  69.439288  2.682
 67    21.411 54555.50496981  7.81 124.739111  69.442288  2.682
 67    16.732 54555.50497046  9.20 124.734911  69.445298  2.682
 67    19.949 54555.50497110  8.91 124.730701  69.448298  2.682
 67    22.291 54555.50497175  8.73 124.726491  69.451308  2.682
 67    22.832 54555.50497239  8.11 124.722291  69.454308  2.682
 67    24.074 54555.50497304  8.00 124.718081  69.457318  2.682
 68    18.985 54590.50495129  6.19 124.740026  69.430511  2.324
 68    19.712 54590.50495194  6.08 124.735826  69.433511  2.324
 68    19.614 54590.50495258  6.07 124.731616  69.436521  2.324
 68    18.695 54590.50495323  6.48 124.727416  69.439521  2.324
 68    18.384 54590.50495387  6.80 124.723206  69.442531  2.324
 68    19.942 54590.50495452  6.57 124.719006  69.445531  2.324
 68    24.055 54590.50495516  6.73 124.714796  69.448541  2.324
 69    21.582 54625.50496818 23.96 124.743421  69.433920 14.586
 69    20.619 54625.50496882 25.05 124.739221  69.436920 14.586
 69    19.805 54625.50496947 23.86 124.735011  69.439930 14.586
 69    19.047 54625.50497011 23.55 124.730811  69.442930 14.586
 69    25.376 54625.50497076 22.60 124.726601  69.445940 14.586
 69    26.483 54625.50497140 21.83 124.722401  69.448940 14.586
 69    27.064 54625.50497205 22.43 124.718191  69.451950 14.586
 70    16.538 54660.50497588 33.51 124.741331  69.430634 18.179
 70    16.887 54660.50497653 28.44 124.737121  69.433644 18.179
 70    16.397 54660.50497717 27.65 124.732921  69.436644 18.179
 70    16.656 54660.50497782 29.81 124.728721  69.439654 18.179
 70    16.691 54660.50497846 35.53 124.724511  69.442654 18.179
 70    16.707 54660.50497911 41.92 124.720301  69.445664 18.179
 70    16.634 54660.50497975 45.66 124.716101  69.448664 18.179
 71    18.025 54695.50495558 48.62 124.742284  69.439094 30.279
 71    17.939 54695.50495622 48.71 124.738074  69.442104 30.279
 71    18.087 54695.50495687 47.40 124.733874  69.445104 30.279
 71    18.009 54695.50495751 49.80 124.729664  69.448114 30.279
 71    17.952 54695.50495816 50.74 124.725454  69.451114 30.279
 71    18.024 54695.50495880 51.15 124.721254  69.454124 30.279
 71    18.024 54695.50495945 50.07 124.717034  69.457124 30.279
 72    20.250 54730.50493094 14.65 124.738068  69.428908 11.203
 72    20.338 54730.50493158 14.78 124.733868  69.431918 11.203
 72    20.347 54730.50493223 15.02 124.729658  69.434918 11.203
 72    24.712 54730.50493287 15.80 124.725458  69.437928 11.203
 72    26.066 54730.50493352 14.06 124.721248  69.440928 11.203
 72    26.604 54730.50493416 14.40 124.717038  69.443938 11.203
 72    24.871 54730.50493481 25.77 124.712838  69.446938 11.203
 75    14.055 54835.50492406 15.82 124.745599  69.431245  3.719
 75    14.252 54835.50492470 15.52 124.741399  69.434245  3.719
 75    14.456 54835.50492535 15.94 124.737199  69.437255  3.719
 75    14.501 54835.50492599 16.42 124.732989  69.440255  3.719
 75    14.666 54835.50492663 16.21 124.728789  69.443265  3.719
 75    14.573 54835.50492728 16.71 124.724579  69.446265  3.719
 75    14.223 54835.50492792 17.25 124.720369  69.449275  3.719
 75    14.111 54835.50492857 17.42 124.716159  69.452275  3.719
 76    13.557 54870.50492367 14.88 124.725862  69.435429  4.264
 76    13.716 54870.50492431 15.18 124.721652  69.438439  4.264
 76    13.665 54870.50492496 15.47 124.717452  69.441439  4.264
 76    13.586 54870.50492560 15.57 124.713242  69.444449  4.264
 77    14.154 54905.50493330 12.49 124.748591  69.436073  3.537
 77    14.158 54905.50493395 12.31 124.744391  69.439073  3.537
 77    13.900 54905.50493459 12.60 124.740191  69.442083  3.537
 77    14.148 54905.50493524 12.59 124.735991  69.445093  3.537
 77    13.991 54905.50493588 12.96 124.731781  69.448093  3.537
 77    14.742 54905.50493653 12.78 124.727571  69.451103  3.537
 77    13.784 54905.50493717 13.93 124.723371  69.454103  3.537
 77    15.212 54905.50493781 13.48 124.719161  69.457113  3.537
 78    39.143 54940.50491422  3.02 124.738093  69.428991  3.187
 78    35.237 54940.50491486  4.25 124.733893  69.432001  3.187
 78    23.360 54940.50491551  8.39 124.729683  69.435001  3.187
 78    16.383 54940.50491615 10.38 124.725483  69.438011  3.187
 78    16.359 54940.50491680 11.60 124.721273  69.441011  3.187
 78    14.378 54940.50491744 11.01 124.717063  69.444021  3.187
 78    15.509 54940.50491809 11.04 124.712863  69.447021  3.187
 79    20.512 54975.50494378 22.37 124.742086  69.430263 12.310
 79    19.992 54975.50494443 25.73 124.737886  69.433263 12.310
 79    19.817 54975.50494507 24.78 124.733676  69.436273 12.310
 80    21.265 55010.50495510 48.82 124.745774  69.432254 30.016
 80    20.588 55010.50495897 51.16 124.720544  69.450294 30.016
 80    20.615 55010.50495961 51.66 124.716334  69.453294 30.016
 81    17.189 55045.50494610 31.67 124.741838  69.431673 18.041
 81    17.068 55045.50494675 24.00 124.737638  69.434683 18.041
 81    15.712 55045.50494739 24.77 124.733428  69.437683 18.041
 81    15.844 55045.50494803 23.83 124.729228  69.440693 18.041
 81    16.090 55045.50494868 25.41 124.725018  69.443693 18.041
 81    16.055 55045.50494932 36.35 124.720808  69.446703 18.041
 81    15.966 55045.50494997 43.23 124.716608  69.449703 18.041
 82    18.592 55080.50492149 24.51 124.748506  69.437528 25.295
 82    17.530 55080.50492214 25.41 124.744296  69.440538 25.295
 82    16.993 55080.50492278 25.01 124.740096  69.443548 25.295
 82    16.764 55080.50492343 26.48 124.735896  69.446548 25.295
 82    16.385 55080.50492601 49.78 124.719056  69.458568 25.295
 83    16.513 55115.50487761 23.33 124.740483  69.428592  5.868
 83    21.324 55115.50487825 17.69 124.736273  69.431592  5.868
 83    23.223 55115.50487890 16.62 124.732073  69.434602  5.868
 83    24.871 55115.50487954 16.14 124.727873  69.437602  5.868
 83    25.491 55115.50488018 16.61 124.723663  69.440612  5.868
 83    26.250 55115.50488083 17.95 124.719453  69.443612  5.868
 83    26.443 55115.50488147 19.88 124.715243  69.446622  5.868
 84    12.922 55150.50487724 21.22 124.744244  69.431592  5.707
 84    12.973 55150.50487788 21.72 124.740044  69.434592  5.707
 84    13.236 55150.50487853 22.56 124.735844  69.437602  5.707
 85    13.949 55185.50486440 17.22 124.722975  69.437264  3.751
 85    14.231 55185.50486504 16.80 124.718765  69.440274  3.751
 85    14.715 55185.50486569 17.48 124.714565  69.443274  3.751
 86    13.688 55220.50487543 13.48 124.746113  69.432339  2.939
 86    13.891 55220.50487608 13.08 124.741913  69.435349  2.939
 86    14.102 55220.50487672 13.47 124.737713  69.438359  2.939
 86    16.849 55220.50487737 13.04 124.733503  69.441359  2.939
 86    14.744 55220.50487801 13.88 124.729303  69.444369  2.939
 86    15.149 55220.50487866 13.52 124.725093  69.447369  2.939
 86    13.975 55220.50487930 13.79 124.720883  69.450379  2.939
 86    16.929 55220.50487995 13.73 124.716673  69.453379  2.939
 87    16.735 55255.50485893 12.86 124.736701  69.431407  3.246
 87    13.340 55255.50485958 12.54 124.732491  69.434417  3.246
 87    16.984 55255.50486022 11.68 124.728291  69.437417  3.246
 87    14.835 55255.50486087 11.83 124.724081  69.440427  3.246
 87    14.786 55255.50486151 12.57 124.719881  69.443427  3.246
 87    14.217 55255.50486216 12.99 124.715671  69.446437  3.246
 88    14.342 55290.50486512 12.12 124.750374  69.435763  3.906
 88    13.114 55290.50486577 12.83 124.746174  69.438773  3.906
 88    14.229 55290.50486641 12.17 124.741974  69.441773  3.906
 88    14.672 55290.50486705 11.94 124.737764  69.444783  3.906
 88    11.842 55290.50486770 12.68 124.733564  69.447793  3.906
 88    13.932 55290.50486834 12.44 124.729354  69.450793  3.906
 88    13.672 55290.50486899 12.37 124.725144  69.453803  3.906
 88    13.735 55290.50486963 11.57 124.720944  69.456803  3.906
 88    11.728 55290.50487028 12.05 124.716734  69.459813  3.906
 89    22.044 55325.50484472 11.28 124.741225  69.431316 10.496
 89    24.022 55325.50484536 10.24 124.737025  69.434326 10.496
 89    24.926 55325.50484601 10.53 124.732815  69.437326 10.496
 89    25.813 55325.50484665 10.93 124.728615  69.440336 10.496
 89    26.271 55325.50484730 14.00 124.724405  69.443336 10.496
 90    19.462 55360.50484226 25.67 124.744148  69.434013 11.186
 90    19.387 55360.50484291 25.55 124.739948  69.437013 11.186
 90    19.127 55360.50484355 25.20 124.735738  69.440023 11.186
 90    19.064 55360.50484420 24.33 124.731538  69.443033 11.186
 90    18.842 55360.50484484 24.60 124.727328  69.446033 11.186
 90    18.612 55360.50484549 24.22 124.723118  69.449043 11.186
 90    26.321 55360.50484613 24.15 124.718918  69.452043 11.186
 90    26.809 55360.50484677 25.96 124.714708  69.455053 11.186
 91    18.751 55395.50484754 20.51 124.735741  69.431107  8.648
 91    18.954 55395.50484819 21.47 124.731541  69.434107  8.648
 91    19.067 55395.50484883 22.45 124.727341  69.437117  8.648
 91    18.688 55395.50484947 23.23 124.723131  69.440117  8.648
 91    22.062 55395.50485012 19.40 124.718921  69.443127  8.648
 91    24.911 55395.50485076 19.41 124.714721  69.446127  8.648
 92    17.792 55430.50485740 32.12 124.743145  69.431983 21.704
 92    17.738 55430.50485804 22.32 124.738945  69.434983 21.704
 92    17.808 55430.50485869 19.48 124.734735  69.437993 21.704
 93    14.657 55465.50481980 27.63 124.750787  69.439405 13.387
 93    14.695 55465.50482045 28.91 124.746587  69.442415 13.387
 93    14.822 55465.50482109 25.94 124.742377  69.445415 13.387
 93    15.085 55465.50482174 23.59 124.738177  69.448425 13.387
 93    26.056 55465.50482238 20.38 124.733967  69.451435 13.387
 93    26.733 55465.50482303 18.65 124.729757  69.454435 13.387
 93    26.397 55465.50482367 19.32 124.725557  69.457445 13.387
 93    26.187 55465.50482432 19.29 124.721337  69.460445 13.387
