# NaN NaN NaN ;Mean Elev.(m), Avg Gradient(m/km), RMS Gradient(m/km) - SRTM1     
#   60.733   0.742  26.950 ;Mean Elev.(m), Avg Gradient(m/km), RMS Gradient(m/km) - ASTER GDEM
#   66.564   0.806  27.498 ;Mean Elev.(m), Avg Gradient(m/km), RMS Gradient(m/km) - GMTED2010 
  8 129.958289  62.447873    79.028    79.004 13 52512.50948408 46.784
 10 129.925950  62.466925    82.403    82.403  2 52582.50953415 25.010
 11 129.934146  62.464669    81.741    81.713  7 52617.50950628 22.048
 12 129.930235  62.465672    81.544    81.428  6 52652.50948134 19.342
 13 129.938795  62.465051    81.048    81.047 10 52687.50947853 19.920
 14 129.923691  62.468100    81.228    81.228  2 52722.50952674 14.660
 19 129.927954  62.466839    82.332    82.341  4 52897.50964334 39.994
 20 129.936829  62.464795    80.939    80.928  8 52932.50958904 47.977
 23 129.934112  62.466267    81.499    81.493  8 53037.50956833 20.087
 24 129.924070  62.468871    81.443    81.443  2 53072.50959441 18.635
 25 129.939189  62.464157    81.802    81.903 10 53107.50956846 17.314
 27 129.926958  62.466758    87.983    87.989  3 53177.50962657 46.031
 28 129.923766  62.468490    83.794    83.794  2 53212.50964709 26.329
 29 129.935977  62.464656    82.001    81.985  9 53247.50961485 45.896
 31 129.925116  62.467154    82.263    82.263  2 53317.50960803 20.694
 32 129.938941  62.465546    82.826    82.692 10 53352.50957308 18.118
 34 129.936041  62.465076    82.306    82.317  8 53422.50956695 16.586
 37 129.932700  62.465175    84.566    84.594  6 53527.50963752 39.349
 38 129.923800  62.467647    84.781    84.781  2 53562.50966736 31.817
 39 129.940272  62.464622    83.977    83.782 10 53597.50960613 34.655
 42 129.937539  62.464495    82.407    83.102  9 53702.50956950 18.956
 43 129.969835  62.440662    85.121    86.057 15 53737.50947404 17.897
 50 129.935424  62.464742    83.702    83.721  8 53982.50955631 49.156
 52 129.934580  62.465415    83.255    83.287  8 54052.50957898 22.030
 53 129.935281  62.464347    83.939    83.961  8 54087.50957063 15.578
 54 129.967061  62.441574    85.363    85.504 14 54122.50948940 14.496
 55 129.925850  62.467049    82.680    82.680  2 54157.50953337 14.485
 56 129.954265  62.450677    84.806    85.455 13 54192.50949077 12.077
 59 129.931447  62.464461    84.633    84.550  5 54297.50956847 25.679
 60 129.935539  62.464900    83.639    83.544  8 54332.50955871 26.998
 61 129.953721  62.449433    84.453    85.119 12 54367.50949648 27.234
 62 129.930800  62.465568    81.280    81.293  5 54402.50950182 50.241
 63 129.935784  62.465937    83.637    83.634  9 54437.50945887 18.422
 65 129.949802  62.453383    84.136    84.469 12 54507.50946750 15.792
 66 129.930799  62.464835    82.795    82.609  5 54542.50950150 12.822
 67 129.953745  62.449400    85.249    85.353 12 54577.50946906  9.317
 68 129.930253  62.465293    86.203    86.217  5 54612.50949268 48.243
 69 129.926134  62.467715    85.357    85.357  2 54647.50950014 28.241
 70 129.931846  62.465603    82.767    82.791  6 54682.50950031 46.718
 71 129.954375  62.449297    87.027    87.011 12 54717.50944470 29.246
 73 129.936348  62.465682    82.944    82.676  9 54787.50943829 39.333
 75 129.937695  62.464931    82.571    82.563  9 54857.50943419 16.016
 76 129.928976  62.466612    82.735    82.650  5 54892.50946976 14.838
 77 129.947950  62.455622    83.743    84.086 11 54927.50943030 12.814
 79 129.924630  62.468065    87.387    87.387  2 54997.50949040 51.687
 80 129.929099  62.465616    84.186    84.171  4 55032.50947933 44.699
 81 129.936075  62.464346    84.695    84.597  8 55067.50946765 23.203
 82 129.952384  62.451076    83.481    83.493 13 55102.50940410 45.362
 84 129.938455  62.464817    82.473    82.465 10 55172.50937552 21.197
 86 129.942625  62.461851    82.084    82.315  8 55242.50937951 14.608
 87 129.932435  62.464842    82.775    82.937  6 55277.50940229 12.786
 88 129.939693  62.465036    84.540    84.026 11 55312.50936581 28.153
 89 129.932068  62.465188    85.471    85.472  7 55347.50937252 51.272
 90 129.932840  62.465875    82.775    82.760  7 55382.50936360 49.843
 92 129.937077  62.465381    83.070    83.081  9 55452.50937315 49.762
 93 129.957305  62.449278    81.414    81.447 15 55487.50929165 47.965
