# NaN NaN NaN ;Mean Elev.(m), Avg Gradient(m/km), RMS Gradient(m/km) - SRTM1     
#    4.267  -6.431  11.595 ;Mean Elev.(m), Avg Gradient(m/km), RMS Gradient(m/km) - ASTER GDEM
#   16.996  -5.508  11.676 ;Mean Elev.(m), Avg Gradient(m/km), RMS Gradient(m/km) - GMTED2010 
  8    33.134 52506.50304830  5.31 125.091171  69.696933  6.581
  8    33.583 52506.50304894  7.26 125.086871  69.699933  6.581
  8    33.030 52506.50305023 12.68 125.078261  69.705933  6.581
  8    34.866 52506.50305152 13.90 125.069651  69.711923  6.581
  8    34.135 52506.50305217 13.92 125.065341  69.714923  6.581
  8    17.263 52506.50305281 13.79 125.061041  69.717913  6.581
  8    17.418 52506.50305346 13.32 125.056731  69.720913  6.581
  8    16.677 52506.50305410 13.84 125.052411  69.723913  6.581
  8    15.903 52506.50305475 14.52 125.048101  69.726903  6.581
  8    14.717 52506.50305539 17.00 125.043791  69.729903  6.581
  8    15.091 52506.50305604 18.10 125.039481  69.732903  6.581
  8    15.601 52506.50305668 20.22 125.035161  69.735893  6.581
  8    15.430 52506.50305732 24.05 125.030851  69.738893  6.581
  8    15.513 52506.50305797 27.34 125.026531  69.741893  6.581
  9    26.876 52541.50302856 12.32 125.090402  69.685412  6.137
  9    22.539 52541.50302921 17.69 125.086102  69.688402  6.137
  9    22.438 52541.50302985 19.58 125.081802  69.691402  6.137
  9    22.041 52541.50303050 20.37 125.077502  69.694402  6.137
  9    22.663 52541.50303114 17.86 125.073192  69.697392  6.137
  9    22.568 52541.50303179 16.13 125.068892  69.700392  6.137
  9    21.906 52541.50303243 16.26 125.064582  69.703392  6.137
  9    21.190 52541.50303308 16.78 125.060272  69.706392  6.137
  9    20.818 52541.50303372 16.75 125.055962  69.709382  6.137
  9    20.170 52541.50303437 15.79 125.051652  69.712382  6.137
  9    20.158 52541.50303501 15.68 125.047342  69.715382  6.137
  9    19.101 52541.50303566 15.99 125.043032  69.718372  6.137
  9    20.216 52541.50303630 17.15 125.038722  69.721372  6.137
  9    20.680 52541.50303695 18.03 125.034402  69.724362  6.137
  9    20.954 52541.50303759 18.29 125.030092  69.727362  6.137
  9    21.212 52541.50303823 21.37 125.025772  69.730352  6.137
 10    21.644 52576.50307718 20.39 125.093817  69.686683  7.661
 10    13.380 52576.50307782 24.61 125.089523  69.689684  8.520
 10    13.773 52576.50307847 23.35 125.085223  69.692684  8.520
 10    13.419 52576.50307911 34.22 125.080913  69.695674  8.520
 10    13.569 52576.50307976 25.54 125.076613  69.698674  8.520
 10    13.100 52576.50308040 24.58 125.072313  69.701674  8.520
 10    13.549 52576.50308105 28.80 125.068003  69.704664  8.520
 10    11.920 52576.50308169 26.80 125.063703  69.707664  8.520
 11    23.059 52611.50304197 14.46 125.090024  69.698645  4.357
 11    22.652 52611.50304261 15.47 125.085724  69.701635  4.357
 11    22.395 52611.50304326 14.19 125.081414  69.704635  4.357
 11    21.583 52611.50304390 14.47 125.077114  69.707635  4.357
 11    20.521 52611.50304455 14.36 125.072804  69.710635  4.357
 11    19.502 52611.50304519 14.78 125.068504  69.713625  4.357
 11    18.824 52611.50304584 15.30 125.064194  69.716625  4.357
 11    17.585 52611.50304648 14.99 125.059884  69.719625  4.357
 11    16.736 52611.50304713 15.82 125.055574  69.722615  4.357
 11    14.735 52611.50304777 16.65 125.051264  69.725615  4.357
 11    12.955 52611.50304841 17.67 125.046954  69.728615  4.357
 11    12.758 52611.50304906 16.97 125.042644  69.731605  4.357
 11    16.390 52611.50304970 15.61 125.038324  69.734605  4.357
 11    17.157 52611.50305035 15.78 125.034006  69.737601  2.481
 11    20.582 52611.50305099 14.70 125.029696  69.740601  2.481
 12    26.516 52646.50302631 10.64 125.094025  69.686961  3.665
 12    25.056 52646.50302695 11.04 125.089725  69.689961  3.665
 12    23.588 52646.50302760 11.58 125.085425  69.692961  3.665
 12    23.096 52646.50302824 11.45 125.081125  69.695961  3.665
 12    23.160 52646.50302888 10.90 125.076825  69.698951  3.665
 12    22.942 52646.50302953 10.86 125.072515  69.701951  3.665
 12    21.651 52646.50303017 11.39 125.068215  69.704951  3.665
 12    20.709 52646.50303082 11.69 125.063905  69.707941  3.665
 12    19.901 52646.50303146 11.66 125.059595  69.710941  3.665
 12    19.144 52646.50303211 12.16 125.055285  69.713941  3.665
 12    18.346 52646.50303275 12.03 125.050985  69.716931  3.665
 12    16.793 52646.50303340 12.36 125.046665  69.719931  3.665
 12    14.935 52646.50303404 13.16 125.042355  69.722931  3.665
 12    14.038 52646.50303469 14.05 125.038045  69.725921  3.665
 12    18.938 52646.50303533 13.56 125.033725  69.728921  3.665
 12    19.887 52646.50303598 12.23 125.029415  69.731921  3.665
 12    21.243 52646.50303662 11.84 125.025095  69.734911  3.665
 13    19.339 52681.50300365  9.04 125.072491  69.718078  2.605
 13    18.470 52681.50300429  9.81 125.068191  69.721068  2.605
 13    17.522 52681.50300494 10.73 125.063871  69.724068  2.605
 13    17.489 52681.50300558 10.52 125.059561  69.727068  2.605
 13    17.815 52681.50300623 11.48 125.055251  69.730068  2.605
 13    16.897 52681.50300687 11.51 125.050941  69.733058  2.605
 13    18.387 52681.50300752 10.79 125.046621  69.736058  2.605
 13    18.759 52681.50300816 10.47 125.042311  69.739058  2.605
 13    19.884 52681.50300881 10.19 125.037991  69.742048  2.605
 13    19.677 52681.50300945 10.56 125.033671  69.745048  2.605
 15    23.717 52751.50308236  5.64 125.081487  69.701151  2.594
 15    23.051 52751.50308300  6.14 125.077187  69.704151  2.594
 15    22.168 52751.50308365  6.63 125.072887  69.707151  2.594
 15    20.798 52751.50308429  8.40 125.068577  69.710151  2.594
 15    20.357 52751.50308494  8.68 125.064277  69.713141  2.594
 15    19.705 52751.50308558  8.37 125.059967  69.716141  2.594
 15    18.893 52751.50308622  7.77 125.055667  69.719141  2.594
 15    18.264 52751.50308687  8.28 125.051357  69.722131  2.594
 15    18.721 52751.50308751  8.14 125.047047  69.725131  2.594
 15    18.750 52751.50308816  8.70 125.042737  69.728131  2.594
 15    19.109 52751.50308880  8.82 125.038417  69.731121  2.594
 15    18.664 52751.50308945  8.88 125.034107  69.734121  2.594
 15    20.982 52751.50309009  8.48 125.029796  69.737120  1.898
 15    21.618 52751.50309074  8.75 125.025476  69.740110  1.898
 16    29.012 52786.50302394  7.73 125.078698  69.685673  6.705
 16    27.637 52786.50302458  7.51 125.074388  69.688673  6.705
 16    25.612 52786.50302523  7.69 125.070088  69.691673  6.705
 16    11.677 52786.50302651 22.27 125.061478  69.697663  6.705
 16    10.853 52786.50302716 25.32 125.057178  69.700663  6.705
 16    11.405 52786.50302780 19.55 125.052868  69.703653  6.705
 16    12.826 52786.50302845 17.55 125.048558  69.706653  6.705
 16    14.335 52786.50302909 16.24 125.044248  69.709653  6.705
 16    20.690 52786.50302974 16.26 125.039938  69.712653  6.705
 16    15.343 52786.50303038 17.59 125.035628  69.715643  6.705
 16    12.814 52786.50303103 19.90 125.031318  69.718643  6.705
 16    12.090 52786.50303167 22.35 125.026998  69.721633  6.705
 16    11.241 52786.50303232 27.32 125.022688  69.724633  6.705
 17    87.200 52821.50309644  4.48 125.090501  69.682227  3.919
 17    86.861 52821.50309709  3.24 125.086201  69.685227  3.919
 17    84.177 52821.50309773  3.51 125.081901  69.688227  3.919
 17    82.661 52821.50309838  1.06 125.077601  69.691217  3.919
 17    37.291 52821.50310225  3.87 125.051771  69.709197  3.919
 17    34.116 52821.50310289  4.71 125.047461  69.712197  3.919
 17    34.165 52821.50310354  3.59 125.043151  69.715197  3.919
 17    22.751 52821.50310418 11.04 125.038841  69.718197  3.919
 17    22.638 52821.50310482 13.47 125.034521  69.721187  3.919
 17    22.691 52821.50310547 13.88 125.030211  69.724187  3.919
 17    22.274 52821.50310611 14.13 125.025891  69.727177  3.919
 17    22.497 52821.50310676 15.54 125.021581  69.730177  3.919
 18    15.245 52856.50314688 46.41 125.078063  69.697457 17.860
 18    15.272 52856.50314753 49.14 125.073763  69.700457 17.860
 18    15.301 52856.50314817 47.65 125.069453  69.703457 17.860
 18    15.711 52856.50314882 48.74 125.065143  69.706447 17.860
 18    15.905 52856.50314946 45.87 125.060843  69.709447 17.860
 18    15.358 52856.50315011 50.42 125.056533  69.712447 17.860
 18    14.865 52856.50315075 48.91 125.052223  69.715437 17.860
 19    84.712 52891.50317769  5.80 125.090532  69.690066  4.497
 19    82.928 52891.50317834  4.21 125.086232  69.693056  4.497
 19    81.123 52891.50317898  3.30 125.081932  69.696056  4.497
 19    79.220 52891.50317962  1.94 125.077632  69.699056  4.497
 19    77.050 52891.50318027  1.13 125.073322  69.702056  4.497
 19    74.311 52891.50318091  0.50 125.069022  69.705046  4.497
 19    69.469 52891.50318220  0.04 125.060412  69.711046  4.497
 19    33.684 52891.50318414  8.50 125.047482  69.720036  4.497
 19    32.868 52891.50318478  8.26 125.043172  69.723026  4.497
 19    32.274 52891.50318543  6.38 125.038852  69.726026  4.497
 19    21.456 52891.50318607 13.10 125.034542  69.729026  4.497
 19    20.822 52891.50318672 18.44 125.030232  69.732016  4.497
 19    19.990 52891.50318736 21.49 125.025912  69.735016  4.497
 19    19.740 52891.50318801 23.48 125.021592  69.738016  4.497
 20    13.657 52926.50313523 34.28 125.073388  69.716758 11.196
 20    12.309 52926.50313587 38.43 125.069078  69.719758 11.196
 20    13.392 52926.50313652 32.49 125.064768  69.722748 11.196
 20    13.308 52926.50313716 32.44 125.060458  69.725748 11.196
 21    27.309 52961.50309895  3.20 125.082977  69.693439  5.329
 21    22.536 52961.50309959  9.70 125.078677  69.696429  5.329
 21    22.393 52961.50310024  9.09 125.074367  69.699429  5.329
 21    11.353 52961.50310153 20.02 125.065757  69.705419  5.329
 21    11.535 52961.50310217 19.51 125.061447  69.708419  5.329
 21    11.269 52961.50310282 19.53 125.057137  69.711419  5.329
 21    12.099 52961.50310346 19.16 125.052827  69.714409  5.329
 21    12.040 52961.50310411 19.95 125.048517  69.717409  5.329
 21    12.560 52961.50310475 19.75 125.044207  69.720409  5.329
 21    12.468 52961.50310540 19.25 125.039897  69.723399  5.329
 21    11.972 52961.50310604 19.98 125.035577  69.726399  5.329
 22    50.000 52996.50313904  1.58 125.086793  69.692945  3.173
 22    22.634 52996.50313969  6.01 125.082493  69.695945  3.173
 22    22.752 52996.50314033  5.91 125.078193  69.698945  3.173
 22    21.947 52996.50314098  6.05 125.073883  69.701935  3.173
 22    17.169 52996.50314162 11.45 125.069583  69.704935  3.173
 22    11.216 52996.50314227 13.90 125.065273  69.707935  3.173
 22    11.909 52996.50314291 13.37 125.060973  69.710925  3.173
 22    12.382 52996.50314356 12.99 125.056663  69.713925  3.173
 22    14.739 52996.50314420 12.46 125.052353  69.716925  3.173
 22    14.378 52996.50314484 12.54 125.048043  69.719915  3.173
 22    14.197 52996.50314549 12.35 125.043733  69.722915  3.173
 22    13.147 52996.50314613 13.00 125.039421  69.725912  2.289
 22    13.485 52996.50314678 12.62 125.035101  69.728912  2.289
 22    13.900 52996.50314742 12.61 125.030791  69.731902  2.289
 22    13.538 52996.50314807 12.39 125.026471  69.734902  2.289
 22    14.846 52996.50314871 12.36 125.022161  69.737892  2.289
 23    17.479 53031.50310462 11.51 125.072526  69.717189  3.093
 23    17.506 53031.50310527 11.15 125.068226  69.720189  3.093
 23    16.290 53031.50310591 11.04 125.063916  69.723189  3.093
 23    14.828 53031.50310656 11.30 125.059606  69.726179  3.093
 23    12.983 53031.50310720 12.12 125.055296  69.729179  3.093
 23    12.354 53031.50310785 11.86 125.050976  69.732179  3.093
 23    12.175 53031.50310849 11.86 125.046666  69.735169  3.093
 23    14.857 53031.50310914 10.57 125.042349  69.738170  2.127
 23    13.592 53031.50310978 11.33 125.038039  69.741160  2.127
 23    16.649 53031.50311042 10.96 125.033719  69.744160  2.127
 24    52.565 53066.50310847  0.03 125.089226  69.693586  2.848
 24    23.305 53066.50310912  4.63 125.084926  69.696586  2.848
 24    23.161 53066.50310976  4.09 125.080626  69.699586  2.848
 24    22.930 53066.50311041  4.58 125.076316  69.702586  2.848
 24    19.876 53066.50311105  9.58 125.072016  69.705576  2.848
 24    10.297 53066.50311170 11.13 125.067706  69.708576  2.848
 24    18.074 53066.50311234 10.47 125.063406  69.711576  2.848
 24    16.739 53066.50311299  9.89 125.059096  69.714566  2.848
 24    16.968 53066.50311363  9.65 125.054786  69.717566  2.848
 24    15.625 53066.50311428  9.14 125.050476  69.720566  2.848
 24    14.625 53066.50311492  9.75 125.046156  69.723556  2.848
 24    13.346 53066.50311556 10.45 125.041846  69.726556  2.848
 24    15.447 53066.50311621  9.39 125.037528  69.729551  1.991
 24    15.006 53066.50311685  9.50 125.033218  69.732551  1.991
 24    16.764 53066.50311750  9.41 125.028898  69.735541  1.991
 24    16.250 53066.50311814  9.60 125.024578  69.738541  1.991
 25    18.691 53101.50311109  9.43 125.072476  69.716199  2.841
 25    17.888 53101.50311174  8.45 125.068166  69.719189  2.841
 25    17.815 53101.50311238  8.24 125.063856  69.722189  2.841
 25    17.921 53101.50311302  7.75 125.059546  69.725189  2.841
 25    16.873 53101.50311367  8.01 125.055236  69.728189  2.841
 25    16.857 53101.50311431  8.67 125.050926  69.731179  2.841
 25    17.607 53101.50311496  8.51 125.046616  69.734179  2.841
 25    17.712 53101.50311560  8.60 125.042306  69.737179  2.841
 25    18.922 53101.50311625  8.73 125.037986  69.740169  2.841
 25    18.540 53101.50311689  8.79 125.033676  69.743169  2.841
 26    42.225 53136.50311457  1.12 125.061066  69.712635  2.433
 26    37.693 53136.50311522  2.87 125.056756  69.715635  2.433
 26    16.556 53136.50311586  8.52 125.052446  69.718625  2.433
 26    14.865 53136.50311651  9.56 125.048126  69.721625  2.433
 26    15.290 53136.50311715  9.54 125.043817  69.724623  2.451
 26    15.849 53136.50311779  8.72 125.039507  69.727613  2.451
 26    17.130 53136.50311844  8.58 125.035187  69.730613  2.451
 26    16.932 53136.50311908  8.15 125.030867  69.733613  2.451
 26    17.403 53136.50311973  8.20 125.026557  69.736603  2.451
 26    17.342 53136.50312037  8.31 125.022237  69.739603  2.451
 27    85.657 53171.50316020  4.57 125.091274  69.687766  4.786
 27    84.157 53171.50316085  3.51 125.086974  69.690766  4.786
 27    82.249 53171.50316149  2.03 125.082664  69.693756  4.786
 27    80.290 53171.50316214  0.44 125.078364  69.696756  4.786
 27    33.474 53171.50316665  9.44 125.048224  69.717736  4.786
 27    33.466 53171.50316730  5.91 125.043914  69.720736  4.786
 27    21.909 53171.50316859 15.35 125.035284  69.726726  4.786
 27    22.153 53171.50316923 15.95 125.030974  69.729726  4.786
 27    22.484 53171.50316987 17.36 125.026654  69.732716  4.786
 27    22.638 53171.50317052 18.40 125.022334  69.735716  4.786
 30    33.954 53276.50311141 12.37 125.084337  69.682892 10.062
 30    34.650 53276.50311206 16.10 125.080037  69.685892 10.062
 30    34.669 53276.50311270 14.88 125.075737  69.688882 10.062
 30    35.196 53276.50311335 17.84 125.071437  69.691882 10.062
 30    14.226 53276.50311464 41.04 125.062827  69.697872 10.062
 30    13.964 53276.50311528 42.47 125.058517  69.700872 10.062
 30    13.901 53276.50311593 39.85 125.054217  69.703872 10.062
 30    14.305 53276.50311657 31.21 125.049907  69.706872 10.062
 30    14.470 53276.50311721 31.75 125.045597  69.709862 10.062
 30    14.486 53276.50311786 33.01 125.041287  69.712862 10.062
 30    14.695 53276.50311850 34.19 125.036967  69.715852 10.062
 30    14.393 53276.50311915 37.98 125.032657  69.718852 10.062
 34    23.425 53416.50309769  7.03 125.093691  69.697066  2.738
 34    23.380 53416.50309834  7.60 125.089391  69.700066  2.738
 34    23.079 53416.50309898  7.59 125.085091  69.703056  2.738
 34    21.195 53416.50309963  9.47 125.080781  69.706056  2.738
 34    20.758 53416.50310027  9.45 125.076481  69.709056  2.738
 34    20.411 53416.50310091  8.62 125.072171  69.712056  2.738
 34    19.737 53416.50310156  8.80 125.067861  69.715046  2.738
 34    18.519 53416.50310220  8.48 125.063551  69.718046  2.738
 34    17.350 53416.50310285  8.91 125.059241  69.721046  2.738
 34    16.451 53416.50310349 10.16 125.054931  69.724036  2.738
 34    14.675 53416.50310414 10.57 125.050621  69.727036  2.738
 34    16.324 53416.50310478 10.92 125.046311  69.730036  2.738
 34    19.200 53416.50310543 10.48 125.041991  69.733026  2.738
 34    18.090 53416.50310607  9.85 125.037681  69.736026  2.738
 34    20.017 53416.50310672  9.44 125.033359  69.739018  1.964
 34    19.983 53416.50310736  9.36 125.029039  69.742018  1.964
 35    22.538 53451.50309628  5.59 125.064442  69.696085  2.473
 35    22.440 53451.50309693  5.04 125.060142  69.699085  2.473
 35    20.429 53451.50309757  7.60 125.055832  69.702075  2.473
 35    20.020 53451.50309822  8.07 125.051522  69.705075  2.473
 35    18.968 53451.50309886  8.47 125.047212  69.708075  2.473
 35    17.485 53451.50309950  8.28 125.042902  69.711065  2.473
 35    16.591 53451.50310015  7.96 125.038592  69.714065  2.473
 35    15.469 53451.50310079  7.90 125.034282  69.717065  2.473
 35    16.032 53451.50310144  7.94 125.029962  69.720055  2.473
 35    15.073 53451.50310208  8.38 125.025652  69.723055  2.473
 35    19.397 53451.50310273  8.50 125.021332  69.726045  2.473
 35    21.042 53451.50310337  8.14 125.017017  69.729050  1.825
 36    35.171 53486.50318364  3.44 125.059117  69.706789  2.350
 36    36.003 53486.50318428  3.54 125.054807  69.709789  2.350
 36    20.155 53486.50318493  6.78 125.050497  69.712789  2.350
 36    18.856 53486.50318557  7.51 125.046187  69.715779  2.350
 36    17.032 53486.50318621  7.28 125.041877  69.718779  2.350
 36    18.071 53486.50318686  7.13 125.037567  69.721779  2.350
 36    18.482 53486.50318750  7.38 125.033257  69.724769  2.350
 36    17.729 53486.50318815  7.46 125.028947  69.727769  2.350
 36    19.560 53486.50318879  6.93 125.024629  69.730764  1.632
 36    22.106 53486.50318944  6.46 125.020309  69.733764  1.632
 37    51.640 53521.50317348 11.23 125.091939  69.695372  9.815
 37    51.512 53521.50317412 10.72 125.087639  69.698372  9.815
 37    50.633 53521.50317477  9.73 125.083339  69.701362  9.815
 37    49.749 53521.50317541  8.83 125.079029  69.704362  9.815
 37    53.480 53521.50317606  8.19 125.074729  69.707362  9.815
 37    48.163 53521.50317670  8.11 125.070419  69.710362  9.815
 37    27.697 53521.50317928 39.65 125.053179  69.722342  9.815
 37    26.472 53521.50317992 45.56 125.048869  69.725342  9.815
 37    26.774 53521.50318057 41.63 125.044559  69.728342  9.815
 37    27.609 53521.50318121 28.03 125.040249  69.731332  9.815
 37    27.326 53521.50318186 27.05 125.035929  69.734332  9.815
 37    27.359 53521.50318250 27.09 125.031617  69.737328 19.281
 37    27.489 53521.50318315 26.96 125.027297  69.740328 19.281
 38    17.130 53556.50319634 36.80 125.094548  69.687559 11.913
 38    17.310 53556.50319698 38.73 125.090248  69.690559 11.913
 38    17.401 53556.50319762 40.77 125.085948  69.693559 11.913
 38    17.458 53556.50319827 40.57 125.081648  69.696549 11.913
 38    17.319 53556.50319891 40.99 125.077348  69.699549 11.913
 38    16.993 53556.50319956 40.18 125.073048  69.702549 11.913
 38    17.029 53556.50320020 38.42 125.068738  69.705549 11.913
 39    17.891 53591.50314222 11.94 125.065605  69.725325 12.371
 39    18.057 53591.50314286 11.18 125.061295  69.728315 12.371
 39    18.567 53591.50314351 11.70 125.056985  69.731315 12.371
 39    19.022 53591.50314415 12.29 125.052675  69.734315 12.371
 39    19.944 53591.50314479 12.08 125.048355  69.737305 12.371
 39    19.770 53591.50314544 14.14 125.044045  69.740305 12.371
 39    20.453 53591.50314608 13.86 125.039726  69.743300 18.539
 40    88.864 53626.50312067  1.92 125.086709  69.676214  7.967
 40    87.684 53626.50312132  0.44 125.082409  69.679214  7.967
 40    36.189 53626.50312519  2.71 125.056599  69.697194  7.967
 40    35.952 53626.50312583  6.91 125.052289  69.700184  7.967
 40    36.328 53626.50312648  8.98 125.047979  69.703184  7.967
 40    36.308 53626.50312712  9.93 125.043679  69.706184  7.967
 40    15.690 53626.50312906 39.31 125.030739  69.715174  7.967
 40    15.788 53626.50312970 44.81 125.026429  69.718164  7.967
 40    15.502 53626.50313035 49.09 125.022119  69.721164  7.967
 40    16.227 53626.50313099 45.74 125.017799  69.724164  7.967
 41    13.259 53661.50314819 40.96 125.090360  69.687559 16.887
 41    13.296 53661.50314883 44.37 125.086060  69.690559 16.887
 41    11.891 53661.50314948 46.74 125.081760  69.693559 16.887
 41    12.634 53661.50315012 45.22 125.077460  69.696549 16.887
 41    11.157 53661.50315850 33.55 125.021424  69.735511  7.273
 42    23.187 53696.50311859 10.96 125.093246  69.698370  5.834
 42    22.899 53696.50311924 11.01 125.088946  69.701370  5.834
 42    11.352 53696.50312182 18.66 125.071726  69.713350  5.834
 42    11.848 53696.50312246 19.51 125.067426  69.716350  5.834
 42    11.990 53696.50312311 20.18 125.063116  69.719350  5.834
 42    12.414 53696.50312375 20.25 125.058806  69.722350  5.834
 42    12.150 53696.50312440 21.44 125.054496  69.725340  5.834
 42    12.046 53696.50312504 21.85 125.050186  69.728340  5.834
 44    24.096 53766.50301285  6.90 125.088664  69.693637  3.705
 44    22.908 53766.50301350  7.19 125.084364  69.696627  3.705
 44    23.006 53766.50301414  5.87 125.080054  69.699627  3.705
 44    21.956 53766.50301479  7.95 125.075754  69.702627  3.705
 44    16.653 53766.50301543 12.42 125.071444  69.705627  3.705
 44    14.549 53766.50301608 11.71 125.067144  69.708617  3.705
 44    17.863 53766.50301672 11.64 125.062834  69.711617  3.705
 44    17.163 53766.50301737 11.25 125.058524  69.714617  3.705
 44    15.388 53766.50301801 11.85 125.054214  69.717607  3.705
 44    14.442 53766.50301866 11.66 125.049904  69.720607  3.705
 44    13.027 53766.50301930 12.66 125.045584  69.723607  3.705
 44    12.650 53766.50301994 13.76 125.041274  69.726597  3.705
 44    12.389 53766.50302059 13.14 125.036964  69.729597  3.705
 44    12.310 53766.50302123 13.45 125.032642  69.732588  2.312
 44    13.551 53766.50302188 12.02 125.028322  69.735588  2.312
 44    12.505 53766.50302252 12.50 125.024012  69.738578  2.312
 45    17.972 53801.50301984  8.56 125.070434  69.720224  3.402
 45    16.354 53801.50302048  8.80 125.066124  69.723214  3.402
 45    14.485 53801.50302112  9.71 125.061814  69.726214  3.402
 45    12.696 53801.50302177 10.96 125.057504  69.729214  3.402
 45    11.626 53801.50302241 11.55 125.053194  69.732204  3.402
 45    11.525 53801.50302306 11.63 125.048884  69.735204  3.402
 45    11.274 53801.50302370  9.99 125.044567  69.738202  2.170
 45    14.897 53801.50302435  9.62 125.040247  69.741202  2.170
 45    14.810 53801.50302499  9.87 125.035937  69.744192  2.170
 45    17.466 53801.50302564  9.33 125.031617  69.747192  2.170
 46    22.515 53836.50302451  2.92 125.061926  69.700681  2.396
 46    20.408 53836.50302516  6.26 125.057616  69.703671  2.396
 46    19.210 53836.50302580  8.19 125.053316  69.706671  2.396
 46    17.507 53836.50302645  8.62 125.049006  69.709671  2.396
 46    16.825 53836.50302709  8.33 125.044696  69.712661  2.396
 46    15.685 53836.50302774  8.14 125.040386  69.715661  2.396
 46    15.482 53836.50302838  7.97 125.036066  69.718651  2.396
 46    14.865 53836.50302903  8.17 125.031756  69.721651  2.396
 46    14.705 53836.50302967  8.53 125.027446  69.724651  2.396
 46    15.193 53836.50303032  8.82 125.023126  69.727641  2.396
 46    15.570 53836.50303096  8.82 125.018806  69.730641  2.396
 47    22.493 53871.50307687  5.44 125.093444  69.687864  6.068
 47    25.086 53871.50307751  4.65 125.089144  69.690864  6.068
 47    23.003 53871.50307816  8.26 125.084844  69.693864  6.068
 47    22.206 53871.50307880  9.69 125.080534  69.696864  6.068
 47    21.795 53871.50307945  9.07 125.076234  69.699854  6.068
 47    21.033 53871.50308009  8.06 125.071934  69.702854  6.068
 47    19.650 53871.50308074  8.60 125.067624  69.705854  6.068
 47    19.271 53871.50308138  9.11 125.063324  69.708844  6.068
 47    15.754 53871.50308203 10.47 125.059014  69.711844  6.068
 47    11.246 53871.50308267 11.69 125.054704  69.714844  6.068
 47    10.736 53871.50308332 14.14 125.050394  69.717834  6.068
 47    10.434 53871.50308396 16.23 125.046084  69.720834  6.068
 47    10.552 53871.50308461 16.20 125.041774  69.723834  6.068
 47    11.285 53871.50308525 15.44 125.037454  69.726824  6.068
 47    16.171 53871.50308589 12.49 125.033144  69.729824  6.068
 47    17.242 53871.50308654 12.50 125.028829  69.732818  5.807
 48    86.280 53906.50311563  4.54 125.092509  69.686930  4.392
 48    84.425 53906.50311628  3.66 125.088209  69.689930  4.392
 48    82.786 53906.50311692  1.78 125.083909  69.692930  4.392
 48    80.831 53906.50311756  1.11 125.079609  69.695930  4.392
 48    34.559 53906.50312143  6.60 125.053769  69.713910  4.392
 48    34.066 53906.50312208  6.53 125.049469  69.716910  4.392
 48    32.840 53906.50312272  8.28 125.045159  69.719900  4.392
 48    21.430 53906.50312337 12.49 125.040842  69.722901 16.464
 48    21.252 53906.50312401 14.48 125.036532  69.725891 16.464
 48    21.563 53906.50312466 14.71 125.032212  69.728891 16.464
 48    22.270 53906.50312530 15.17 125.027902  69.731891 16.464
 48    22.434 53906.50312595 18.13 125.023582  69.734881 16.464
 49    46.864 53941.50314397 11.06 125.092409  69.685411 13.407
 49    46.778 53941.50314462 13.03 125.088109  69.688411 13.407
 49    48.933 53941.50314526 13.87 125.083809  69.691411 13.407
 49    46.504 53941.50314591 12.18 125.079509  69.694401 13.407
 49    46.719 53941.50314655  6.91 125.075209  69.697401 13.407
 49    35.845 53941.50314720 17.59 125.070909  69.700401 13.407
 49    35.870 53941.50314784 17.92 125.066599  69.703401 13.407
 49    36.493 53941.50314848 17.63 125.062299  69.706391 13.407
 49    15.545 53941.50314977 43.84 125.053689  69.712391 13.407
 49    15.624 53941.50315042 46.21 125.049379  69.715391 13.407
 49    15.762 53941.50315106 44.87 125.045069  69.718381 13.407
 49    16.468 53941.50315171 44.93 125.040759  69.721381 13.407
 49    16.388 53941.50315235 44.67 125.036449  69.724381 13.407
 49    16.421 53941.50315300 44.45 125.032129  69.727371 13.407
 49    16.411 53941.50315364 45.23 125.027819  69.730371 13.407
 50    20.398 53976.50310475 11.55 125.072514  69.714635  6.881
 50    18.654 53976.50310539 11.68 125.068204  69.717635  6.881
 50    18.694 53976.50310604 12.11 125.063904  69.720635  6.881
 50    17.610 53976.50310668 12.62 125.059594  69.723635  6.881
 50    18.080 53976.50310733 13.36 125.055284  69.726625  6.881
 50    18.996 53976.50310797 14.54 125.050974  69.729625  6.881
 50    19.724 53976.50310862 14.11 125.046654  69.732625  6.881
 50    20.534 53976.50310926 13.71 125.042344  69.735615  6.881
 50    20.759 53976.50310991 14.29 125.038024  69.738615  6.881
 50    20.379 53976.50311055 17.68 125.033714  69.741615  6.881
 50    17.043 53976.50311120 20.47 125.029394  69.744605  6.881
 51    20.923 54011.50310636  7.66 125.053635  69.705677  4.055
 51    18.943 54011.50310700 12.79 125.049335  69.708677  4.055
 51    17.191 54011.50310765 13.10 125.045025  69.711667  4.055
 51    20.696 54011.50310829 13.26 125.040705  69.714667  4.055
 51    21.849 54011.50310894 12.66 125.036395  69.717667  4.055
 51    20.103 54011.50310958 12.99 125.032085  69.720657  4.055
 51    21.468 54011.50311022 13.55 125.027765  69.723657  4.055
 51    21.846 54011.50311087 14.21 125.023455  69.726647  4.055
 51    22.412 54011.50311151 16.82 125.019135  69.729647  4.055
 52    12.472 54046.50311691 27.66 125.091134  69.694911  9.050
 52    12.629 54046.50311755 26.37 125.086834  69.697911  9.050
 52    12.598 54046.50311820 24.03 125.082534  69.700911  9.050
 52    12.107 54046.50311884 24.17 125.078224  69.703911  9.050
 52    12.235 54046.50311949 23.90 125.073924  69.706901  9.050
 53    22.522 54081.50311052 22.88 125.092073  69.698841  5.919
 53    21.934 54081.50311116 22.13 125.087773  69.701841  5.919
 53    11.943 54081.50311181 22.77 125.083473  69.704831  5.919
 53    11.978 54081.50311955 21.78 125.031743  69.740791  5.919
 53    11.398 54081.50312019 21.84 125.027433  69.743791  5.919
 54    17.476 54116.50304787 15.12 125.072924  69.721446  3.758
 54    16.725 54116.50304852 15.09 125.068614  69.724446  3.758
 54    14.802 54116.50304916 16.37 125.064304  69.727446  3.758
 54    12.800 54116.50304981 17.42 125.059994  69.730436  3.758
 54    12.495 54116.50305045 17.80 125.055684  69.733436  3.758
 54    12.737 54116.50305110 17.16 125.051374  69.736436  3.758
 54    13.151 54116.50305174 16.34 125.047054  69.739426  3.758
 54    18.673 54116.50305239 16.76 125.042739  69.742427  2.299
 54    18.376 54116.50305303 16.31 125.038429  69.745417  2.299
 55    22.371 54151.50306149 12.35 125.081429  69.698588  3.722
 55    21.728 54151.50306214 11.84 125.077129  69.701588  3.722
 55    21.368 54151.50306278 11.79 125.072829  69.704588  3.722
 55    20.001 54151.50306342 13.10 125.068519  69.707588  3.722
 55    19.693 54151.50306407 12.19 125.064209  69.710578  3.722
 55    18.733 54151.50306471 12.66 125.059909  69.713578  3.722
 55    17.718 54151.50306536 11.83 125.055599  69.716578  3.722
 55    16.333 54151.50306600 11.91 125.051289  69.719568  3.722
 55    15.403 54151.50306665 12.51 125.046979  69.722568  3.722
 55    14.368 54151.50306729 13.08 125.042659  69.725568  3.722
 55    14.587 54151.50306794 13.02 125.038349  69.728558  3.722
 55    15.270 54151.50306858 12.53 125.034039  69.731558  3.722
 55    19.067 54151.50306923 12.53 125.029719  69.734548  3.722
 55    17.271 54151.50306987 12.30 125.025399  69.737548  3.722
 56    18.771 54186.50304000  9.87 125.072288  69.719745  3.368
 56    17.820 54186.50304064  9.61 125.067978  69.722745  3.368
 56    16.889 54186.50304129  9.75 125.063668  69.725745  3.368
 56    17.451 54186.50304193 10.57 125.059358  69.728735  3.368
 56    15.910 54186.50304258 11.56 125.055048  69.731735  3.368
 56    18.224 54186.50304322 11.37 125.050728  69.734735  3.368
 56    18.411 54186.50304387 10.62 125.046418  69.737725  3.368
 56    18.974 54186.50304451 10.52 125.042098  69.740725  3.368
 56    18.819 54186.50304515 10.94 125.037785  69.743722  1.936
 56    20.006 54186.50304580 11.15 125.033465  69.746722  1.936
 57    85.588 54221.50306911  0.01 125.089405  69.688247  2.282
 57    79.797 54221.50307105  0.27 125.076495  69.697247  2.282
 57    60.127 54221.50307169  0.21 125.072195  69.700237  2.282
 57    55.784 54221.50307234  0.08 125.067885  69.703237  2.282
 57    66.751 54221.50307298  0.76 125.063585  69.706237  2.282
 57    44.950 54221.50307363  1.20 125.059275  69.709237  2.282
 57    41.661 54221.50307427  1.28 125.054965  69.712227  2.282
 57    38.542 54221.50307492  2.51 125.050655  69.715227  2.282
 57    35.248 54221.50307556  4.27 125.046345  69.718227  2.282
 57    32.610 54221.50307620  6.03 125.042035  69.721217  2.282
 57    30.649 54221.50307685  6.36 125.037725  69.724217  2.282
 57    29.309 54221.50307749  6.19 125.033405  69.727207  2.282
 57    27.916 54221.50307814  6.19 125.029095  69.730207  2.282
 57    26.868 54221.50307878  5.98 125.024775  69.733207  2.282
 57    25.491 54221.50307943  5.73 125.020455  69.736196  1.502
 58    84.844 54256.50309244  5.12 125.094739  69.691214  5.396
 58    82.900 54256.50309308  4.50 125.090439  69.694214  5.396
 58    81.161 54256.50309373  3.03 125.086139  69.697214  5.396
 58    78.911 54256.50309437  2.41 125.081839  69.700214  5.396
 58    76.878 54256.50309502  1.94 125.077539  69.703204  5.396
 58    74.008 54256.50309566  1.98 125.073229  69.706204  5.396
 58    39.340 54256.50309631  6.70 125.068929  69.709204  5.396
 58    34.544 54256.50309760 10.96 125.060309  69.715194  5.396
 58    34.601 54256.50309824  7.96 125.055999  69.718194  5.396
 58    22.802 54256.50309953 18.22 125.047379  69.724184  5.396
 58    22.811 54256.50310017 20.16 125.043069  69.727184  5.396
 58    23.361 54256.50310082 20.65 125.038749  69.730184  5.396
 58    24.031 54256.50310146 20.61 125.034439  69.733174  5.396
 58    24.772 54256.50310211 20.77 125.030119  69.736174  5.396
 58    24.734 54256.50310275 24.97 125.025801  69.739168 23.381
 59    83.695 54291.50309462  1.45 125.093304  69.693370  4.262
 59    35.261 54291.50309849  9.86 125.067484  69.711360  4.262
 59    35.451 54291.50309913  8.45 125.063174  69.714350  4.262
 59    34.789 54291.50309978  7.27 125.058864  69.717350  4.262
 59    18.299 54291.50310042 12.84 125.054554  69.720350  4.262
 59    18.814 54291.50310107 12.84 125.050244  69.723340  4.262
 59    19.269 54291.50310171 13.10 125.045934  69.726340  4.262
 59    19.805 54291.50310235 12.98 125.041624  69.729340  4.262
 59    20.892 54291.50310300 13.37 125.037304  69.732330  4.262
 59    20.456 54291.50310364 15.37 125.032994  69.735330  4.262
 59    20.324 54291.50310429 17.33 125.028673  69.738323 10.382
 59    19.958 54291.50310493 19.64 125.024353  69.741323 10.382
 60    82.945 54326.50309209  4.25 125.095229  69.695136  7.148
 60    81.232 54326.50309274  2.81 125.090929  69.698136  7.148
 60    79.190 54326.50309338  2.82 125.086629  69.701136  7.148
 60    76.918 54326.50309402  2.44 125.082329  69.704126  7.148
 60    74.048 54326.50309467  2.93 125.078019  69.707126  7.148
 60    40.366 54326.50309531  6.39 125.073719  69.710126  7.148
 60    34.628 54326.50309660 15.96 125.065099  69.716116  7.148
 60    34.851 54326.50309725 14.26 125.060789  69.719116  7.148
 60    36.099 54326.50309789 12.10 125.056479  69.722116  7.148
 60    15.339 54326.50309918 35.16 125.047859  69.728106  7.148
 60    15.403 54326.50309983 29.88 125.043549  69.731106  7.148
 60    15.927 54326.50310047 24.35 125.039229  69.734096  7.148
 60    17.016 54326.50310112 24.28 125.034919  69.737096  7.148
 60    16.754 54326.50310176 28.86 125.030598  69.740089 14.187
 60    17.057 54326.50310241 27.79 125.026278  69.743089 14.187
 61    37.909 54361.50304835  7.52 125.073407  69.720912  4.880
 61    37.306 54361.50304900  5.20 125.069107  69.723912  4.880
 61    32.196 54361.50304964 10.55 125.064797  69.726912  4.880
 61    18.214 54361.50305029 15.80 125.060487  69.729912  4.880
 61    18.563 54361.50305093 17.24 125.056167  69.732902  4.880
 61    19.673 54361.50305158 16.95 125.051857  69.735902  4.880
 61    19.898 54361.50305222 16.24 125.047547  69.738902  4.880
 61    19.641 54361.50305287 16.87 125.043227  69.741892  4.880
 61    19.367 54361.50305351 17.80 125.038909  69.744892 11.381
 62    33.158 54396.50303141  9.96 125.091659  69.691480 13.577
 62    33.099 54396.50303206 13.88 125.087359  69.694480 13.577
 62    32.809 54396.50303270 14.47 125.083059  69.697470 13.577
 62    33.119 54396.50303335 14.17 125.078759  69.700470 13.577
 62    12.177 54396.50303464 41.31 125.070149  69.706460 13.577
 62    12.192 54396.50303528 41.81 125.065839  69.709460 13.577
 62    12.203 54396.50303593 39.02 125.061539  69.712460 13.577
 62    12.944 54396.50303657 36.55 125.057229  69.715450 13.577
 62    13.126 54396.50303721 39.40 125.052919  69.718450 13.577
 62    12.954 54396.50303786 40.16 125.048609  69.721450 13.577
 62    12.845 54396.50303850 43.22 125.044289  69.724440 13.577
 63    17.865 54431.50299768 11.92 125.071986  69.717587  3.388
 63    17.152 54431.50299832 11.50 125.067676  69.720587  3.388
 63    16.783 54431.50299897 11.49 125.063366  69.723577  3.388
 63    15.967 54431.50299961 11.84 125.059056  69.726577  3.388
 63    13.099 54431.50300026 12.83 125.054746  69.729577  3.388
 63    12.644 54431.50300090 13.65 125.050426  69.732567  3.388
 63    12.431 54431.50300155 12.82 125.046116  69.735567  3.388
 63    17.473 54431.50300219 12.04 125.041806  69.738567  3.388
 63    19.079 54431.50300284 11.60 125.037486  69.741557  3.388
 63    19.900 54431.50300348 11.44 125.033166  69.744557  3.388
 64    50.407 54466.50301285  1.02 125.084578  69.693290  2.902
 64    22.882 54466.50301350  6.60 125.080268  69.696280  2.902
 64    22.962 54466.50301414  6.52 125.075968  69.699280  2.902
 64    21.559 54466.50301479  8.43 125.071668  69.702280  2.902
 64    19.076 54466.50301543 10.59 125.067358  69.705280  2.902
 64    20.299 54466.50301608 10.60 125.063048  69.708270  2.902
 64    16.672 54466.50301672 10.96 125.058748  69.711270  2.902
 64    17.945 54466.50301737 10.22 125.054438  69.714270  2.902
 64    16.075 54466.50301801 10.17 125.050128  69.717260  2.902
 64    16.081 54466.50301866 10.52 125.045818  69.720260  2.902
 64    15.293 54466.50301930 10.91 125.041498  69.723250  2.902
 64    14.480 54466.50301995 10.83 125.037188  69.726250  2.902
 64    14.607 54466.50302059 10.87 125.032868  69.729250  2.902
 64    19.577 54466.50302123  9.83 125.028558  69.732240  2.902
 64    20.416 54466.50302188  9.61 125.024238  69.735240  2.902
 65    20.539 54501.50301069  7.64 125.072509  69.713919  2.643
 65    19.282 54501.50301134  7.37 125.068199  69.716909  2.643
 65    18.606 54501.50301198  7.31 125.063899  69.719909  2.643
 65    17.865 54501.50301263  7.62 125.059589  69.722909  2.643
 65    17.558 54501.50301327  8.27 125.055279  69.725909  2.643
 65    17.684 54501.50301392  8.45 125.050959  69.728899  2.643
 65    17.544 54501.50301456  8.80 125.046649  69.731899  2.643
 65    19.234 54501.50301520  8.02 125.042339  69.734889  2.643
 65    18.976 54501.50301585  7.74 125.038019  69.737889  2.643
 65    20.060 54501.50301649  7.72 125.033699  69.740889  2.643
 65    20.222 54501.50301714  7.69 125.029389  69.743879  2.643
 66    21.358 54536.50303149  4.08 125.069509  69.710786  2.414
 66    20.181 54536.50303213  6.09 125.065209  69.713786  2.414
 66    18.366 54536.50303278  8.51 125.060899  69.716776  2.414
 66    17.165 54536.50303342  9.20 125.056589  69.719776  2.414
 66    16.662 54536.50303407  8.81 125.052279  69.722776  2.414
 66    16.043 54536.50303471  8.62 125.047969  69.725766  2.414
 66    17.963 54536.50303536  8.57 125.043649  69.728766  2.414
 66    18.487 54536.50303600  8.50 125.039335  69.731762  1.762
 66    17.971 54536.50303665  8.28 125.035025  69.734762  1.762
 66    20.180 54536.50303729  7.93 125.030705  69.737752  1.762
 66    20.489 54536.50303793  7.87 125.026385  69.740752  1.762
 67    19.846 54571.50301382  5.63 125.071611  69.719025  2.189
 67    19.547 54571.50301446  5.96 125.067311  69.722025  2.189
 67    20.072 54571.50301511  5.54 125.063001  69.725025  2.189
 67    20.356 54571.50301575  5.21 125.058691  69.728015  2.189
 67    19.576 54571.50301640  6.08 125.054371  69.731015  2.189
 67    19.805 54571.50301704  6.17 125.050061  69.734015  2.189
 67    20.332 54571.50301769  5.93 125.045751  69.737005  2.189
 67    20.659 54571.50301833  5.49 125.041431  69.740005  2.189
 67    21.396 54571.50301898  5.77 125.037113  69.743003  1.653
 67    20.711 54571.50301962  5.93 125.032803  69.746003  1.653
 68    22.391 54606.50302152 14.49 125.091038  69.692375  8.014
 68    12.359 54606.50302281 20.70 125.082438  69.698365  8.014
 68    12.886 54606.50302346 15.41 125.078128  69.701365  8.014
 68    12.317 54606.50302410 14.21 125.073828  69.704365  8.014
 68    18.180 54606.50302475 14.12 125.069518  69.707365  8.014
 68    18.646 54606.50302539 13.36 125.065218  69.710355  8.014
 68    17.251 54606.50302604 13.10 125.060908  69.713355  8.014
 68    16.741 54606.50302668 13.96 125.056598  69.716355  8.014
 68    15.843 54606.50302733 15.43 125.052288  69.719345  8.014
 68    15.433 54606.50302797 16.32 125.047978  69.722345  8.014
 68    14.505 54606.50302862 17.52 125.043668  69.725345  8.014
 68    11.870 54606.50303055 25.67 125.030721  69.734331 11.617
 68    13.749 54606.50303119 26.78 125.026401  69.737331 11.617
 69    83.540 54641.50303080  4.96 125.094877  69.693771  5.409
 69    81.479 54641.50303144  4.54 125.090577  69.696771  5.409
 69    79.618 54641.50303209  3.53 125.086277  69.699761  5.409
 69    77.447 54641.50303273  3.75 125.081967  69.702761  5.409
 69    74.977 54641.50303338  3.21 125.077667  69.705761  5.409
 69    72.349 54641.50303402  2.46 125.073357  69.708761  5.409
 69    34.870 54641.50303596 10.37 125.060437  69.717751  5.409
 69    34.544 54641.50303660  8.33 125.056127  69.720741  5.409
 69    32.621 54641.50303725  7.98 125.051817  69.723741  5.409
 69    21.028 54641.50303789 14.22 125.047507  69.726741  5.409
 69    20.874 54641.50303854 15.02 125.043197  69.729731  5.409
 69    21.129 54641.50303918 15.33 125.038877  69.732731  5.409
 69    21.887 54641.50303982 16.30 125.034560  69.735727  8.745
 69    21.987 54641.50304047 16.31 125.030250  69.738727  8.745
 69    22.826 54641.50304111 16.62 125.025930  69.741717  8.745
 70    84.440 54676.50303247  2.19 125.094149  69.691106  5.461
 70    82.767 54676.50303311  0.96 125.089849  69.694106  5.461
 70    34.568 54676.50303634  9.78 125.068329  69.709096  5.461
 70    34.845 54676.50303698  8.02 125.064019  69.712086  5.461
 70    34.682 54676.50303763  7.09 125.059719  69.715086  5.461
 70    34.055 54676.50303827  7.43 125.055409  69.718086  5.461
 70    18.041 54676.50303892 12.94 125.051099  69.721076  5.461
 70    17.910 54676.50303956 15.23 125.046789  69.724076  5.461
 70    17.078 54676.50304021 15.68 125.042469  69.727076  5.461
 70    18.084 54676.50304085 16.58 125.038159  69.730066  5.461
 70    16.473 54676.50304149 17.53 125.033839  69.733066  5.461
 70    20.060 54676.50304214 19.12 125.029527  69.736061 13.164
 70    16.388 54676.50304278 23.31 125.025207  69.739061 13.164
 71    17.262 54711.50299319 16.92 125.072025  69.719813  6.698
 71    17.166 54711.50299384 16.05 125.067725  69.722813  6.698
 71    31.982 54711.50299448 13.48 125.063415  69.725813  6.698
 71    18.227 54711.50299513 12.37 125.059095  69.728803  6.698
 71    19.183 54711.50299577 13.66 125.054785  69.731803  6.698
 71    19.286 54711.50299642 14.25 125.050475  69.734803  6.698
 71    19.566 54711.50299706 14.94 125.046155  69.737793  6.698
 71    19.098 54711.50299770 15.27 125.041845  69.740793  6.698
 71    19.078 54711.50299835 17.00 125.037531  69.743791 13.016
 72    15.358 54746.50300023 23.42 125.092290  69.689511  6.630
 72    21.664 54746.50300087 23.94 125.087990  69.692511  6.630
 72    22.602 54746.50300152 22.47 125.083690  69.695511  6.630
 72    22.614 54746.50300216 22.94 125.079380  69.698501  6.630
 72    22.285 54746.50300281 23.36 125.075080  69.701501  6.630
 72    14.863 54746.50300345 23.16 125.070780  69.704501  6.630
 72    14.786 54746.50300410 23.46 125.066470  69.707501  6.630
 72    15.596 54746.50300474 23.14 125.062160  69.710491  6.630
 73    12.825 54781.50297413 22.03 125.091465  69.698256  8.215
 73    12.896 54781.50297477 22.16 125.087165  69.701246  8.215
 73    12.781 54781.50297542 22.03 125.082855  69.704246  8.215
 73    13.206 54781.50297606 22.27 125.078555  69.707246  8.215
 73    13.024 54781.50297671 22.80 125.074245  69.710246  8.215
 73    13.442 54781.50297735 23.10 125.069945  69.713236  8.215
 73    13.888 54781.50297800 24.64 125.065635  69.716236  8.215
 74    23.348 54816.50299431  9.73 125.084313  69.694250  4.738
 74    23.261 54816.50299496  8.88 125.080013  69.697240  4.738
 74    21.100 54816.50299560 13.87 125.075703  69.700240  4.738
 74    11.198 54816.50299625 20.20 125.071403  69.703240  4.738
 74    11.964 54816.50299689 20.05 125.067093  69.706240  4.738
 74    11.687 54816.50299754 19.84 125.062793  69.709230  4.738
 74    12.385 54816.50299818 19.40 125.058483  69.712230  4.738
 74    12.322 54816.50299883 19.15 125.054173  69.715230  4.738
 74    12.568 54816.50299947 19.65 125.049863  69.718220  4.738
 74    12.990 54816.50300012 19.60 125.045553  69.721220  4.738
 74    12.451 54816.50300076 19.74 125.041233  69.724220  4.738
 75    12.575 54851.50297533 16.26 125.072403  69.713303  3.714
 75    13.216 54851.50297597 15.46 125.068093  69.716293  3.714
 75    13.321 54851.50297662 15.07 125.063793  69.719293  3.714
 75    13.437 54851.50297726 15.36 125.059483  69.722293  3.714
 75    13.219 54851.50297791 16.00 125.055173  69.725283  3.714
 75    13.126 54851.50297855 15.24 125.050853  69.728283  3.714
 75    13.118 54851.50297920 16.17 125.046543  69.731283  3.714
 75    12.998 54851.50297984 16.24 125.042233  69.734273  3.714
 76    23.119 54886.50299874  4.08 125.083846  69.696355  3.705
 76    23.298 54886.50299938  5.22 125.079546  69.699355  3.705
 76    22.365 54886.50300002  9.17 125.075246  69.702355  3.705
 76    11.239 54886.50300067 14.46 125.070936  69.705355  3.705
 76    11.131 54886.50300131 15.72 125.066636  69.708345  3.705
 76    11.858 54886.50300196 14.94 125.062326  69.711345  3.705
 76    11.927 54886.50300260 14.39 125.058016  69.714345  3.705
 76    12.105 54886.50300325 13.98 125.053706  69.717335  3.705
 76    12.148 54886.50300389 14.01 125.049396  69.720335  3.705
 76    12.382 54886.50300454 14.75 125.045086  69.723335  3.705
 76    12.280 54886.50300518 14.08 125.040776  69.726325  3.705
 76    12.222 54886.50300583 14.23 125.036456  69.729325  3.705
 76    11.959 54886.50300647 14.00 125.032146  69.732318  2.510
 76    12.299 54886.50300712 13.46 125.027826  69.735318  2.510
 77    17.477 54921.50297762 10.35 125.071803  69.720846  2.871
 77    16.673 54921.50297827  9.77 125.067493  69.723846  2.871
 77    15.548 54921.50297891  9.87 125.063183  69.726846  2.871
 77    14.867 54921.50297956  9.68 125.058873  69.729836  2.871
 77    13.526 54921.50298020 10.27 125.054563  69.732836  2.871
 77    17.850 54921.50298085 10.04 125.050243  69.735836  2.871
 77    18.642 54921.50298149  9.94 125.045933  69.738826  2.871
 77    18.229 54921.50298214 10.08 125.041613  69.741826  2.871
 77    18.428 54921.50298278 10.24 125.037300  69.744824  1.993
 77    17.923 54921.50298343 10.16 125.032980  69.747814  1.993
 78    34.415 54956.50299279  2.55 125.094347  69.686087  6.246
 78    23.005 54956.50299408  9.43 125.085747  69.692087  6.246
 78    22.933 54956.50299472 11.28 125.081437  69.695077  6.246
 78    10.516 54956.50299601 21.86 125.072837  69.701077  6.246
 78    11.023 54956.50299665 22.47 125.068527  69.704077  6.246
 78    11.350 54956.50299730 19.96 125.064227  69.707067  6.246
 78    11.280 54956.50299794 21.30 125.059917  69.710067  6.246
 78    11.462 54956.50299859 22.76 125.055607  69.713067  6.246
 78    11.097 54956.50299923 23.29 125.051297  69.716057  6.246
 78    11.514 54956.50299988 21.02 125.046987  69.719057  6.246
 78    12.165 54956.50300052 20.95 125.042677  69.722057  6.246
 79    84.786 54991.50301666  5.21 125.092863  69.690384  4.760
 79    83.073 54991.50301731  3.20 125.088563  69.693384  4.760
 79    81.198 54991.50301795  3.25 125.084263  69.696374  4.760
 79    79.115 54991.50301860  2.49 125.079963  69.699374  4.760
 79    76.847 54991.50301924  2.49 125.075663  69.702374  4.760
 79    74.503 54991.50301989  1.61 125.071353  69.705374  4.760
 79    71.659 54991.50302053  1.48 125.067053  69.708364  4.760
 79    64.559 54991.50302118  2.68 125.062743  69.711364  4.760
 79    34.249 54991.50302247 10.29 125.054123  69.717354  4.760
 79    34.312 54991.50302311  8.15 125.049813  69.720354  4.760
 79    22.681 54991.50302440 21.26 125.041193  69.726344  4.760
 79    23.027 54991.50302505 20.57 125.036883  69.729344  4.760
 79    23.423 54991.50302569 20.79 125.032566  69.732341 20.771
 79    23.319 54991.50302633 21.92 125.028246  69.735341 20.771
 79    24.058 54991.50302698 22.26 125.023936  69.738331 20.771
 80    23.614 55026.50300892 14.80 125.091173  69.698503  4.926
 80    23.877 55026.50300957 15.29 125.086873  69.701503  4.926
 80    21.538 55026.50301021 16.41 125.082573  69.704503  4.926
 80    20.086 55026.50301085 17.19 125.078263  69.707503  4.926
 80    18.715 55026.50301150 12.52 125.073963  69.710493  4.926
 80    17.816 55026.50301214 13.00 125.069653  69.713493  4.926
 80    17.685 55026.50301279 12.58 125.065353  69.716493  4.926
 80    17.524 55026.50301343 13.13 125.061043  69.719483  4.926
 80    17.422 55026.50301408 13.05 125.056733  69.722483  4.926
 80    17.280 55026.50301472 13.53 125.052413  69.725483  4.926
 81    34.593 55061.50300359  6.05 125.078572  69.704230  9.925
 81    35.069 55061.50300424  7.92 125.074272  69.707230  9.925
 81    35.066 55061.50300488  8.11 125.069962  69.710220  9.925
 81    16.031 55061.50300682 37.53 125.057042  69.719220  9.925
 81    15.226 55061.50300746 42.78 125.052732  69.722210  9.925
 81    15.993 55061.50300811 44.91 125.048412  69.725210  9.925
 81    16.102 55061.50300875 44.71 125.044102  69.728210  9.925
 81    16.437 55061.50300940 42.66 125.039792  69.731200  9.925
 81    16.581 55061.50301004 40.38 125.035472  69.734200  9.925
 81    16.328 55061.50301069 44.30 125.031155  69.737195  9.807
 81    14.526 55061.50301133 40.95 125.026835  69.740195  9.807
 82    17.860 55096.50295574 15.31 125.074837  69.719521  5.091
 82    17.596 55096.50295639 16.57 125.070527  69.722511  5.091
 82    16.370 55096.50295703 16.44 125.066217  69.725511  5.091
 82    14.940 55096.50295767 17.15 125.061907  69.728511  5.091
 82    14.973 55096.50295832 18.80 125.057597  69.731501  5.091
 82    14.591 55096.50295896 20.27 125.053287  69.734501  5.091
 83    13.960 55131.50294359 37.70 125.090968  69.691085 15.627
 83    13.979 55131.50294423 39.00 125.086668  69.694085 15.627
 83    13.457 55131.50294488 41.63 125.082368  69.697075 15.627
 83    13.345 55131.50294552 43.22 125.078058  69.700075 15.627
 83    12.337 55131.50294617 43.39 125.073758  69.703075 15.627
 84    19.536 55166.50291360 16.07 125.093666  69.698342  4.508
 84    18.517 55166.50291683 16.72 125.072146  69.713332  4.508
 84    16.860 55166.50291747 17.09 125.067836  69.716332  4.508
 84    15.920 55166.50291812 17.91 125.063526  69.719322  4.508
 84    12.364 55166.50291876 18.14 125.059216  69.722322  4.508
 84    12.736 55166.50291941 17.89 125.054906  69.725322  4.508
 84    12.194 55166.50292005 18.97 125.050596  69.728312  4.508
 84    12.008 55166.50292070 18.68 125.046286  69.731312  4.508
 84    11.732 55166.50292134 19.21 125.041966  69.734312  4.508
 84    11.760 55166.50292198 18.54 125.037656  69.737302  4.508
 84    11.434 55166.50292263 19.22 125.033336  69.740302  4.508
 84    11.491 55166.50292327 18.19 125.029022  69.743294  2.872
 85    12.923 55201.50293569 14.45 125.090712  69.690492  3.959
 85    13.391 55201.50293633 14.13 125.086412  69.693492  3.959
 85    13.261 55201.50293698 14.44 125.082102  69.696482  3.959
 85    12.958 55201.50293762 15.10 125.077802  69.699482  3.959
 85    12.664 55201.50293827 15.10 125.073502  69.702482  3.959
 85    12.592 55201.50293891 15.18 125.069192  69.705482  3.959
 85    12.409 55201.50293956 16.04 125.064892  69.708472  3.959
 85    13.093 55201.50294020 15.48 125.060582  69.711472  3.959
 85    13.112 55201.50294085 15.12 125.056272  69.714472  3.959
 85    14.088 55201.50294149 15.18 125.051962  69.717462  3.959
 85    13.515 55201.50294214 15.18 125.047652  69.720462  3.959
 85    12.917 55201.50294278 15.67 125.043342  69.723462  3.959
 85    12.787 55201.50294342 15.84 125.039022  69.726452  3.959
 85    12.639 55201.50294407 15.33 125.034712  69.729452  3.959
 85    12.530 55201.50294471 15.90 125.030402  69.732446  2.714
 85    13.017 55201.50294536 15.60 125.026082  69.735446  2.714
 85    12.201 55201.50294600 15.41 125.021762  69.738436  2.714
 86    16.991 55236.50292392 12.90 125.070915  69.716458  4.007
 86    14.518 55236.50292457 12.92 125.066605  69.719458  4.007
 86    15.264 55236.50292521 12.70 125.062295  69.722458  4.007
 86    13.655 55236.50292585 13.49 125.057985  69.725448  4.007
 86    12.369 55236.50292650 14.23 125.053675  69.728448  4.007
 86    11.866 55236.50292714 14.76 125.049365  69.731448  4.007
 86    11.795 55236.50292779 14.33 125.045045  69.734438  4.007
 86    11.653 55236.50292843 14.33 125.040735  69.737438  4.007
 86    11.279 55236.50292908 14.64 125.036420  69.740434  2.616
 87    23.721 55271.50293063  5.44 125.091526  69.694314  3.375
 87    21.299 55271.50293127 11.36 125.087226  69.697304  3.375
 87    10.050 55271.50293192 12.76 125.082926  69.700304  3.375
 87    18.890 55271.50293256 12.02 125.078626  69.703304  3.375
 87    18.357 55271.50293321 11.76 125.074316  69.706304  3.375
 87    16.203 55271.50293385 11.66 125.070016  69.709294  3.375
 87    11.210 55271.50293450 10.95 125.065706  69.712294  3.375
 87    16.319 55271.50293514 11.45 125.061396  69.715294  3.375
 87    15.313 55271.50293579 10.97 125.057086  69.718284  3.375
 87    12.685 55271.50293643 11.10 125.052776  69.721284  3.375
 87    12.900 55271.50293708 11.10 125.048466  69.724284  3.375
 87    12.051 55271.50293772 11.86 125.044156  69.727274  3.375
 87    11.126 55271.50293836 12.27 125.039846  69.730274  3.375
 87    11.202 55271.50293901 11.70 125.035531  69.733269  2.419
 87    10.849 55271.50293965 12.20 125.031211  69.736269  2.419
 87    10.698 55271.50294030 11.94 125.026901  69.739259  2.419
 88    10.577 55306.50290626 10.81 125.074280  69.719490  3.192
 88    14.924 55306.50290690 10.05 125.069970  69.722490  3.192
 88    12.161 55306.50290755 10.16 125.065660  69.725480  3.192
 88    12.476 55306.50290819 10.18 125.061350  69.728480  3.192
 88    11.484 55306.50290884 10.89 125.057040  69.731480  3.192
 88    11.306 55306.50290948 10.74 125.052730  69.734480  3.192
 88    10.747 55306.50291013 11.23 125.048410  69.737470  3.192
 88    10.218 55306.50291077 11.75 125.044100  69.740472  2.905
 88    10.247 55306.50291142 12.02 125.039780  69.743462  2.905
 89    83.202 55341.50290075  8.92 125.093326  69.692703  7.399
 89    81.547 55341.50290139  6.61 125.089026  69.695703  7.399
 89    80.074 55341.50290204  3.18 125.084726  69.698703  7.399
 89    78.044 55341.50290268  1.24 125.080426  69.701693  7.399
 89    75.588 55341.50290333  0.95 125.076116  69.704693  7.399
 89    72.622 55341.50290397  0.20 125.071816  69.707693  7.399
 89    34.861 55341.50290526 10.95 125.063196  69.713683  7.399
 89    34.612 55341.50290590 11.24 125.058886  69.716683  7.399
 89    34.387 55341.50290655  8.92 125.054576  69.719683  7.399
 89    15.231 55341.50290784 27.14 125.045956  69.725673  7.399
 89    15.507 55341.50290848 29.81 125.041646  69.728673  7.399
 89    15.770 55341.50290913 30.93 125.037326  69.731663  7.399
 89    15.506 55341.50290977 34.89 125.033016  69.734663  7.399
 89    15.894 55341.50291042 46.04 125.028699  69.737657 13.717
 89    15.588 55341.50291106 46.10 125.024379  69.740657 13.717
 90    80.435 55376.50289506  2.49 125.091111  69.699379  5.629
 90    78.304 55376.50289571  1.89 125.086811  69.702379  5.629
 90    76.095 55376.50289635  1.18 125.082511  69.705379  5.629
 90    34.861 55376.50289828 15.75 125.069591  69.714369  5.629
 90    34.494 55376.50289893 10.98 125.065281  69.717369  5.629
 90    34.990 55376.50289957  6.91 125.060971  69.720359  5.629
 90    17.900 55376.50290022 15.60 125.056661  69.723359  5.629
 90    17.958 55376.50290086 15.67 125.052351  69.726359  5.629
 90    19.544 55376.50290151 15.64 125.048041  69.729349  5.629
 90    18.997 55376.50290215 16.06 125.043731  69.732349  5.629
 90    20.004 55376.50290280 16.33 125.039417  69.735346 13.267
 90    19.736 55376.50290344 18.69 125.035097  69.738346 13.267
 90    18.869 55376.50290409 21.04 125.030787  69.741336 13.267
 91    35.912 55411.50291622 16.22 125.094414  69.688732 12.569
 91    36.059 55411.50291686 19.04 125.090124  69.691732 12.569
 91    35.257 55411.50291751 22.03 125.085814  69.694722 12.569
 91    14.924 55411.50291944 47.28 125.072904  69.703722 12.569
 91    14.892 55411.50292009 49.85 125.068604  69.706712 12.569
 91    15.087 55411.50292073 44.66 125.064294  69.709712 12.569
 91    15.334 55411.50292137 47.80 125.059984  69.712712 12.569
 91    15.073 55411.50292202 47.12 125.055674  69.715702 12.569
 91    15.545 55411.50292266 45.47 125.051364  69.718702 12.569
 91    15.580 55411.50292331 46.26 125.047054  69.721702 12.569
 92    81.031 55446.50291004  2.30 125.091144  69.697425  4.641
 92    78.429 55446.50291068  4.96 125.086844  69.700425  4.641
 92    41.052 55446.50291132  7.05 125.082544  69.703415  4.641
 92    34.768 55446.50291197 10.34 125.078234  69.706415  4.641
 92    34.940 55446.50291261 11.85 125.073934  69.709415  4.641
 92    35.146 55446.50291326 12.09 125.069624  69.712415  4.641
 92    34.491 55446.50291390 11.63 125.065314  69.715405  4.641
 92    17.061 55446.50291455 15.22 125.061004  69.718405  4.641
 92    16.835 55446.50291519 15.99 125.056704  69.721405  4.641
 92    15.860 55446.50291584 16.38 125.052384  69.724395  4.641
 92    15.188 55446.50291648 17.57 125.048074  69.727395  4.641
 92    15.773 55446.50291713 17.51 125.043764  69.730395  4.641
 92    15.259 55446.50291777 18.80 125.039444  69.733385  4.641
 92    15.923 55446.50291842 20.32 125.035134  69.736385  4.641
 92    15.846 55446.50291906 24.24 125.030817  69.739380 17.217
 92    16.172 55446.50291971 28.04 125.026497  69.742380 17.217
