# NaN NaN NaN ;Mean Elev.(m), Avg Gradient(m/km), RMS Gradient(m/km) - SRTM1     
#    4.678   3.578  21.120 ;Mean Elev.(m), Avg Gradient(m/km), RMS Gradient(m/km) - ASTER GDEM
#   17.000   2.514  27.730 ;Mean Elev.(m), Avg Gradient(m/km), RMS Gradient(m/km) - GMTED2010 
  7   109.536 52452.50112490 15.19 125.474519  69.919544 16.577
  7    25.699 52452.50112554 16.41 125.470129  69.922524 16.577
  7    24.757 52452.50112619 25.82 125.465739  69.925514 16.577
  8   112.662 52487.50110607 16.84 125.483677  69.922536  9.633
  8   112.104 52487.50110671 15.38 125.479287  69.925526  9.633
  9   113.424 52522.50107690 19.79 125.490977  69.920914 10.187
  9   112.705 52522.50107754 17.50 125.486587  69.923904 10.187
  9   112.573 52522.50107819 15.57 125.482197  69.926894 10.187
 10    10.649 52557.50112739 31.66 125.471877  69.916672 11.209
 10     9.691 52557.50112803 30.00 125.467487  69.919662 11.209
 10    17.739 52557.50112868 18.99 125.463097  69.922652 11.209
 11    18.518 52592.50112405 13.58 125.478314  69.919560  6.197
 11    10.167 52592.50112469 16.52 125.473924  69.922550  6.197
 11    19.136 52592.50112534 14.86 125.469535  69.925540  3.995
 12    41.555 52627.50104291  5.69 125.471869  69.919151  3.163
 12    38.503 52627.50104356  7.34 125.467479  69.922141  3.163
 12    19.882 52627.50104420  6.36 125.463079  69.925131  3.163
 15    23.007 52732.50108612  4.59 125.487656  69.922999  4.253
 15    20.543 52732.50108676  5.01 125.483266  69.925989  4.253
 16   114.806 52767.50109478  0.99 125.491841  69.922415  2.939
 16   114.134 52767.50109543  0.59 125.487451  69.925405  2.939
 20   112.846 52907.50119971 21.75 125.488001  69.921186 10.267
 20   112.422 52907.50120036 19.18 125.483611  69.924176 10.267
 20   111.748 52907.50120100 17.10 125.479221  69.927166 10.267
 21    12.339 52942.50112725 26.76 125.469142  69.918643  7.868
 21    12.145 52942.50112789 27.40 125.464752  69.921633  7.868
 27    10.596 53152.50120641 26.96 125.474113  69.918090 13.406
 27    15.960 53152.50120706 26.03 125.469723  69.921080 13.406
 27    18.120 53152.50120770 27.87 125.465333  69.924070 13.406
 28   112.574 53187.50119398 11.65 125.482906  69.921055  5.999
 28   112.019 53187.50119463 11.33 125.478518  69.924045  4.400
 29    19.260 53222.50121565 13.73 125.484376  69.922956  8.003
 29    20.582 53222.50121629 14.46 125.479986  69.925946  8.003
 30   113.101 53257.50119127 13.32 125.488697  69.922025  8.727
 30   112.681 53257.50119192 11.57 125.484307  69.925015  8.727
 30   112.053 53257.50119256  9.36 125.479927  69.928005  8.727
 31    12.256 53292.50120977 42.45 125.461042  69.918162 14.406
 31    13.111 53292.50121042 39.81 125.456642  69.921152 14.406
 32    23.812 53327.50118346  9.29 125.485282  69.920302  4.742
 32    15.562 53327.50118411 14.30 125.480902  69.923292  4.742
 32    19.149 53327.50118475 13.42 125.476502  69.926292  4.742
 38    81.985 53537.50123229 11.02 125.483665  69.920028  3.474
 38    81.278 53537.50123294  9.55 125.479275  69.923028  3.474
 39    14.738 53572.50123575 17.81 125.481111  69.920301 10.120
 39    15.310 53572.50123640 18.06 125.476731  69.923281 10.120
 39    19.398 53572.50123704 17.92 125.472341  69.926281 10.120
 40   113.517 53607.50118511 11.58 125.492854  69.924401  8.624
 40   113.086 53607.50118575  8.93 125.488464  69.927391  8.624
 42    10.737 53677.50120424 14.89 125.478318  69.918749  4.542
 42    14.583 53677.50120488 13.11 125.473938  69.921749  4.542
 42    15.445 53677.50120553 12.10 125.469548  69.924739  4.542
 43    40.941 53712.50113330  3.55 125.495765  69.922372  4.285
 43    19.887 53712.50113395  6.40 125.491375  69.925362  4.285
 43    16.840 53712.50113459 12.21 125.486995  69.928352  4.285
 45    22.793 53782.50107700  1.52 125.484426  69.922000  3.423
 45    20.200 53782.50107765  1.70 125.480036  69.924990  3.423
 48   112.769 53887.50112194 18.95 125.483341  69.922242  9.841
 48   112.339 53887.50112258 17.26 125.478951  69.925232  9.841
 50   112.026 53957.50118706 13.59 125.476782  69.920915  6.002
 50   111.841 53957.50118771 11.43 125.472402  69.923905  6.002
 51   110.105 53992.50111145  3.54 125.460966  69.917852  3.817
 51   109.441 53992.50111210  2.75 125.456576  69.920842  3.817
 52    11.962 54027.50117386 39.75 125.471519  69.917280 14.885
 52    11.368 54027.50117451 45.68 125.467129  69.920270 14.885
 52    11.080 54027.50117515 42.24 125.462739  69.923260 14.885
 53     9.995 54062.50116776 19.84 125.485412  69.921842  8.486
 53    10.195 54062.50116840 19.07 125.481022  69.924832  8.486
 54    10.895 54097.50113766 13.55 125.493400  69.921454  4.872
 54    11.089 54097.50113830 14.32 125.489010  69.924444  4.872
 54    15.287 54097.50113895 13.87 125.484620  69.927434  4.872
 58   112.329 54237.50112917 16.77 125.478875  69.919580  5.132
 58   111.651 54237.50112981 14.97 125.474485  69.922570  5.132
 58   110.562 54237.50113046 13.73 125.470095  69.925560  5.132
 59   112.381 54272.50114865 15.09 125.480721  69.921856  5.393
 59   111.780 54272.50114930 13.23 125.476331  69.924846  5.393
 60   112.178 54307.50115070 11.88 125.477688  69.920971  4.843
 60   111.847 54307.50115134 10.48 125.473298  69.923961  4.843
 61    18.516 54342.50113015 16.77 125.491627  69.921780 10.260
 61    19.071 54342.50113079 17.73 125.487237  69.924770 10.260
 61    17.225 54342.50113144 22.41 125.482847  69.927760 10.260
 62   111.912 54377.50108578  4.27 125.472944  69.919781  3.036
 62   111.472 54377.50108642  2.41 125.468554  69.922771  3.036
 63    11.608 54412.50107726 13.27 125.483993  69.919868  6.709
 63    11.814 54412.50107790 12.97 125.479597  69.922861  4.416
 63    11.880 54412.50107855 12.35 125.475207  69.925851  4.416
 69   112.228 54622.50107932 18.66 125.479399  69.921936  7.088
 69   111.351 54622.50107997 15.67 125.475000  69.924929  4.889
 70   112.187 54657.50108835 14.11 125.479843  69.919795  6.334
 70   111.925 54657.50108899 12.17 125.475453  69.922785  6.334
 70   111.507 54657.50108964 10.32 125.471064  69.925776  4.296
 71    14.606 54692.50107134 46.03 125.485122  69.921335 13.264
 71    12.767 54692.50107198 47.53 125.480732  69.924325 13.264
 72   111.452 54727.50104102 16.53 125.473671  69.917762  5.952
 72   111.012 54727.50104167 14.64 125.469281  69.920752  5.952
 72   110.157 54727.50104231 12.58 125.464891  69.923742  5.952
 73    11.135 54762.50104869 35.37 125.478982  69.921311 11.161
 73    10.778 54762.50104934 34.85 125.474592  69.924301 11.161
 74    11.343 54797.50103450 17.56 125.465550  69.918201  7.000
 74    11.042 54797.50103514 22.09 125.461160  69.921191  7.000
 80   112.440 55007.50106972  8.68 125.482568  69.919929  5.618
 80   111.762 55007.50107036  7.61 125.478178  69.922919  5.618
 80   111.229 55007.50107101  5.50 125.473788  69.925909  5.618
 82   112.812 55077.50103815 19.35 125.487501  69.922104  9.223
 82   112.320 55077.50103880 16.66 125.483111  69.925094  9.223
 83    19.180 55112.50099135 12.97 125.473072  69.920058 11.288
 83    19.712 55112.50099200 13.52 125.468682  69.923048 11.288
 84    10.617 55147.50099228 18.03 125.481572  69.919369  5.759
 84    10.666 55147.50099292 18.22 125.477182  69.922359  5.759
 84    10.687 55147.50099357 16.70 125.472792  69.925349  5.759
 85    24.177 55182.50097127  7.43 125.469208  69.917131  4.093
 85    22.189 55182.50097191  7.50 125.464808  69.920121  4.093
 85    19.851 55182.50097256  9.06 125.460418  69.923111  4.093
 87    23.372 55252.50096767  2.40 125.472483  69.919042  2.630
 87    20.120 55252.50096832  5.31 125.468093  69.922032  2.630
 87    14.413 55252.50096896  8.72 125.463703  69.925022  2.630
 90   112.300 55357.50095597 11.26 125.479843  69.921854  7.094
 90   111.786 55357.50095661  9.36 125.475453  69.924844  7.094
 93    20.242 55462.50093719 11.74 125.490688  69.923381  7.224
 93    20.425 55462.50093784 13.05 125.486298  69.926371  7.224
