# NaN NaN NaN ;Mean Elev.(m), Avg Gradient(m/km), RMS Gradient(m/km) - SRTM1     
#   60.514  -2.675  11.226 ;Mean Elev.(m), Avg Gradient(m/km), RMS Gradient(m/km) - ASTER GDEM
#   38.332  -3.241  11.810 ;Mean Elev.(m), Avg Gradient(m/km), RMS Gradient(m/km) - GMTED2010 
  8 128.363377  63.491777    69.181    69.008  4 52496.51172164 28.663
 10 128.356088  63.489074    66.122    66.133  6 52566.51172924 40.398
 11 128.358959  63.488769    65.242    65.258  5 52601.51174084 29.233
 13 128.359981  63.487520    65.351    65.433  5 52671.51171031 20.219
 14 128.352947  63.487159    65.288    65.163  7 52706.51170847 19.990
 15 128.358893  63.488253    65.768    65.691  6 52741.51174117 17.402
 16 128.364621  63.501147    65.885    65.872  4 52776.51168695 41.689
 19 128.354979  63.487815    69.309    69.071  7 52881.51185432 19.354
 20 128.364474  63.493560    67.222    67.222  2 52916.51181223 44.043
 23 128.364818  63.491809    65.415    65.222  3 53021.51178013 16.523
 26 128.353760  63.486386    66.823    66.954  7 53126.51177795 17.435
 27 128.351521  63.486734    71.344    71.496  7 53161.51184064 21.338
 28 128.359420  63.488616    69.173    69.187  5 53196.51183902 48.096
 29 128.364231  63.492298    68.552    68.552  2 53231.51182153 26.737
 30 128.362025  63.500678    69.075    69.273  4 53266.51179270 23.688
 32 128.360192  63.488090    67.823    67.227  5 53336.51181237 11.109
 33 128.364330  63.499959    66.909    66.846  4 53371.51175099  9.712
 34 128.355771  63.486599    68.996    69.148  7 53406.51178485  8.959
 35 128.361885  63.499439    67.436    67.470  4 53441.51177310  8.149
 37 128.356261  63.488761    70.845    70.826  6 53511.51185307 50.813
 38 128.357447  63.488199    68.834    68.797  6 53546.51187010 27.964
 39 128.362520  63.489541    69.898    69.890  4 53581.51184243 20.674
 40 128.364971  63.492326    69.330    69.215  3 53616.51179806 22.213
 41 128.355478  63.486191    69.389    69.997  7 53651.51181223 25.983
 42 128.355801  63.487511    65.761    65.855  6 53686.51181817 33.428
 43 128.361380  63.502576    65.998    65.843  3 53721.51174656 15.233
 44 128.355870  63.488435    67.812    68.048  6 53756.51167409 14.391
 45 128.362925  63.491514    66.590    66.444  3 53791.51170079 12.609
 46 128.342924  63.495432    67.713    67.854  3 53826.51166412 10.593
 48 128.355497  63.488166    71.736    71.700  6 53896.51177247 26.487
 49 128.347536  63.490512    68.658    68.732  5 53931.51182356 22.889
 50 128.356173  63.489098    68.835    68.626  6 53966.51179874 43.198
 52 128.357070  63.487628    66.026    66.000  6 54036.51180045 46.454
 53 128.361598  63.487598    68.476    68.596  5 54071.51179454 16.096
 54 128.361660  63.500307    66.236    66.060  4 54106.51174834 13.250
 55 128.353203  63.486432    68.697    68.815  8 54141.51172832 11.995
 56 128.363469  63.490931    67.724    67.483  3 54176.51172795 11.051
 57 128.353774  63.486078    67.135    66.967  8 54211.51173520 16.757
 58 128.356022  63.488080    72.576    72.553  6 54246.51176528 49.206
 60 128.362077  63.489362    68.864    68.466  5 54316.51177406 40.350
 61 128.365010  63.491400    67.786    67.750  3 54351.51174137 43.392
 62 128.357733  63.486658    66.924    66.940  6 54386.51171286 41.455
 63 128.363706  63.489702    65.849    65.880  4 54421.51169075 39.046
 65 128.362929  63.490296    66.016    66.047  4 54491.51169256 16.707
 66 128.356191  63.487242    67.678    67.486  6 54526.51169876 18.200
 67 128.363283  63.491967    67.978    67.658  3 54561.51170131 10.278
 68 128.357641  63.488831    66.667    66.603  6 54596.51169500 36.042
 69 128.357279  63.488254    69.932    69.758  5 54631.51170841 34.407
 70 128.356800  63.488518    67.978    67.939  6 54666.51171457 35.389
 71 128.364267  63.494342    69.467    69.467  2 54701.51168360 23.692
 72 128.350785  63.487381    69.962    70.146  8 54736.51167451 31.180
 73 128.361667  63.491113    66.407    66.415  4 54771.51166356 41.150
 75 128.360875  63.487995    65.768    65.856  6 54841.51165915 18.123
 76 128.355556  63.486234    66.392    66.276  7 54876.51166923 15.021
 77 128.363389  63.491744    65.901    65.652  3 54911.51166483 14.916
 78 128.352588  63.486916    65.997    65.688  7 54946.51166230 40.118
 79 128.357666  63.488116    71.001    70.988  6 54981.51168834 45.687
 80 128.358996  63.488117    69.541    69.537  6 55016.51168887 49.145
 81 128.361164  63.488167    68.211    68.162  5 55051.51168370 33.133
 82 128.365423  63.493096    67.720    67.720  2 55086.51164915 31.589
 83 128.354908  63.486433    69.405    69.830  8 55121.51161764 25.705
 84 128.362849  63.488751    66.341    65.482  5 55156.51160851 35.374
 85 128.344206  63.493969    66.025    66.024  3 55191.51160895 43.465
 86 128.361915  63.489670    66.139    66.135  5 55226.51160940 18.512
 87 128.358050  63.487999    67.235    67.222  6 55261.51160297 15.846
 88 128.363056  63.493176    65.798    65.834  3 55296.51159514 14.935
 89 128.357648  63.488400    66.858    66.864  5 55331.51158359 48.349
 90 128.363415  63.488417    70.169    70.078  4 55366.51157613 27.197
 91 128.351927  63.487046    68.354    68.070  8 55401.51158960 26.258
 92 128.362375  63.489748    67.573    67.526  5 55436.51159383 37.133
 93 128.359813  63.502032    67.671    67.332  3 55471.51154725 43.758
