# NaN NaN NaN ;Mean Elev.(m), Avg Gradient(m/km), RMS Gradient(m/km) - SRTM1     
#    0.042  -8.372  26.239 ;Mean Elev.(m), Avg Gradient(m/km), RMS Gradient(m/km) - ASTER GDEM
#   13.752  -8.478  29.142 ;Mean Elev.(m), Avg Gradient(m/km), RMS Gradient(m/km) - GMTED2010 
  9 126.025331  70.518457    58.253    58.435  4 52519.49721576 16.064
 10 126.001905  70.512042    10.429     7.323  5 52554.49726621 36.402
 11 126.020851  70.514417    18.984    21.321  6 52589.49725141 23.992
 17 126.006317  70.512039   123.477   120.587  4 52799.49722822  3.726
 18 126.004464  70.515412    56.710    56.736  3 52834.49729776 12.747
 19 126.018017  70.514436    57.413    57.483  5 52869.49733911 12.414
 20 126.017642  70.517931    58.294    58.015  3 52904.49734654 15.013
 21 126.038712  70.516870     8.244     8.177  5 52939.49728016 32.043
 22 126.007265  70.513688     5.828     5.830  5 52974.49732173 20.203
 23 126.017312  70.513178    21.732    22.028  5 53009.49732740 12.597
 24 126.002573  70.512548    23.416    23.746  5 53044.49728787  8.855
 27 126.010354  70.514110     3.543     3.532  5 53149.49733828 22.112
 28 126.019655  70.515502    57.425    57.396  4 53184.49733193 11.594
 29 126.022699  70.513846    24.618    25.038  5 53219.49735671  8.794
 30 126.027677  70.516522    57.754    57.875  5 53254.49733419 14.436
 31 125.995479  70.512513     8.685     8.663  5 53289.49734088 47.041
 32 126.023836  70.515053     9.980     6.863  6 53324.49731586 23.608
 33 126.033741  70.515348    11.897    12.193  6 53359.49727704 19.737
 34 126.003890  70.512852    21.899    22.277  5 53394.49729503 11.578
 37 126.009056  70.514226    37.596    39.523  5 53499.49737795  5.779
 38 126.023169  70.515612    16.624    17.182  5 53534.49736342 39.196
 39 126.015217  70.515296    13.255    14.019  5 53569.49737717 37.101
 40 126.029905  70.518901    58.451    58.150  3 53604.49732407 14.821
 42 126.011437  70.513319    14.303    10.360  5 53674.49734256 21.712
 43 126.036276  70.515947    17.772    19.675  5 53709.49727290 15.471
 44 126.045828  70.515941    20.633    20.736  6 53744.49718244 10.763
 45 126.021896  70.513876    24.148    24.456  5 53779.49721258  5.830
 46 126.043200  70.516049    23.148    23.251  5 53814.49718437  7.532
 48 126.016120  70.517127    70.691    58.667  3 53884.49726060 21.516
 49 126.006418  70.515757    57.084    57.257  4 53919.49732699 15.820
 51 126.037159  70.518244    44.725    47.379  5 53989.49724788  9.766
 52 126.006888  70.512425     8.463     8.457  5 54024.49730882 45.143
 53 126.022234  70.514973     5.852     5.811  6 54059.49730166 25.673
 55 126.002659  70.512204    22.201    22.238  5 54129.49722100 11.494
 56 126.022325  70.515126    21.805    21.957  5 54164.49724966 11.654
 58 126.014677  70.513472     6.314     4.277  5 54234.49726383 15.277
 60 126.019626  70.513515    13.301    13.633  5 54304.49728656 21.127
 62 126.004928  70.518283    57.277    57.310  3 54374.49722169 19.140
 63 126.018777  70.515128     8.068     8.057  5 54409.49721663 25.334
 64 126.000288  70.513858    21.793    22.021  5 54444.49718335  9.368
 65 126.019419  70.514525    23.824    23.764  5 54479.49720682  6.144
 69 126.017138  70.514360   131.425   131.362  6 54619.49721310  3.247
 70 126.016752  70.515002    57.367    57.559  5 54654.49722429 11.540
 71 126.023861  70.514998    56.982    57.028  6 54689.49721144 10.392
 72 126.001900  70.514951    56.662    56.628  3 54724.49717402 13.412
 73 126.020864  70.513875     7.212     7.209  5 54759.49718742 44.114
 74 126.000204  70.512436    21.775    21.666  5 54794.49716687 12.729
 77 126.022690  70.514458    23.349    23.653  5 54899.49718621  4.783
 80 126.016457  70.513682    56.849    57.174  5 55004.49720743 12.224
 81 126.018350  70.515420    22.996    22.114  5 55039.49719504 11.215
 82 126.026996  70.514425    58.234    58.682  5 55074.49717829  7.891
 83 126.007289  70.513402    22.367    22.553  5 55109.49712740 21.861
 84 126.018921  70.515189     7.257     7.263  5 55144.49713089 25.859
 85 125.999144  70.514265    20.678    20.502  5 55179.49710265 12.710
 86 126.020793  70.514298    21.662    21.741  6 55214.49712531 11.023
 87 126.009219  70.513881    21.926    22.035  5 55249.49710028  7.927
 91 126.007582  70.512623    55.416    54.629  5 55389.49709142 11.212
 92 126.017680  70.515729    57.479    57.732  5 55424.49711005 10.558
 93 126.028636  70.515414    58.210    58.088  5 55459.49707969 11.177
