# NaN NaN NaN ;Mean Elev.(m), Avg Gradient(m/km), RMS Gradient(m/km) - SRTM1     
#   15.481  -1.694   3.292 ;Mean Elev.(m), Avg Gradient(m/km), RMS Gradient(m/km) - ASTER GDEM
#   21.270  -1.524   7.053 ;Mean Elev.(m), Avg Gradient(m/km), RMS Gradient(m/km) - GMTED2010 
  8    38.418 52498.12774651 24.29 123.912985  66.274651 21.602
  8    35.142 52498.12774715 18.16 123.909725  66.271571 21.602
  8    35.291 52498.12774780 17.27 123.906465  66.268481 21.602
  8    35.731 52498.12774844 15.91 123.903215  66.265401 21.602
  8    36.400 52498.12774909 15.32 123.899955  66.262321 21.602
  8    37.447 52498.12774973 17.80 123.896695  66.259241 21.602
  8    38.223 52498.12775038 17.16 123.893445  66.256151 21.602
  8    38.555 52498.12775102 20.85 123.890195  66.253071 21.602
 10    33.092 52568.12776056 40.37 123.921417  66.268980 25.838
 10    33.011 52568.12776120 44.09 123.918167  66.265890 25.838
 10    33.064 52568.12776185 47.32 123.914907  66.262810 25.838
 10    33.018 52568.12776249 44.94 123.911647  66.259730 25.838
 10    32.932 52568.12776313 38.67 123.908387  66.256640 25.838
 10    32.944 52568.12776378 40.05 123.905137  66.253560 25.838
 10    32.967 52568.12776442 42.01 123.901877  66.250480 25.838
 10    32.980 52568.12776507 44.09 123.898627  66.247390 25.838
 11    38.146 52603.12775407 17.39 123.914102  66.281654  4.820
 11    37.679 52603.12775471 18.51 123.910842  66.278564  4.820
 11    36.582 52603.12775536 19.69 123.907582  66.275484  4.820
 11    32.787 52603.12775600 21.05 123.904322  66.272404  4.820
 11    32.982 52603.12775665 22.13 123.901062  66.269314  4.820
 11    33.092 52603.12775729 22.87 123.897812  66.266234  4.820
 11    32.949 52603.12775794 24.11 123.894552  66.263154  4.820
 11    32.889 52603.12775858 24.49 123.891302  66.260074  4.820
 11    32.900 52603.12775923 22.92 123.888042  66.256984  4.820
 11    32.842 52603.12775987 22.26 123.884792  66.253904  4.820
 12    33.273 52638.12773023 17.35 123.919351  66.266687  4.186
 12    33.514 52638.12773087 18.12 123.916091  66.263607  4.186
 12    34.260 52638.12773151 18.54 123.912831  66.260527  4.186
 12    33.292 52638.12773216 19.54 123.909581  66.257447  4.186
 12    33.104 52638.12773280 18.69 123.906321  66.254357  4.186
 12    33.053 52638.12773345 19.27 123.903061  66.251277  4.186
 12    33.084 52638.12773409 17.63 123.899811  66.248197  4.186
 13    36.749 52673.12772906 14.77 123.912361  66.274429  4.241
 13    35.870 52673.12772970 15.92 123.909111  66.271339  4.241
 13    33.685 52673.12773035 16.16 123.905851  66.268259  4.241
 13    32.736 52673.12773099 18.52 123.902591  66.265179  4.241
 13    33.249 52673.12773164 18.03 123.899331  66.262089  4.241
 13    32.720 52673.12773228 18.21 123.896081  66.259009  4.241
 13    32.923 52673.12773293 16.31 123.892821  66.255929  4.241
 13    32.711 52673.12773357 16.25 123.889571  66.252849  4.241
 14    37.552 52708.12773721 13.08 123.922042  66.269752  3.342
 14    33.678 52708.12773786 13.59 123.918782  66.266672  3.342
 14    34.358 52708.12773850 13.95 123.915522  66.263592  3.342
 14    33.443 52708.12773915 14.95 123.912262  66.260512  3.342
 14    33.607 52708.12773979 13.94 123.909012  66.257422  3.342
 14    33.248 52708.12774044 13.98 123.905752  66.254342  3.342
 14    33.182 52708.12774108 13.93 123.902502  66.251262  3.342
 14    33.026 52708.12774173 12.98 123.899242  66.248172  3.342
 15    38.398 52743.12776606  8.48 123.914427  66.280292  2.454
 15    38.881 52743.12776670  8.29 123.911167  66.277212  2.454
 15    37.333 52743.12776735  8.16 123.907907  66.274132  2.454
 15    36.284 52743.12776799  9.12 123.904647  66.271042  2.454
 15    35.617 52743.12776864  9.40 123.901397  66.267962  2.454
 15    34.808 52743.12776928  9.69 123.898137  66.264882  2.454
 15    33.692 52743.12776993  9.32 123.894877  66.261792  2.454
 15    34.025 52743.12777057  9.50 123.891627  66.258712  2.454
 15    32.684 52743.12777122  9.70 123.888367  66.255632  2.454
 17    38.238 52813.12778817 33.64 123.921609  66.267772 16.732
 17    38.055 52813.12778881 21.61 123.918349  66.264682 16.732
 17    37.873 52813.12778945 17.63 123.915089  66.261602 16.732
 17    37.504 52813.12779010 16.75 123.911829  66.258522 16.732
 17    37.727 52813.12779074 16.46 123.908569  66.255432 16.732
 17    38.237 52813.12779139 17.50 123.905319  66.252352 16.732
 17    38.821 52813.12779203 19.69 123.902059  66.249272 16.732
 17    39.171 52813.12779268 21.66 123.898809  66.246182 16.732
 18    35.975 52848.12784184 31.06 123.922578  66.268480 19.028
 18    36.039 52848.12784248 22.96 123.919318  66.265400 19.028
 18    37.088 52848.12784313 16.82 123.916058  66.262310 19.028
 18    36.703 52848.12784377 15.65 123.912798  66.259230 19.028
 18    37.046 52848.12784442 16.24 123.909548  66.256150 19.028
 18    37.707 52848.12784506 17.33 123.906288  66.253060 19.028
 18    38.298 52848.12784571 17.97 123.903028  66.249980 19.028
 18    38.557 52848.12784635 19.84 123.899778  66.246900 19.028
 19    33.808 52883.12787737 21.54 123.913450  66.273392 22.979
 19    35.628 52883.12787802 18.49 123.910190  66.270312 22.979
 19    35.394 52883.12787866 17.37 123.906930  66.267232 22.979
 19    35.742 52883.12787931 15.62 123.903680  66.264142 22.979
 19    36.607 52883.12787995 15.04 123.900420  66.261062 22.979
 19    37.578 52883.12788060 15.40 123.897160  66.257982 22.979
 19    38.372 52883.12788124 15.81 123.893910  66.254892 22.979
 19    38.686 52883.12788188 21.46 123.890650  66.251812 22.979
 20    37.858 52918.12783363 25.69 123.912249  66.276225 15.902
 20    37.620 52918.12783427 15.54 123.908989  66.273135 15.902
 20    35.759 52918.12783492 15.54 123.905729  66.270055 15.902
 20    35.254 52918.12783556 17.07 123.902469  66.266975 15.902
 20    35.523 52918.12783621 16.98 123.899219  66.263885 15.902
 20    36.967 52918.12783685 16.92 123.895959  66.260805 15.902
 20    37.875 52918.12783750 17.39 123.892709  66.257725 15.902
 20    38.491 52918.12783814 17.57 123.889449  66.254635 15.902
 21    37.074 52953.12779729 22.09 123.928794  66.265725  6.097
 21    32.918 52953.12779794 26.07 123.925544  66.262635  6.097
 21    32.968 52953.12779858 26.71 123.922284  66.259555  6.097
 21    32.757 52953.12779923 25.03 123.919024  66.256475  6.097
 21    32.722 52953.12779987 24.21 123.915764  66.253395  6.097
 21    32.599 52953.12780052 23.69 123.912514  66.250305  6.097
 21    32.789 52953.12780116 21.21 123.909254  66.247223  3.565
 22    36.704 52988.12780795 15.60 123.921421  66.267295  3.286
 22    35.291 52988.12780860 16.86 123.918161  66.264215  3.286
 22    36.000 52988.12780924 15.92 123.914911  66.261135  3.286
 22    34.717 52988.12780989 16.45 123.911651  66.258045  3.286
 22    35.589 52988.12781053 16.08 123.908401  66.254965  3.286
 22    35.507 52988.12781118 15.88 123.905141  66.251885  3.286
 22    37.383 52988.12781182 14.77 123.901891  66.248795  3.286
 22    38.021 52988.12781247 14.70 123.898631  66.245715  3.286
 23    37.293 53023.12779503 12.93 123.914321  66.271923  2.791
 23    36.514 53023.12779568 12.79 123.911061  66.268843  2.791
 23    35.481 53023.12779632 13.51 123.907811  66.265753  2.791
 23    34.401 53023.12779696 14.31 123.904551  66.262673  2.791
 23    34.765 53023.12779761 12.80 123.901291  66.259593  2.791
 23    33.066 53023.12779825 12.57 123.898041  66.256503  2.791
 23    35.751 53023.12779890 12.14 123.894791  66.253423  2.791
 23    38.067 53023.12779954 11.73 123.891531  66.250343  2.791
 24    37.261 53058.12778992 10.55 123.922248  66.265993  2.247
 24    36.403 53058.12779056 10.77 123.918988  66.262913  2.247
 24    35.985 53058.12779121 10.35 123.915728  66.259833  2.247
 24    35.832 53058.12779185 11.10 123.912468  66.256753  2.247
 24    34.755 53058.12779249 10.51 123.909218  66.253663  2.247
 24    35.669 53058.12779314 10.28 123.905958  66.250583  2.247
 24    33.140 53058.12779378 10.07 123.902708  66.247503  2.247
 25    39.425 53093.12782445  9.10 123.911961  66.286574  2.165
 25    39.286 53093.12782510  9.18 123.908701  66.283494  2.165
 25    38.954 53093.12782574  9.49 123.905441  66.280404  2.165
 25    38.534 53093.12782639  9.11 123.902181  66.277324  2.165
 25    37.045 53093.12782703  9.37 123.898921  66.274244  2.165
 25    34.427 53093.12782768  9.85 123.895671  66.271164  2.165
 25    34.777 53093.12782832  9.49 123.892411  66.268074  2.165
 25    35.204 53093.12782897  8.94 123.889151  66.264994  2.165
 25    33.959 53093.12782961  9.57 123.885901  66.261914  2.165
 25    34.577 53093.12783026  9.11 123.882641  66.258824  2.165
 26    37.596 53128.12779869  8.64 123.924382  66.266974  4.469
 26    36.490 53128.12779933  8.96 123.921132  66.263894  4.469
 26    33.528 53128.12779998  9.59 123.917872  66.260814  4.469
 26    33.187 53128.12780062 10.23 123.914612  66.257724  4.469
 26    33.494 53128.12780127 11.30 123.911352  66.254644  4.469
 26    33.367 53128.12780191 12.59 123.908102  66.251564  4.469
 26    33.388 53128.12780255 13.56 123.904842  66.248484  4.469
 28    38.319 53198.12786370 21.18 123.918014  66.272155 23.414
 28    37.357 53198.12786434 22.28 123.914754  66.269075 23.414
 28    37.263 53198.12786499 15.94 123.911494  66.265995 23.414
 28    37.115 53198.12786563 15.60 123.908234  66.262905 23.414
 28    36.882 53198.12786628 15.94 123.904984  66.259825 23.414
 28    37.257 53198.12786692 16.76 123.901724  66.256745 23.414
 28    38.208 53198.12786756 16.79 123.898474  66.253665 23.414
 28    38.810 53198.12786821 17.10 123.895214  66.250575 23.414
 28    38.879 53198.12786885 22.79 123.891964  66.247495 23.414
 29    36.381 53233.12783895 24.18 123.915922  66.269392 22.073
 29    36.332 53233.12783960 15.11 123.912672  66.266312 22.073
 29    36.567 53233.12784024 13.70 123.909412  66.263222 22.073
 29    36.186 53233.12784089 13.77 123.906152  66.260142 22.073
 29    36.118 53233.12784153 15.10 123.902902  66.257062 22.073
 29    36.336 53233.12784218 17.22 123.899642  66.253972 22.073
 29    37.386 53233.12784282 17.92 123.896392  66.250892 22.073
 29    37.852 53233.12784347 21.98 123.893142  66.247802 22.073
 30    35.205 53268.12780435 23.09 123.909438  66.285045 23.300
 30    37.425 53268.12780499 19.46 123.906178  66.281965 23.300
 30    37.670 53268.12780563 16.20 123.902918  66.278875 23.300
 30    34.432 53268.12780628 18.52 123.899658  66.275795 23.300
 30    34.481 53268.12780692 18.83 123.896398  66.272715 23.300
 30    34.583 53268.12780757 16.22 123.893148  66.269625 23.300
 30    35.137 53268.12780821 14.92 123.889888  66.266545 23.300
 30    35.905 53268.12780886 15.48 123.886638  66.263455 23.300
 30    36.783 53268.12780950 17.90 123.883378  66.260375 23.300
 30    36.597 53268.12781015 31.82 123.880128  66.257295 23.300
 31    33.824 53303.12786413 43.13 123.914073  66.269764 15.277
 31    33.798 53303.12786478 45.15 123.910813  66.266684 15.277
 31    33.711 53303.12786542 41.98 123.907553  66.263604 15.277
 31    33.666 53303.12786607 37.56 123.904293  66.260514 15.277
 31    33.362 53303.12786671 33.42 123.901033  66.257434 15.277
 31    33.583 53303.12786736 33.70 123.897783  66.254344 15.277
 31    33.619 53303.12786800 38.40 123.894523  66.251264 15.277
 31    33.710 53303.12786865 44.21 123.891264  66.248179 14.997
 32    37.092 53338.12783272 12.25 123.913965  66.275296  4.017
 32    36.307 53338.12783337 12.32 123.910705  66.272216  4.017
 32    35.608 53338.12783401 12.39 123.907445  66.269136  4.017
 32    34.539 53338.12783465 12.89 123.904195  66.266056  4.017
 32    33.802 53338.12783530 14.58 123.900935  66.262966  4.017
 32    33.732 53338.12783594 13.75 123.897675  66.259886  4.017
 32    33.694 53338.12783659 13.61 123.894425  66.256806  4.017
 32    33.676 53338.12783723 12.98 123.891165  66.253716  4.017
 35    39.053 53443.12778911  7.82 123.911693  66.283609  2.278
 35    38.069 53443.12778976  7.81 123.908433  66.280519  2.278
 35    38.036 53443.12779040  7.50 123.905173  66.277439  2.278
 35    37.407 53443.12779105  7.44 123.901913  66.274359  2.278
 35    36.509 53443.12779169  7.53 123.898663  66.271269  2.278
 35    34.508 53443.12779234  7.89 123.895403  66.268189  2.278
 35    34.348 53443.12779298  7.68 123.892143  66.265109  2.278
 35    34.149 53443.12779363  7.75 123.888893  66.262019  2.278
 35    33.614 53443.12779427  7.71 123.885643  66.258939  2.278
 35    33.624 53443.12779492  7.10 123.882383  66.255849  2.278
 36    37.423 53478.12786503  6.93 123.916330  66.271246  2.235
 36    36.283 53478.12786568  7.89 123.913070  66.268166  2.235
 36    35.733 53478.12786632  7.59 123.909810  66.265076  2.235
 36    35.344 53478.12786697  7.72 123.906550  66.261996  2.235
 36    34.558 53478.12786761  8.37 123.903290  66.258916  2.235
 36    35.241 53478.12786826  8.03 123.900040  66.255836  2.235
 36    35.297 53478.12786890  8.26 123.896780  66.252746  2.235
 36    35.744 53478.12786955  7.95 123.893529  66.249660  3.583
 37    41.387 53513.12787521 44.22 123.914821  66.270971 48.205
 37    41.407 53513.12787585 50.40 123.911561  66.267891 48.205
 37    41.406 53513.12787650 52.34 123.908311  66.264811 48.205
 37    41.414 53513.12787714 51.32 123.905051  66.261731 48.205
 37    41.428 53513.12787779 48.47 123.901791  66.258641 48.205
 37    41.442 53513.12787843 48.49 123.898541  66.255561 48.205
 37    41.456 53513.12787908 50.13 123.895281  66.252481 48.205
 37    41.472 53513.12787972 47.94 123.892031  66.249391 48.205
 38    39.635 53548.12789152 24.04 123.915519  66.281117 13.918
 38    39.416 53548.12789217 22.60 123.912259  66.278037 13.918
 38    38.171 53548.12789281 19.15 123.908999  66.274947 13.918
 38    37.506 53548.12789346 19.75 123.905739  66.271867 13.918
 38    37.320 53548.12789410 18.72 123.902479  66.268787 13.918
 38    37.248 53548.12789475 19.85 123.899229  66.265707 13.918
 38    37.290 53548.12789539 19.27 123.895969  66.262617 13.918
 38    37.196 53548.12789604 21.68 123.892719  66.259537 13.918
 38    37.390 53548.12789668 22.69 123.889459  66.256457 13.918
 38    37.685 53548.12789732 26.49 123.886209  66.253367 13.918
 39    38.253 53583.12786011 17.73 123.912288  66.273811 21.835
 39    37.585 53583.12786075 15.64 123.909028  66.270721 21.835
 39    37.396 53583.12786140 14.53 123.905778  66.267641 21.835
 39    36.993 53583.12786204 14.60 123.902518  66.264561 21.835
 39    36.802 53583.12786269 15.57 123.899258  66.261481 21.835
 39    37.223 53583.12786333 16.37 123.896008  66.258391 21.835
 39    37.559 53583.12786398 17.77 123.892748  66.255311 21.835
 39    37.788 53583.12786462 23.27 123.889498  66.252221 21.835
 40    36.891 53618.12781409 48.15 123.909986  66.285392 37.729
 40    36.851 53618.12781473 50.24 123.906726  66.282312 37.729
 40    36.828 53618.12781537 44.90 123.903466  66.279222 37.729
 40    36.805 53618.12781602 45.74 123.900206  66.276142 37.729
 40    36.791 53618.12781666 46.39 123.896946  66.273052 37.729
 40    36.789 53618.12781731 45.55 123.893696  66.269972 37.729
 40    36.784 53618.12781795 48.94 123.890436  66.266892 37.729
 40    36.795 53618.12781860 49.03 123.887186  66.263802 37.729
 40    36.811 53618.12781924 51.16 123.883926  66.260722 37.729
 40    36.832 53618.12781989 51.29 123.880676  66.257642 37.729
 41    34.181 53653.12783776 21.94 123.918384  66.269036  8.327
 41    34.147 53653.12783841 21.29 123.915124  66.265956  8.327
 41    34.146 53653.12783905 19.37 123.911864  66.262866  8.327
 41    34.916 53653.12783970 17.99 123.908604  66.259786  8.327
 41    34.050 53653.12784034 20.21 123.905354  66.256706  8.327
 41    33.249 53653.12784099 21.69 123.902094  66.253616  8.327
 41    31.317 53653.12784163 27.30 123.898844  66.250536  8.327
 41    32.806 53653.12784228 24.77 123.895587  66.247450 28.795
 43    37.437 53723.12776030 17.26 123.915466  66.284400  4.513
 43    32.424 53723.12776094 20.18 123.912206  66.281310  4.513
 43    32.571 53723.12776159 20.45 123.908946  66.278230  4.513
 43    32.711 53723.12776223 20.95 123.905686  66.275150  4.513
 43    32.667 53723.12776288 21.54 123.902426  66.272070  4.513
 43    32.631 53723.12776352 21.14 123.899176  66.268980  4.513
 43    32.384 53723.12776417 21.10 123.895916  66.265900  4.513
 43    32.466 53723.12776481 19.98 123.892666  66.262810  4.513
 43    32.130 53723.12776546 19.35 123.889406  66.259730  4.513
 43    32.143 53723.12776610 18.57 123.886156  66.256650  4.513
 44    33.272 53758.12770010 14.62 123.926859  66.264612  2.960
 44    32.735 53758.12770074 14.73 123.923599  66.261532  2.960
 44    32.682 53758.12770139 15.61 123.920339  66.258442  2.960
 44    32.692 53758.12770203 16.30 123.917089  66.255362  2.960
 44    32.663 53758.12770268 15.09 123.913829  66.252282  2.960
 44    32.715 53758.12770332 14.63 123.910579  66.249192  2.960
 44    32.636 53758.12770397 13.92 123.907319  66.246112  2.960
 45    32.105 53793.12772171 15.70 123.913811  66.271404  3.263
 45    33.240 53793.12772235 14.95 123.910551  66.268324  3.263
 45    33.069 53793.12772300 15.59 123.907301  66.265244  3.263
 45    32.931 53793.12772364 15.35 123.904041  66.262154  3.263
 45    32.903 53793.12772429 15.01 123.900791  66.259074  3.263
 45    32.788 53793.12772493 14.21 123.897531  66.255994  3.263
 45    32.844 53793.12772558 13.75 123.894281  66.252904  3.263
 45    32.707 53793.12772622 13.47 123.891021  66.249824  3.263
 46    36.067 53828.12769193 12.02 123.927016  66.264144  2.398
 46    34.748 53828.12769257 12.04 123.923756  66.261054  2.398
 46    33.159 53828.12769322 11.66 123.920496  66.257974  2.398
 46    33.162 53828.12769386 11.47 123.917246  66.254894  2.398
 46    33.012 53828.12769451 11.43 123.913986  66.251804  2.398
 46    32.964 53828.12769515 11.01 123.910736  66.248722  2.021
 46    32.981 53828.12769580 11.04 123.907476  66.245642  2.021
 47    32.999 53863.12777541  7.36 123.917515  66.269710  3.001
 47    32.833 53863.12777605  7.11 123.914255  66.266630  3.001
 47    33.281 53863.12777669  6.99 123.910995  66.263540  3.001
 47    33.843 53863.12777734  6.37 123.907735  66.260460  3.001
 47    34.010 53863.12777798  6.62 123.904485  66.257380  3.001
 47    34.884 53863.12777863  6.52 123.901225  66.254300  3.001
 47    35.136 53863.12777927  6.01 123.897975  66.251210  3.001
 47    35.224 53863.12777992  5.94 123.894715  66.248130  3.001
 48    40.147 53898.12779851 29.77 123.917215  66.269795 28.306
 48    39.968 53898.12779915 29.36 123.913955  66.266715 28.306
 48    39.591 53898.12779979 26.24 123.910695  66.263625 28.306
 48    38.883 53898.12780044 26.50 123.907435  66.260545 28.306
 48    38.940 53898.12780108 26.92 123.904185  66.257465 28.306
 48    39.820 53898.12780173 24.75 123.900925  66.254375 28.306
 48    40.378 53898.12780237 25.72 123.897675  66.251295 28.306
 48    40.482 53898.12780302 32.54 123.894420  66.248217 27.764
 49    39.720 53933.12784289 20.35 123.915499  66.282538 13.025
 49    39.791 53933.12784353 19.37 123.912239  66.279458 13.025
 49    39.636 53933.12784418 14.50 123.908979  66.276378 13.025
 49    38.346 53933.12784482 14.31 123.905719  66.273298 13.025
 49    36.025 53933.12784547 16.04 123.902459  66.270208 13.025
 49    35.679 53933.12784611 16.14 123.899199  66.267128 13.025
 49    36.371 53933.12784676 16.56 123.895939  66.264048 13.025
 49    36.833 53933.12784740 16.92 123.892689  66.260958 13.025
 49    36.979 53933.12784805 20.69 123.889429  66.257878 13.025
 49    37.417 53933.12784869 24.84 123.886179  66.254798 13.025
 50    39.686 53968.12781616 20.86 123.913376  66.280780 14.306
 50    39.095 53968.12781680 19.72 123.910116  66.277700 14.306
 50    37.702 53968.12781745 17.58 123.906856  66.274620 14.306
 50    35.205 53968.12781809 17.94 123.903606  66.271530 14.306
 50    35.081 53968.12781874 17.46 123.900346  66.268450 14.306
 50    34.983 53968.12781938 17.99 123.897086  66.265370 14.306
 50    35.833 53968.12782002 16.15 123.893836  66.262280 14.306
 50    36.669 53968.12782067 16.31 123.890576  66.259200 14.306
 50    36.827 53968.12782131 20.78 123.887326  66.256120 14.306
 51    37.795 54003.12778727 49.57 123.926990  66.263164 20.907
 51    37.688 54003.12778792 51.10 123.923730  66.260074 20.907
 51    37.756 54003.12778856 50.08 123.920470  66.256994 20.907
 51    37.847 54003.12778920 47.77 123.917220  66.253914 20.907
 51    37.794 54003.12778985 49.02 123.913960  66.250824 20.907
 51    37.850 54003.12779049 37.93 123.910700  66.247744 20.907
 52    34.047 54038.12782267 22.06 123.919630  66.267595  8.749
 52    33.927 54038.12782331 24.41 123.916370  66.264515  8.749
 52    33.964 54038.12782395 23.99 123.913110  66.261425  8.749
 52    34.067 54038.12782460 24.04 123.909860  66.258345  8.749
 52    34.055 54038.12782524 25.19 123.906600  66.255265  8.749
 52    33.827 54038.12782589 27.54 123.903340  66.252185  8.749
 52    34.000 54038.12782653 35.47 123.900090  66.249095  8.749
 52    33.687 54038.12782718 29.93 123.896840  66.246015  8.749
 53    36.874 54073.12781677 16.11 123.913765  66.271135  3.446
 53    34.595 54073.12781741 16.51 123.910505  66.268055  3.446
 53    33.644 54073.12781806 17.75 123.907245  66.264975  3.446
 53    33.856 54073.12781870 17.59 123.903995  66.261885  3.446
 53    33.811 54073.12781934 16.94 123.900735  66.258805  3.446
 53    33.638 54073.12781999 16.44 123.897485  66.255725  3.446
 53    33.634 54073.12782063 15.66 123.894225  66.252635  3.446
 53    33.617 54073.12782128 15.52 123.890975  66.249555  3.446
 54    39.228 54108.12776214 10.70 123.910726  66.285361  2.874
 54    39.204 54108.12776279 10.95 123.907466  66.282271  2.874
 54    38.927 54108.12776343 10.86 123.904206  66.279191  2.874
 54    37.341 54108.12776408 11.72 123.900946  66.276111  2.874
 54    33.848 54108.12776472 13.36 123.897696  66.273031  2.874
 54    33.773 54108.12776536 13.10 123.894436  66.269941  2.874
 54    33.893 54108.12776601 13.41 123.891176  66.266861  2.874
 54    33.871 54108.12776665 13.45 123.887926  66.263771  2.874
 54    33.853 54108.12776730 12.65 123.884666  66.260691  2.874
 54    33.831 54108.12776794 12.12 123.881416  66.257611  2.874
 55    38.002 54143.12775245  9.06 123.921178  66.270163  2.207
 55    37.222 54143.12775309  9.43 123.917918  66.267083  2.207
 55    35.925 54143.12775373  9.95 123.914658  66.264003  2.207
 55    35.453 54143.12775438  9.35 123.911398  66.260913  2.207
 55    34.880 54143.12775502  9.12 123.908148  66.257833  2.207
 55    33.605 54143.12775567 10.21 123.904888  66.254753  2.207
 55    34.220 54143.12775631  9.59 123.901628  66.251663  2.207
 55    33.644 54143.12775696  9.04 123.898378  66.248583  2.207
 55    33.639 54143.12775760  8.27 123.895128  66.245503  2.207
 56    38.457 54178.12774563  8.89 123.915999  66.283596  2.222
 56    38.490 54178.12774627  8.31 123.912739  66.280516  2.222
 56    38.057 54178.12774692  8.65 123.909479  66.277436  2.222
 56    37.158 54178.12774756  8.93 123.906219  66.274356  2.222
 56    36.335 54178.12774821  8.89 123.902969  66.271266  2.222
 56    35.423 54178.12774885  9.68 123.899709  66.268186  2.222
 56    34.418 54178.12774950  9.34 123.896449  66.265106  2.222
 56    34.679 54178.12775014  8.90 123.893199  66.262016  2.222
 56    34.245 54178.12775079  8.76 123.889939  66.258936  2.222
 56    33.665 54178.12775143  8.56 123.886689  66.255856  2.222
 57    37.041 54213.12776012  7.62 123.917700  66.269630  2.091
 57    35.586 54213.12776076  8.04 123.914440  66.266550  2.091
 57    34.856 54213.12776141  8.20 123.911180  66.263460  2.091
 57    34.896 54213.12776205  8.20 123.907920  66.260380  2.091
 57    35.234 54213.12776269  8.01 123.904670  66.257300  2.091
 57    35.294 54213.12776334  8.01 123.901410  66.254210  2.091
 57    35.442 54213.12776398  7.95 123.898160  66.251130  2.091
 57    35.560 54213.12776463  7.49 123.894901  66.248043  2.552
 58    42.745 54248.12778869 45.73 123.915038  66.269234 39.081
 58    42.752 54248.12778933 48.63 123.911778  66.266154 39.081
 58    42.762 54248.12778998 50.83 123.908518  66.263074 39.081
 58    42.802 54248.12779062 52.39 123.905268  66.259984 39.081
 58    42.823 54248.12779127 51.40 123.902008  66.256904 39.081
 58    42.840 54248.12779191 52.50 123.898758  66.253824 39.081
 58    42.849 54248.12779256 50.67 123.895498  66.250734 39.081
 58    42.849 54248.12779320 49.39 123.892248  66.247654 39.081
 60    36.925 54318.12779492 51.29 123.915195  66.272871 35.536
 60    36.890 54318.12779556 50.64 123.911935  66.269781 35.536
 60    36.989 54318.12779621 50.18 123.908675  66.266701 35.536
 60    36.934 54318.12779685 50.46 123.905425  66.263621 35.536
 60    37.064 54318.12779749 50.91 123.902165  66.260531 35.536
 60    37.071 54318.12779814 50.67 123.898915  66.257451 35.536
 60    37.115 54318.12779878 50.34 123.895655  66.254371 35.536
 60    37.118 54318.12779943 49.75 123.892405  66.251281 35.536
 61    39.516 54353.12775829 24.03 123.915378  66.281436 16.088
 61    39.238 54353.12775894 25.39 123.912118  66.278356 16.088
 61    39.241 54353.12775958 16.21 123.908858  66.275276 16.088
 61    38.336 54353.12776023 13.60 123.905598  66.272186 16.088
 61    37.662 54353.12776087 13.95 123.902338  66.269106 16.088
 61    37.197 54353.12776152 14.56 123.899088  66.266026 16.088
 61    36.286 54353.12776216 15.00 123.895828  66.262946 16.088
 61    36.802 54353.12776281 15.62 123.892578  66.259856 16.088
 61    37.267 54353.12776345 17.63 123.889318  66.256776 16.088
 61    37.280 54353.12776410 22.96 123.886068  66.253686 16.088
 62    33.892 54388.12773542 21.07 123.915827  66.269195 12.969
 62    33.759 54388.12773607 23.21 123.912567  66.266115 12.969
 62    33.896 54388.12773671 23.40 123.909307  66.263035 12.969
 62    33.854 54388.12773736 22.99 123.906057  66.259945 12.969
 62    33.419 54388.12773800 25.32 123.902797  66.256865 12.969
 62    33.633 54388.12773865 26.79 123.899547  66.253785 12.969
 62    34.005 54388.12773929 27.18 123.896287  66.250695 12.969
 62    34.160 54388.12773994 40.28 123.893037  66.247615 12.969
 63    32.631 54423.12770884 24.95 123.914575  66.278036  6.399
 63    32.809 54423.12770948 26.66 123.911315  66.274956  6.399
 63    32.765 54423.12771013 25.70 123.908065  66.271866  6.399
 63    32.693 54423.12771077 24.04 123.904805  66.268786  6.399
 63    32.429 54423.12771142 23.20 123.901545  66.265706  6.399
 63    32.085 54423.12771206 23.07 123.898295  66.262616  6.399
 63    32.158 54423.12771271 22.49 123.895035  66.259536  6.399
 63    32.589 54423.12771335 20.80 123.891785  66.256456  6.399
 63    32.657 54423.12771399 19.59 123.888525  66.253376  6.399
 64    33.595 54458.12771018 18.22 123.921693  66.266100  3.673
 64    33.392 54458.12771082 18.92 123.918433  66.263020  3.673
 64    33.302 54458.12771147 18.78 123.915173  66.259930  3.673
 64    33.350 54458.12771211 18.42 123.911923  66.256850  3.673
 64    33.318 54458.12771276 18.35 123.908663  66.253770  3.673
 64    33.383 54458.12771340 17.37 123.905403  66.250680  3.673
 64    33.213 54458.12771405 16.78 123.902153  66.247600  3.673
 65    33.280 54493.12771294 16.40 123.912557  66.274382  3.988
 65    33.363 54493.12771359 17.78 123.909297  66.271292  3.988
 65    33.136 54493.12771423 17.12 123.906047  66.268212  3.988
 65    33.118 54493.12771488 17.98 123.902787  66.265132  3.988
 65    33.066 54493.12771552 17.69 123.899527  66.262042  3.988
 65    33.197 54493.12771617 17.29 123.896277  66.258962  3.988
 65    33.229 54493.12771681 16.00 123.893017  66.255882  3.988
 65    33.212 54493.12771746 15.41 123.889767  66.252792  3.988
 66    33.390 54528.12772263 13.20 123.919925  66.268276  3.316
 66    33.226 54528.12772328 13.81 123.916665  66.265196  3.316
 66    33.196 54528.12772392 13.53 123.913405  66.262106  3.316
 66    33.108 54528.12772457 13.76 123.910155  66.259026  3.316
 66    32.886 54528.12772521 13.73 123.906895  66.255946  3.316
 66    33.109 54528.12772586 12.91 123.903635  66.252856  3.316
 66    32.916 54528.12772650 13.32 123.900385  66.249776  3.316
 66    33.196 54528.12772715 11.96 123.897132  66.246690  2.006
 67    38.047 54563.12771894  9.10 123.915049  66.282340  2.269
 67    37.079 54563.12771958  8.61 123.911789  66.279250  2.269
 67    37.240 54563.12772023  8.29 123.908529  66.276170  2.269
 67    35.872 54563.12772087  8.98 123.905269  66.273080  2.269
 67    35.198 54563.12772152  8.85 123.902019  66.270000  2.269
 67    34.060 54563.12772216  8.92 123.898759  66.266920  2.269
 67    33.869 54563.12772280  8.98 123.895499  66.263840  2.269
 67    33.513 54563.12772345  8.90 123.892249  66.260750  2.269
 67    33.384 54563.12772409  8.69 123.888989  66.257670  2.269
 67    33.295 54563.12772474  8.57 123.885739  66.254580  2.269
 68    31.799 54598.12771746 33.02 123.916733  66.272421 23.441
 68    36.296 54598.12771811 25.97 123.913473  66.269341 23.441
 68    33.047 54598.12771875 26.46 123.910213  66.266261 23.441
 68    33.008 54598.12771940 29.46 123.906963  66.263181 23.441
 68    33.275 54598.12772004 24.65 123.903703  66.260091 23.441
 68    33.474 54598.12772069 24.66 123.900443  66.257011 23.441
 68    33.444 54598.12772133 24.32 123.897193  66.253931 23.441
 68    33.549 54598.12772198 26.16 123.893933  66.250841 23.441
 69    39.277 54633.12773099 50.16 123.913718  66.271105 31.996
 69    39.254 54633.12773164 51.36 123.910458  66.268025 31.996
 69    39.294 54633.12773228 49.46 123.907198  66.264945 31.996
 69    39.339 54633.12773292 42.09 123.903948  66.261855 31.996
 69    39.149 54633.12773357 33.57 123.900688  66.258775 31.996
 69    38.992 54633.12773421 28.55 123.897438  66.255695 31.996
 69    38.884 54633.12773486 27.25 123.894178  66.252605 31.996
 69    39.389 54633.12773550 27.87 123.890928  66.249525 31.996
 70    38.805 54668.12773580 25.48 123.914273  66.273793 25.630
 70    31.504 54668.12773645 23.79 123.911013  66.270703 25.630
 70    35.821 54668.12773709 17.59 123.907753  66.267623 25.630
 70    35.802 54668.12773774 13.97 123.904503  66.264543 25.630
 70    37.503 54668.12773838 14.38 123.901243  66.261453 25.630
 70    37.603 54668.12773903 13.79 123.897983  66.258373 25.630
 70    38.290 54668.12773967 15.26 123.894733  66.255293 25.630
 70    38.879 54668.12774032 17.64 123.891473  66.252203 25.630
 71    37.092 54703.12770071 33.73 123.912224  66.277242 15.217
 71    36.877 54703.12770135 25.45 123.908964  66.274162 15.217
 71    36.920 54703.12770200 23.99 123.905704  66.271072 15.217
 71    36.907 54703.12770264 23.12 123.902454  66.267992 15.217
 71    36.750 54703.12770328 22.99 123.899194  66.264912 15.217
 71    36.780 54703.12770393 21.90 123.895934  66.261822 15.217
 71    36.922 54703.12770457 20.98 123.892684  66.258742 15.217
 71    37.165 54703.12770522 21.18 123.889434  66.255662 15.217
 72    36.628 54738.12769765 29.26 123.922022  66.269966 21.763
 72    37.955 54738.12769829 22.04 123.918762  66.266876 21.763
 72    38.349 54738.12769894 19.71 123.915502  66.263796 21.763
 72    36.850 54738.12769958 19.37 123.912242  66.260716 21.763
 72    36.329 54738.12770023 19.98 123.908992  66.257626 21.763
 72    36.179 54738.12770087 22.32 123.905732  66.254546 21.763
 72    37.172 54738.12770152 20.62 123.902482  66.251466 21.763
 72    37.841 54738.12770216 21.72 123.899222  66.248376 21.763
 73    32.770 54773.12768243 38.69 123.912964  66.274396 18.214
 73    32.821 54773.12768308 40.12 123.909704  66.271316 18.214
 73    32.816 54773.12768372 36.58 123.906454  66.268236 18.214
 73    32.840 54773.12768437 36.01 123.903194  66.265156 18.214
 73    32.665 54773.12768501 35.36 123.899934  66.262066 18.214
 73    32.720 54773.12768566 38.55 123.896684  66.258986 18.214
 73    32.629 54773.12768630 43.33 123.893424  66.255906 18.214
 73    32.613 54773.12768695 37.74 123.890174  66.252816 18.214
 74    37.071 54808.12769164 15.69 123.921055  66.267913  3.244
 74    35.852 54808.12769229 16.03 123.917795  66.264833  3.244
 74    34.272 54808.12769293 16.49 123.914535  66.261743  3.244
 74    33.987 54808.12769357 16.10 123.911275  66.258663  3.244
 74    33.640 54808.12769422 16.58 123.908025  66.255583  3.244
 74    33.566 54808.12769486 15.14 123.904765  66.252503  3.244
 74    33.442 54808.12769551 15.01 123.901505  66.249413  3.244
 74    33.582 54808.12769615 14.16 123.898252  66.246328  2.134
 75    36.362 54843.12767985 15.24 123.912748  66.272845  3.327
 75    34.758 54843.12768050 15.01 123.909488  66.269755  3.327
 75    34.219 54843.12768114 15.47 123.906238  66.266675  3.327
 75    34.148 54843.12768179 15.16 123.902978  66.263595  3.327
 75    33.947 54843.12768243 14.74 123.899718  66.260505  3.327
 75    33.891 54843.12768308 14.90 123.896468  66.257425  3.327
 75    33.818 54843.12768372 14.18 123.893208  66.254345  3.327
 75    33.851 54843.12768437 13.40 123.889958  66.251255  3.327
 76    36.886 54878.12769396 12.61 123.916583  66.270369  3.085
 76    33.728 54878.12769461 14.35 123.913323  66.267289  3.085
 76    34.008 54878.12769525 13.04 123.910063  66.264199  3.085
 76    33.939 54878.12769590 13.69 123.906803  66.261119  3.085
 76    33.689 54878.12769654 12.74 123.903553  66.258039  3.085
 76    33.419 54878.12769718 12.66 123.900293  66.254949  3.085
 76    33.541 54878.12769783 12.76 123.897043  66.251869  3.085
 76    33.628 54878.12769847 11.30 123.893788  66.248784  1.939
 77    38.081 54913.12768280 10.12 123.913247  66.281768  2.668
 77    37.727 54913.12768344 10.15 123.909987  66.278688  2.668
 77    37.198 54913.12768408 10.82 123.906727  66.275608  2.668
 77    35.599 54913.12768473 10.87 123.903467  66.272518  2.668
 77    34.950 54913.12768537 10.83 123.900217  66.269438  2.668
 77    34.070 54913.12768602 11.99 123.896957  66.266358  2.668
 77    34.153 54913.12768666 10.18 123.893697  66.263268  2.668
 77    33.887 54913.12768731 11.17 123.890447  66.260188  2.668
 77    33.567 54913.12768795 10.41 123.887197  66.257108  2.668
 78    36.218 54948.12768641 29.76 123.915633  66.269239 14.667
 78    35.987 54948.12768706 21.64 123.912373  66.266159 14.667
 78    33.745 54948.12768770 23.44 123.909123  66.263079 14.667
 78    33.750 54948.12768835 28.12 123.905863  66.259989 14.667
 78    33.475 54948.12768899 34.32 123.902603  66.256909 14.667
 78    33.011 54948.12768964 37.66 123.899348  66.253832 20.924
 78    32.538 54948.12769028 37.11 123.896098  66.250742 20.924
 78    33.949 54948.12769093 36.84 123.892838  66.247662 20.924
 79    39.669 54983.12771176 25.96 123.912957  66.270481 26.420
 79    39.465 54983.12771240 25.52 123.909697  66.267401 26.420
 79    39.343 54983.12771305 22.38 123.906447  66.264321 26.420
 79    38.939 54983.12771369 24.01 123.903187  66.261231 26.420
 79    39.145 54983.12771434 23.42 123.899927  66.258151 26.420
 79    39.335 54983.12771498 22.60 123.896677  66.255071 26.420
 79    39.701 54983.12771563 26.01 123.893417  66.251981 26.420
 80    38.708 55018.12770937 31.79 123.916307  66.272964 22.472
 80    37.288 55018.12771002 27.46 123.913047  66.269874 22.472
 80    37.261 55018.12771066 22.25 123.909787  66.266794 22.472
 80    37.304 55018.12771131 16.22 123.906537  66.263714 22.472
 80    37.587 55018.12771195 16.09 123.903277  66.260624 22.472
 80    37.359 55018.12771260 17.06 123.900027  66.257544 22.472
 80    37.712 55018.12771324 18.05 123.896767  66.254464 22.472
 80    38.232 55018.12771389 20.80 123.893517  66.251374 22.472
 81    34.432 55053.12770511 51.67 123.913214  66.271888 41.340
 81    34.478 55053.12770576 51.24 123.909954  66.268808 41.340
 81    34.493 55053.12770640 51.94 123.906704  66.265728 41.340
 81    34.360 55053.12770705 50.28 123.903444  66.262648 41.340
 81    34.428 55053.12770769 50.41 123.900184  66.259558 41.340
 81    34.461 55053.12770834 53.33 123.896934  66.256478 41.340
 81    34.441 55053.12770898 50.58 123.893674  66.253398 41.340
 81    34.338 55053.12770963 55.13 123.890424  66.250308 41.340
 82    34.884 55088.12766509 46.18 123.915613  66.284459 29.654
 82    34.959 55088.12766574 37.90 123.912353  66.281379 29.654
 82    34.917 55088.12766638 28.65 123.909093  66.278289 29.654
 82    34.804 55088.12766702 26.37 123.905833  66.275209 29.654
 82    35.001 55088.12766767 27.79 123.902573  66.272119 29.654
 82    35.055 55088.12766831 30.30 123.899323  66.269039 29.654
 82    35.115 55088.12766896 35.19 123.896063  66.265959 29.654
 82    35.059 55088.12766960 37.72 123.892803  66.262879 29.654
 82    34.995 55088.12767025 29.81 123.889553  66.259789 29.654
 82    35.094 55088.12767089 30.59 123.886303  66.256709 29.654
 83    34.993 55123.12764157 50.99 123.919408  66.269079 26.020
 83    34.994 55123.12764222 39.92 123.916148  66.265999 26.020
 83    34.851 55123.12764286 34.07 123.912888  66.262919 26.020
 83    35.196 55123.12764351 27.66 123.909638  66.259829 26.020
 83    35.160 55123.12764415 23.16 123.906378  66.256749 26.020
 83    35.643 55123.12764480 22.72 123.903118  66.253669 26.020
 83    36.026 55123.12764544 22.65 123.899868  66.250579 26.020
 83    36.565 55123.12764609 22.37 123.896614  66.247494 16.561
 84    39.224 55158.12762733 19.62 123.912543  66.277104  4.911
 84    36.910 55158.12762798 20.72 123.909283  66.274014  4.911
 84    33.520 55158.12762862 22.38 123.906023  66.270934  4.911
 84    33.327 55158.12762927 22.34 123.902773  66.267854  4.911
 84    33.552 55158.12762991 21.97 123.899513  66.264774  4.911
 84    33.316 55158.12763056 22.07 123.896253  66.261684  4.911
 84    33.313 55158.12763120 21.24 123.893003  66.258604  4.911
 84    33.349 55158.12763185 21.08 123.889743  66.255524  4.911
 85    35.893 55193.12763154 17.20 123.920531  66.267206  3.245
 85    33.938 55193.12763218 17.39 123.917271  66.264126  3.245
 85    33.729 55193.12763283 17.91 123.914011  66.261036  3.245
 85    33.797 55193.12763347 17.71 123.910751  66.257956  3.245
 85    33.902 55193.12763412 17.30 123.907501  66.254876  3.245
 85    33.936 55193.12763476 17.17 123.904241  66.251786  3.245
 85    33.939 55193.12763541 17.37 123.900981  66.248706  3.245
 85    34.137 55193.12763605 16.58 123.897731  66.245630  2.831
 86    37.971 55228.12762812 14.01 123.915588  66.281038  3.983
 86    37.673 55228.12762877 15.49 123.912328  66.277958  3.983
 86    36.299 55228.12762941 15.55 123.909068  66.274878  3.983
 86    33.532 55228.12763006 17.20 123.905808  66.271788  3.983
 86    32.816 55228.12763070 17.72 123.902558  66.268708  3.983
 86    33.741 55228.12763135 17.36 123.899298  66.265628  3.983
 86    33.204 55228.12763199 17.30 123.896038  66.262538  3.983
 86    32.920 55228.12763264 17.59 123.892788  66.259458  3.983
 86    32.932 55228.12763328 16.89 123.889528  66.256378  3.983
 86    32.734 55228.12763393 17.56 123.886278  66.253288  3.983
 87    33.543 55263.12762667 13.10 123.916220  66.270218  2.907
 87    33.555 55263.12762732 12.80 123.912960  66.267138  2.907
 87    33.671 55263.12762796 13.19 123.909700  66.264048  2.907
 87    33.562 55263.12762861 12.65 123.906450  66.260968  2.907
 87    33.385 55263.12762925 12.57 123.903190  66.257888  2.907
 87    32.873 55263.12762990 12.62 123.899940  66.254798  2.907
 87    32.772 55263.12763054 12.61 123.896680  66.251718  2.907
 87    34.006 55263.12763119 11.84 123.893431  66.248631  2.054
 88    37.139 55298.12761172 10.32 123.915295  66.281057  3.106
 88    37.516 55298.12761237 11.47 123.912035  66.277977  3.106
 88    33.735 55298.12761301 13.12 123.908775  66.274897  3.106
 88    33.445 55298.12761366 12.69 123.905515  66.271807  3.106
 88    33.937 55298.12761430 12.37 123.902265  66.268727  3.106
 88    33.970 55298.12761495 11.31 123.899005  66.265647  3.106
 88    33.771 55298.12761559 11.05 123.895745  66.262567  3.106
 88    33.282 55298.12761624 11.24 123.892495  66.259477  3.106
 88    33.283 55298.12761688 10.96 123.889235  66.256397  3.106
 88    33.150 55298.12761753 11.33 123.885985  66.253307  3.106
 89    33.382 55333.12760436 42.43 123.915050  66.275094 30.179
 89    33.326 55333.12760500 36.47 123.911790  66.272014 30.179
 89    33.435 55333.12760565 39.04 123.908530  66.268924 30.179
 89    33.336 55333.12760629 43.62 123.905280  66.265844 30.179
 89    33.295 55333.12760694 48.96 123.902020  66.262764 30.179
 89    33.303 55333.12760758 46.50 123.898760  66.259674 30.179
 89    33.349 55333.12760823 45.84 123.895510  66.256594 30.179
 89    33.073 55333.12760887 43.43 123.892250  66.253514 30.179
 89    33.224 55333.12760952 41.81 123.889000  66.250424 30.179
 90    39.183 55368.12759630 24.82 123.915596  66.275116 17.268
 90    39.030 55368.12759695 16.21 123.912336  66.272026 17.268
 90    38.880 55368.12759759 13.99 123.909076  66.268946 17.268
 90    38.528 55368.12759824 13.76 123.905826  66.265866 17.268
 90    38.022 55368.12759888 14.24 123.902566  66.262786 17.268
 90    37.351 55368.12759953 14.32 123.899306  66.259696 17.268
 90    37.329 55368.12760017 15.71 123.896056  66.256616 17.268
 90    37.852 55368.12760082 17.01 123.892796  66.253536 17.268
 90    39.388 55368.12760146 23.36 123.889546  66.250446 17.268
 91    38.471 55403.12761246 23.26 123.921478  66.269781 23.491
 91    39.276 55403.12761310 15.87 123.918218  66.266701 23.491
 91    39.141 55403.12761374 15.40 123.914958  66.263621 23.491
 91    38.639 55403.12761439 15.26 123.911698  66.260531 23.491
 91    35.857 55403.12761503 16.39 123.908448  66.257451 23.491
 91    36.399 55403.12761568 17.25 123.905188  66.254371 23.491
 91    37.355 55403.12761632 17.41 123.901938  66.251281 23.491
 91    37.916 55403.12761697 18.29 123.898678  66.248201 23.491
 92    33.752 55438.12761419 37.89 123.915025  66.274747 31.080
 92    34.093 55438.12761484 38.32 123.911765  66.271657 31.080
 92    34.423 55438.12761548 41.36 123.908505  66.268577 31.080
 92    34.567 55438.12761613 41.78 123.905255  66.265497 31.080
 92    34.617 55438.12761677 46.11 123.901995  66.262417 31.080
 92    34.627 55438.12761742 51.02 123.898735  66.259327 31.080
 92    34.539 55438.12761806 47.99 123.895485  66.256247 31.080
 92    34.497 55438.12761871 35.52 123.892235  66.253167 31.080
 93    37.820 55473.12756157 28.20 123.912856  66.281439 10.578
 93    39.417 55473.12756222 22.12 123.909596  66.278359 10.578
 93    37.492 55473.12756286 19.41 123.906336  66.275279 10.578
 93    37.786 55473.12756351 19.52 123.903076  66.272189 10.578
 93    35.595 55473.12756415 21.87 123.899826  66.269109 10.578
 93    33.972 55473.12756480 23.08 123.896566  66.266029 10.578
 93    35.135 55473.12756544 21.21 123.893316  66.262939 10.578
 93    35.808 55473.12756609 23.68 123.890056  66.259859 10.578
 93    36.728 55473.12756673 21.23 123.886806  66.256779 10.578
