# NaN NaN NaN ;Mean Elev.(m), Avg Gradient(m/km), RMS Gradient(m/km) - SRTM1     
#  115.594     NaN     NaN ;Mean Elev.(m), Avg Gradient(m/km), RMS Gradient(m/km) - ASTER GDEM
#  130.108   1.806  58.850 ;Mean Elev.(m), Avg Gradient(m/km), RMS Gradient(m/km) - GMTED2010 
  8 119.449292  60.233655   130.360   130.309  4 52479.12702046 23.622
  9 119.452495  60.232182   127.772   127.711  3 52514.12696624 34.643
 10 119.462770  60.235527   129.861   129.920  3 52549.12700959 25.930
 11 119.460811  60.235041   127.726   127.703  3 52584.12699983 36.797
 12 119.446354  60.238988   129.152   129.157  7 52619.12697665 17.742
 13 119.467837  60.234408   128.712   128.684  3 52654.12695886 13.606
 14 119.448423  60.237733   130.107   130.177  7 52689.12695540 12.095
 15 119.457368  60.234158   129.197   129.210  3 52724.12700075  9.552
 18 119.471124  60.234627   131.594   131.598  3 52829.12704171 44.441
 19 119.468629  60.234466   130.167   130.166  3 52864.12708647 49.238
 20 119.450092  60.234822   129.590   129.601  4 52899.12711620 36.515
 21 119.444434  60.237870   128.992   128.901  7 52934.12706004 45.224
 22 119.463618  60.236325   130.848   130.955  3 52969.12707311 25.320
 23 119.450446  60.238446   130.164   130.189  6 53004.12709297 15.966
 24 119.441803  60.236390   129.904   129.928  7 53039.12704269 15.779
 27 119.459916  60.236462   417.978   417.978  2 53144.12708237  0.651
 30 119.451446  60.239736   129.569   129.596  7 53249.12708970 30.949
 31 119.461317  60.235460   129.917   129.849  3 53284.12708461 30.905
 37 119.450150  60.233178   142.580   142.582  4 53494.12713484 22.949
 41 119.462109  60.235134   134.860   135.823  3 53634.12707829 25.097
 42 119.451491  60.233745   128.609   128.653  4 53669.12710068 42.360
 44 119.446970  60.237588   131.453   131.479  7 53739.12694888 11.824
 45 119.466310  60.235822   129.782   129.952  3 53774.12696672 10.273
 50 119.445681  60.236786   129.359   129.348  7 53949.12708854 48.698
 52 119.466148  60.235254   129.533   129.557  3 54019.12706091 30.813
 53 119.468244  60.235978   130.158   130.357  3 54054.12705156 22.883
 54 119.450721  60.233246   130.154   130.132  4 54089.12704409 17.096
 60 119.458268  60.234664   136.364   136.314  4 54299.12704262 17.430
 61 119.452269  60.234542   130.129   130.010  4 54334.12703342 36.492
 63 119.453621  60.234578   130.124   130.073  3 54404.12697722 30.855
 64 119.470024  60.235250   131.004   131.011  3 54439.12693378 24.865
 65 119.461773  60.235058   130.608   130.514  3 54474.12696323 17.006
 70 119.457085  60.233469   134.602   133.310  3 54649.12697726 20.690
 71 119.451322  60.234329   133.414   131.890  4 54684.12697470 12.754
 72 119.469293  60.235571   142.681   142.681  2 54719.12692075  8.763
 73 119.458283  60.235201   129.651   129.634  3 54754.12694799 51.533
 74 119.465994  60.234679   129.868   129.772  3 54789.12691486 27.540
 76 119.469493  60.235280   129.933   129.933  2 54859.12690739 16.016
 77 119.451243  60.233786   130.658   130.606  3 54894.12694567 15.502
 81 119.458934  60.234072   131.118   131.150  3 55034.12695289 24.380
 82 119.449427  60.233327   133.428   132.102  4 55069.12694235 17.023
 83 119.463985  60.233698   133.013   132.690  3 55104.12688193 33.708
 84 119.456116  60.234201   128.867   128.943  4 55139.12688967 35.431
 85 119.468785  60.235460   129.656   129.685  3 55174.12684931 21.187
 86 119.458146  60.233579   130.499   130.597  3 55209.12688457 15.555
 87 119.463197  60.233730   129.088   129.107  3 55244.12685569 14.322
 88 119.451585  60.234287   130.414   130.459  4 55279.12687840 11.926
 92 119.458850  60.233927   130.677   130.700  3 55419.12686778 37.626
 93 119.446032  60.229774   145.972   145.972  2 55454.12684777  8.358
 94 119.446096  60.237711   129.029   128.939  6 55489.12676650 44.971
