# NaN NaN NaN ;Mean Elev.(m), Avg Gradient(m/km), RMS Gradient(m/km) - SRTM1     
#   85.332  -7.286  34.340 ;Mean Elev.(m), Avg Gradient(m/km), RMS Gradient(m/km) - ASTER GDEM
#   82.622  -7.819  33.633 ;Mean Elev.(m), Avg Gradient(m/km), RMS Gradient(m/km) - GMTED2010 
  8 128.712993  61.258593    94.550    94.550  2 52499.51526214 29.891
  9 128.689269  61.257675    94.755    94.705  4 52534.51525014 42.616
 10 128.702749  61.258657    93.539    93.541  4 52569.51527941 38.776
 11 128.710358  61.259533    93.896    93.896  2 52604.51526147 18.606
 12 128.696304  61.256893    93.090    93.207  3 52639.51524325 14.758
 13 128.710383  61.259727    92.312    92.475  3 52674.51523877 15.922
 14 128.699410  61.257714    92.479    92.483  3 52709.51525476 14.475
 17 128.693116  61.256899    96.375    96.271  4 52814.51530318 51.658
 21 128.701495  61.257797    94.383    94.347  3 52954.51531078 23.769
 22 128.712795  61.258824    93.967    93.979  3 52989.51532031 17.721
 28 128.704334  61.259398    96.763    96.712  3 53199.51537925 25.455
 31 128.692644  61.257561    95.016    95.075  3 53304.51537594 48.044
 35 128.717718  61.261691    96.143    96.143  2 53444.51530199  9.777
 36 128.694639  61.258048    95.965    96.807  3 53479.51538099  6.469
 40 128.717007  61.259544    97.829    97.829  2 53619.51532624 44.459
 47 128.697454  61.258592   224.822   225.048  4 53864.51528899  5.025
 52 128.704336  61.259031   229.586   229.700  3 54039.51533432  1.533
 59 128.709431  61.258111   100.285   100.285  2 54284.51530961 19.248
 61 128.714673  61.261486    97.917    97.917  2 54354.51527061 17.265
 62 128.706333  61.258942   227.464   226.483  3 54389.51524745  2.979
 63 128.711684  61.258707   232.059   232.059  2 54424.51521997  2.420
 64 128.700660  61.258183   225.559   226.725  3 54459.51522301  1.799
 66 128.703826  61.259264    95.968    95.825  3 54529.51523592 12.740
 69 128.704476  61.259671    98.858    99.008  3 54634.51524410 24.676
 70 128.707260  61.259141    99.154    99.154  2 54669.51524864 42.524
 73 128.712730  61.259134    93.685    93.685  2 54774.51519286 44.407
 74 128.697580  61.258670    94.935    95.034  3 54809.51520487 22.234
 75 128.711041  61.259212    94.024    94.024  2 54844.51519153 16.827
 76 128.702787  61.257942    94.497    94.458  3 54879.51520779 13.779
 77 128.712899  61.260010    93.549    93.423  3 54914.51519542 13.760
 78 128.701876  61.259346   230.089   229.977  3 54949.51520080  0.566
 80 128.708683  61.258901    98.219    98.219  2 55019.51522103 19.393
 83 128.703508  61.259856    95.348    95.451  3 55124.51515489 21.379
 84 128.711138  61.258819    95.149    95.103  3 55159.51513844 16.714
 85 128.698167  61.258960    95.076    95.170  3 55194.51514518 14.717
 86 128.712458  61.260268    94.035    94.035  2 55229.51514095 12.521
 88 128.714308  61.260779    94.395    94.395  2 55299.51512396 10.387
 90 128.709924  61.258636    97.384    97.384  2 55369.51510830 22.656
 91 128.702578  61.258454    94.167    94.172  3 55404.51512569 30.024
 92 128.711958  61.258827    97.285    97.285  2 55439.51512680 30.704
 93 128.717686  61.259029    95.393    95.393  2 55474.51507245 17.357
