# NaN NaN NaN ;Mean Elev.(m), Avg Gradient(m/km), RMS Gradient(m/km) - SRTM1     
#   40.731  -7.434  69.464 ;Mean Elev.(m), Avg Gradient(m/km), RMS Gradient(m/km) - ASTER GDEM
#   33.000  -7.818  72.458 ;Mean Elev.(m), Avg Gradient(m/km), RMS Gradient(m/km) - GMTED2010 
  7 126.843573  64.119783    61.586    61.481  4 52470.11424174 10.170
  8 126.842410  64.120316    60.840    60.763  4 52505.11422527 17.706
  9 126.863378  64.117011    57.580    57.581  6 52540.11420811 44.423
 10 126.845472  64.119460    55.499    55.494  4 52575.11425350 48.162
 11 126.842904  64.119751    60.286    60.914  5 52610.11421414 23.983
 12 126.852385  64.118322    56.418    55.681  5 52645.11420421 22.778
 13 126.847833  64.119838    60.622    60.486  5 52680.11418034 16.725
 15 126.831166  64.122834    62.622    62.635  3 52750.11425429  9.331
 16 126.860103  64.117181    58.085    57.466  5 52785.11419694 38.539
 17 126.856931  64.117009    59.395    59.446  6 52820.11427233 30.727
 18 126.854889  64.117482    58.134    57.788  5 52855.11432059 26.232
 20 126.836541  64.121736    61.722    61.841  5 52925.11430678 26.242
 21 126.863370  64.117251    56.409    56.430  6 52960.11427413 26.865
 22 126.850895  64.118760    58.462    58.621  5 52995.11430864 17.545
 23 126.838034  64.120825    61.362    61.733  5 53030.11427192 13.988
 24 126.854583  64.117418    60.645    60.681  5 53065.11427938 12.949
 25 126.835171  64.123210    61.631    61.680  4 53100.11428529 10.717
 28 126.846888  64.119887    59.751    59.251  5 53205.11434819 27.832
 29 126.846172  64.120534    58.925    58.902  5 53240.11431616 50.626
 31 126.845754  64.117620    56.254    56.252  5 53310.11433106 36.645
 32 126.844008  64.119813    61.825    61.987  4 53345.11429684 10.306
 33 126.864880  64.116491    59.911    59.915  7 53380.11424795 10.601
 34 126.851445  64.117915    61.487    61.488  5 53415.11427417 10.403
 35 126.864945  64.116466    60.307    60.327  7 53450.11426769  8.993
 36 126.844982  64.119041    60.465    59.881  5 53485.11435304 16.089
 38 126.841306  64.120972    60.380    60.379  4 53555.11437166 51.955
 39 126.844817  64.117816    59.763    60.095  5 53590.11431557 23.822
 40 126.855562  64.117442    59.706    59.715  5 53625.11429602 50.796
 41 126.851086  64.118051    56.477    56.442  5 53660.11432253 50.384
 42 126.840922  64.119441    57.365    57.306  4 53695.11429659 21.721
 43 126.839032  64.120774    61.544    61.390  5 53730.11421926 16.098
 45 126.843519  64.120784    61.629    61.714  5 53800.11419055 13.282
 46 126.862080  64.117671    60.154    60.087  6 53835.11419212 11.408
 47 126.851570  64.119011    58.444    58.310  5 53870.11425243 27.632
 48 126.847065  64.118391    62.558    62.547  5 53905.11428776 49.036
 49 126.840526  64.120963    57.896    57.905  4 53940.11431993 51.352
 50 126.837393  64.121213    59.897    59.904  4 53975.11427837 32.383
 51 126.861839  64.116058    61.147    61.241  6 54010.11427528 23.767
 52 126.857307  64.117396    55.626    55.662  6 54045.11429289 32.978
 53 126.841478  64.119288    57.245    57.012  5 54080.11428633 20.510
 54 126.834040  64.120644    61.038    61.282  4 54115.11422115 15.491
 56 126.836671  64.121418    62.215    62.510  5 54185.11421202 11.416
 57 126.847525  64.112786    59.379    59.379  2 54220.11424438 19.105
 58 126.848897  64.120326    63.144    62.726  5 54255.11426675 22.645
 59 126.847745  64.117810    60.790    60.705  5 54290.11426986 23.192
 60 126.847349  64.118524    60.506    61.150  5 54325.11426731 21.961
 61 126.834028  64.119034    58.929    58.929  2 54360.11422116 42.284
 62 126.850408  64.117563    56.599    56.598  5 54395.11420749 47.394
 63 126.841730  64.119449    57.546    57.325  5 54430.11417111 20.684
 64 126.855258  64.118216    59.021    59.145  5 54465.11418705 16.736
 65 126.844410  64.119797    61.342    61.464  4 54500.11418269 14.081
 66 126.848998  64.117909    61.495    61.598  5 54535.11420192 10.913
 67 126.839269  64.120949    62.201    62.414  4 54570.11418551  9.032
 70 126.846774  64.120193    61.025    61.044  5 54675.11420805 19.690
 71 126.840414  64.119740    58.984    58.979  4 54710.11416494 50.250
 72 126.850204  64.118608    60.837    60.699  5 54745.11417543 20.459
 73 126.845350  64.118666    55.391    55.401  5 54780.11414929 41.511
 74 126.853412  64.118581    59.313    59.763  5 54815.11416852 15.652
 75 126.843079  64.119706    59.151    59.030  5 54850.11414765 13.946
 76 126.848820  64.117778    60.905    61.114  5 54885.11417270 11.961
 77 126.834090  64.122084    62.138    62.153  5 54920.11414918  9.956
 78 126.850868  64.118121    56.456    55.992  5 54955.11416750 39.634
 79 126.846806  64.119178    62.988    62.989  5 54990.11419119 52.028
 80 126.844937  64.119091    58.792    58.820  5 55025.11418268 46.753
 81 126.847294  64.119622    61.085    60.900  5 55060.11417650 18.812
 82 126.835727  64.121506    59.209    59.210  5 55095.11412841 48.791
 83 126.850108  64.119331    57.022    56.950  5 55130.11411864 48.554
 84 126.844481  64.119235    56.557    56.578  5 55165.11409049 27.178
 85 126.851191  64.119056    56.346    56.361  5 55200.11411027 21.697
 86 126.839320  64.120029    55.564    55.567  4 55235.11409620 19.781
 87 126.849733  64.120474    56.601    56.595  5 55270.11410466 16.126
 88 126.838416  64.121682    56.549    55.316  4 55305.11407656 14.154
 89 126.848166  64.118740    64.193    64.202  5 55340.11407645 49.066
 90 126.845368  64.119804    61.886    61.709  5 55375.11406867 16.467
 91 126.852525  64.118818    60.799    60.943  5 55410.11409051 16.954
 92 126.846464  64.119286    61.310    61.462  5 55445.11408503 16.960
 93 126.836197  64.122644    58.852    58.216  4 55480.11401994 21.397
