# NaN NaN NaN ;Mean Elev.(m), Avg Gradient(m/km), RMS Gradient(m/km) - SRTM1     
#   11.186  -2.670   6.929 ;Mean Elev.(m), Avg Gradient(m/km), RMS Gradient(m/km) - ASTER GDEM
#   21.018  -3.176   7.444 ;Mean Elev.(m), Avg Gradient(m/km), RMS Gradient(m/km) - GMTED2010 
  7    33.514 52466.13156716 18.13 123.431707  67.142935 19.640
  7    29.106 52466.13156781 22.76 123.428227  67.139875 19.640
  7    29.311 52466.13156845 27.93 123.424747  67.136805 19.640
  8    29.372 52501.13156100 20.04 123.423868  67.143316 20.956
  8    29.024 52501.13156164 21.94 123.420388  67.140256 20.956
  8    30.691 52501.13156229 23.23 123.416908  67.137186 20.956
  9    35.342 52536.13154836 22.46 123.442555  67.136611 35.470
  9    33.555 52536.13154900 18.99 123.439075  67.133551 35.470
  9    30.312 52536.13154964 23.96 123.435596  67.130485 15.543
 10    25.422 52571.13158214 31.28 123.431966  67.141062  8.310
 10    25.370 52571.13158278 32.55 123.428496  67.138002  8.310
 10    25.448 52571.13158343 32.29 123.425016  67.134932  8.310
 12    31.890 52641.13154104 14.02 123.437531  67.139708  2.961
 12    30.933 52641.13154168 13.75 123.434044  67.136642  2.869
 12    30.722 52641.13154232 13.16 123.430564  67.133572  2.869
 13    30.331 52676.13153064 11.13 123.425613  67.143088  2.637
 13    31.577 52676.13153129 11.11 123.422133  67.140018  2.637
 13    30.961 52676.13153193 10.84 123.418653  67.136958  2.637
 14    31.924 52711.13155660  9.78 123.434851  67.138237  2.299
 14    30.725 52711.13155725  9.82 123.431371  67.135167  2.299
 14    30.810 52711.13155789  9.45 123.427901  67.132107  2.299
 15    30.593 52746.13158321  8.35 123.420205  67.146392  2.117
 15    30.425 52746.13158385  8.20 123.416726  67.143330  2.240
 15    31.016 52746.13158450  8.51 123.413246  67.140270  2.240
 16    35.395 52781.13152183 21.98 123.441480  67.138406 10.831
 16    34.142 52781.13152248 21.62 123.438000  67.135336 10.831
 16    25.939 52781.13152312 26.21 123.434520  67.132276 10.831
 16    30.377 52781.13152376 24.20 123.431040  67.129206 10.831
 17    31.713 52816.13160314 50.87 123.437772  67.136843 48.701
 17    31.636 52816.13160378 53.46 123.434292  67.133773 48.701
 17    31.633 52816.13160443 53.11 123.430812  67.130713 48.701
 18    35.046 52851.13165439 19.66 123.436212  67.138009 24.428
 18    29.729 52851.13165504 22.83 123.432738  67.134940 12.835
 18    29.275 52851.13165568 28.96 123.429258  67.131870 12.835
 19    29.561 52886.13168842 16.63 123.427845  67.142845 24.328
 19    30.212 52886.13168906 16.77 123.424365  67.139785 24.328
 19    29.138 52886.13168971 25.22 123.420889  67.136713 11.960
 20    27.683 52921.13164379 26.03 123.423912  67.144980 17.270
 20    30.215 52921.13164443 23.30 123.420432  67.141920 17.270
 20    30.781 52921.13164508 24.96 123.416962  67.138850 17.270
 21    31.420 52956.13160932 17.69 123.442878  67.136623  3.953
 21    29.207 52956.13160997 18.29 123.439404  67.133557  5.475
 21    29.972 52956.13161061 17.55 123.435924  67.130487  5.475
 22    31.002 52991.13162563 13.96 123.437672  67.139639  2.572
 22    30.388 52991.13162628 14.16 123.434202  67.136569  2.572
 22    30.335 52991.13162692 13.71 123.430722  67.133509  2.572
 23    30.186 53026.13159119 11.30 123.432001  67.143924  2.452
 23    29.543 53026.13159183 11.40 123.428521  67.140864  2.452
 23    29.889 53026.13159248 11.49 123.425051  67.137794  2.452
 23    28.903 53026.13159312 11.37 123.421571  67.134734  2.452
 24    32.087 53061.13160158 10.38 123.440404  67.140201  2.145
 24    31.557 53061.13160223 10.54 123.436924  67.137131  2.145
 24    31.000 53061.13160287  9.82 123.433444  67.134071  2.145
 24    30.667 53061.13160352  9.41 123.429974  67.131001  2.145
 25    30.730 53096.13162997  9.25 123.418714  67.147040  2.275
 25    29.814 53096.13163062  9.49 123.415234  67.143970  2.275
 25    30.719 53096.13163126  9.08 123.411754  67.140910  2.275
 26    31.946 53131.13160391  5.26 123.439523  67.136077  2.224
 26    31.812 53131.13160456  4.91 123.436053  67.133007  2.224
 26    31.232 53131.13160520  4.84 123.432570  67.129944  2.192
 28    34.201 53201.13167818 15.78 123.432476  67.142113 24.646
 28    33.862 53201.13167882 16.09 123.429002  67.139043 14.741
 29    29.235 53236.13164795 18.54 123.429577  67.141123 24.457
 29    29.639 53236.13164860 20.95 123.426097  67.138058  9.691
 29    29.415 53236.13164924 31.84 123.422617  67.134998  9.691
 30    28.381 53271.13160832 50.43 123.444961  67.135582 36.504
 30    28.342 53271.13160896 52.35 123.441481  67.132512 36.504
 30    28.197 53271.13160961 42.82 123.438001  67.129452 36.504
 31    25.619 53306.13167094 38.54 123.433337  67.142995  9.823
 31    25.729 53306.13167158 46.04 123.429857  67.139925  9.823
 31    25.613 53306.13167223 41.71 123.426377  67.136865  9.823
 31    25.303 53306.13167287 32.26 123.422895  67.133796 17.940
 32    27.667 53341.13163838 18.05 123.427769  67.145741  3.241
 32    26.951 53341.13163902 17.57 123.424289  67.142671  3.241
 32    26.753 53341.13163967 17.61 123.420819  67.139611  3.241
 33    29.516 53376.13156881 12.61 123.421712  67.144793  2.417
 33    29.172 53376.13156946 12.99 123.418232  67.141733  2.417
 33    30.440 53376.13157010 12.22 123.414762  67.138663  2.417
 34    29.480 53411.13161374 12.45 123.436114  67.141648  2.564
 34    30.307 53411.13161438 12.60 123.432634  67.138578  2.564
 34    29.491 53411.13161503 12.66 123.429154  67.135518  2.564
 34    29.688 53411.13161567 11.62 123.425675  67.132446  2.335
 35    30.095 53446.13159536 10.50 123.418992  67.146890  2.401
 35    28.788 53446.13159601 11.18 123.415512  67.143820  2.401
 35    28.879 53446.13159665 10.71 123.412042  67.140760  2.401
 36    28.955 53481.13168047  8.18 123.433416  67.142970  1.963
 36    29.063 53481.13168112  8.18 123.429939  67.139902  3.048
 36    29.200 53481.13168176  8.30 123.426459  67.136832  3.048
 36    30.335 53481.13168241  8.25 123.422979  67.133772  3.048
 37    36.664 53516.13168451 43.34 123.430343  67.142722 41.132
 37    36.610 53516.13168515 37.15 123.426863  67.139662 41.132
 37    36.622 53516.13168580 40.41 123.423383  67.136592 41.132
 38    30.922 53551.13170470 51.32 123.423405  67.143404 31.324
 38    30.932 53551.13170534 50.55 123.419925  67.140334 31.324
 38    30.868 53551.13170599 50.10 123.416446  67.137271 29.263
 39    33.135 53586.13166194 16.36 123.427793  67.142560 21.261
 39    31.718 53586.13166258 16.04 123.424313  67.139490 21.261
 39    32.216 53586.13166323 20.61 123.420833  67.136430 21.261
 40    35.380 53621.13162371 19.85 123.438095  67.137586 12.760
 40    30.372 53621.13162435 19.03 123.434615  67.134526 12.760
 40    30.679 53621.13162500 20.53 123.431135  67.131456 12.760
 41    27.235 53656.13165157 41.14 123.436942  67.141451  7.604
 41    27.209 53656.13165221 44.92 123.433465  67.138384 24.350
 41    27.173 53656.13165286 33.38 123.429985  67.135314 24.350
 41    26.929 53656.13165350 29.75 123.426505  67.132254 24.350
 42    25.278 53691.13164045 22.93 123.427877  67.145233  4.205
 42    25.448 53691.13164109 23.50 123.424397  67.142163  4.205
 42    25.328 53691.13164174 22.42 123.420917  67.139103  4.205
 43    30.141 53726.13156399 13.70 123.422355  67.147787  2.695
 43    29.143 53726.13156463 15.00 123.418875  67.144727  2.695
 43    27.449 53726.13156528 14.85 123.415395  67.141657  2.695
 43    29.618 53726.13156592 14.87 123.411915  67.138597  2.695
 44    31.948 53761.13151470 11.51 123.445021  67.136497  2.617
 44    31.098 53761.13151535 11.31 123.441541  67.133427  2.617
 44    30.670 53761.13151599 11.31 123.438071  67.130367  2.617
 44    29.661 53761.13151664 11.41 123.434591  67.127297  2.617
 45    29.950 53796.13152870 10.26 123.427776  67.144460  2.153
 45    30.172 53796.13152935 10.23 123.424306  67.141400  2.153
 45    29.445 53796.13152999 10.21 123.420826  67.138330  2.153
 47    33.999 53866.13158655 10.32 123.433820  67.139632  4.835
 47    33.897 53866.13158720 10.29 123.430340  67.136562  4.835
 47    33.504 53866.13158784 11.07 123.426860  67.133502  4.835
 49    29.165 53936.13165411 51.19 123.425652  67.145772 24.294
 49    29.154 53936.13165475 54.05 123.422162  67.142702 24.294
 49    29.246 53936.13165540 50.55 123.418692  67.139642 24.294
 50    28.324 53971.13162113 48.80 123.423166  67.145796 28.176
 50    28.297 53971.13162177 46.80 123.419686  67.142736 28.176
 50    28.281 53971.13162242 46.47 123.416206  67.139666 28.176
 52    26.533 54041.13163032 25.42 123.440648  67.139962  5.397
 52    26.558 54041.13163096 26.21 123.437168  67.136902  5.397
 52    26.538 54041.13163161 24.01 123.433688  67.133832  5.397
 52    30.078 54041.13163225 21.12 123.430218  67.130772  5.397
 53    26.894 54076.13162460 22.24 123.426918  67.142986  5.177
 53    27.042 54076.13162525 21.28 123.423438  67.139926  5.177
 53    26.862 54076.13162589 20.40 123.419958  67.136856  5.177
 54    28.845 54111.13156537 14.15 123.419591  67.149495  2.689
 54    29.514 54111.13156602 13.70 123.416111  67.146425  2.689
 54    30.180 54111.13156666 13.50 123.412631  67.143365  2.689
 54    30.990 54111.13156731 13.19 123.409161  67.140295  2.689
 55    31.333 54146.13156537  9.83 123.436254  67.140002  2.112
 55    30.874 54146.13156601  9.92 123.432774  67.136932  2.112
 55    30.509 54146.13156666 10.07 123.429294  67.133872  2.112
 56    30.582 54181.13155249  9.28 123.420764  67.147012  2.164
 56    30.030 54181.13155314  9.41 123.417294  67.143952  2.164
 56    30.650 54181.13155378  9.71 123.413814  67.140882  2.164
 57    33.253 54216.13157341  8.45 123.435772  67.140887  2.254
 57    30.982 54216.13157405  8.42 123.432282  67.137827  2.254
 57    30.513 54216.13157470  8.43 123.428805  67.134757  2.010
 58    36.953 54251.13160012 29.18 123.431019  67.140310 38.994
 58    36.655 54251.13160076 28.27 123.427539  67.137240 38.994
 58    36.461 54251.13160140 29.56 123.424058  67.134177 24.887
 59    34.211 54286.13160561 16.65 123.431724  67.143992 13.889
 59    33.308 54286.13160625 16.97 123.428244  67.140922 13.889
 59    32.449 54286.13160690 18.51 123.424774  67.137862 13.889
 59    32.617 54286.13160754 20.62 123.421294  67.134792 13.889
 60    33.632 54321.13160268 16.67 123.432987  67.143477 19.685
 60    30.467 54321.13160333 16.77 123.429507  67.140407 19.685
 60    30.359 54321.13160397 20.74 123.426027  67.137347 19.685
 60    30.521 54321.13160462 23.35 123.422557  67.134277 19.685
 61    28.632 54356.13156363 47.02 123.420994  67.144707 26.725
 61    28.548 54356.13156428 47.83 123.417514  67.141647 26.725
 61    28.474 54356.13156492 44.93 123.414034  67.138577 26.725
 62    27.268 54391.13154391 41.08 123.431477  67.140730 14.909
 62    27.259 54391.13154456 43.52 123.427997  67.137660 14.909
 62    27.231 54391.13154520 42.97 123.424527  67.134600 14.909
 63    30.618 54426.13151344 11.55 123.429333  67.145226  2.221
 63    32.078 54426.13151408 11.44 123.425853  67.142156  2.221
 63    30.889 54426.13151472 11.50 123.422373  67.139096  2.221
 63    30.946 54426.13151537 11.52 123.418893  67.136026  2.221
 64    31.288 54461.13152108 10.52 123.435618  67.137938  2.480
 64    31.141 54461.13152173 10.29 123.432138  67.134878  2.480
 64    30.437 54461.13152237 10.23 123.428658  67.131808  2.480
 65    30.503 54496.13152044  9.39 123.427559  67.143739  2.053
 65    30.518 54496.13152109  9.21 123.424079  67.140669  2.053
 65    30.909 54496.13152173  9.09 123.420609  67.137609  2.053
 66    31.451 54531.13153392  8.51 123.435187  67.139218  2.087
 66    30.918 54531.13153457  8.95 123.431707  67.136148  2.087
 66    31.185 54531.13153521  8.43 123.428227  67.133088  2.087
 67    30.965 54566.13152599  7.77 123.420852  67.145484  1.936
 67    31.904 54566.13152664  7.47 123.417382  67.142424  1.936
 67    31.073 54566.13152728  7.62 123.413902  67.139354  1.936
 68    25.634 54601.13152911 31.39 123.431363  67.140250 21.390
 68    25.672 54601.13152975 39.52 123.427883  67.137190 21.390
 68    25.775 54601.13153040 40.30 123.424403  67.134120 21.390
 69    33.385 54636.13154097 20.91 123.428521  67.141576 20.583
 69    32.901 54636.13154161 21.00 123.425041  67.138516 20.583
 69    33.258 54636.13154226 21.92 123.421561  67.135446 20.583
 70    29.174 54671.13154447 19.79 123.428300  67.143567 15.413
 70    29.025 54671.13154511 23.45 123.424820  67.140497 15.413
 70    29.137 54671.13154576 32.00 123.421340  67.137437 15.413
 71    30.900 54706.13150513 18.12 123.427717  67.145890 15.090
 71    30.729 54706.13150578 17.75 123.424237  67.142820 15.090
 71    30.956 54706.13150642 18.44 123.420767  67.139760 15.090
 71    31.659 54706.13150707 21.60 123.417287  67.136690 15.090
 72    31.133 54741.13150886 18.65 123.434967  67.140467 21.861
 72    29.878 54741.13150950 21.94 123.431487  67.137407 21.861
 72    30.034 54741.13151015 26.82 123.428007  67.134337 21.861
 73    26.554 54776.13148707 23.18 123.427130  67.142965  8.959
 73    26.620 54776.13148771 25.31 123.423650  67.139895  8.959
 73    26.679 54776.13148836 25.86 123.420170  67.136835  8.959
 74    27.786 54811.13150269 16.79 123.437860  67.138098  3.850
 74    26.215 54811.13150333 17.06 123.434380  67.135028  3.850
 74    26.011 54811.13150397 17.18 123.430900  67.131968  3.850
 75    29.450 54846.13148608 14.17 123.427916  67.145724  4.126
 75    29.581 54846.13148672 14.53 123.424436  67.142664  4.126
 75    26.053 54846.13148737 15.83 123.420956  67.139594  4.126
 75    24.847 54846.13148801 16.35 123.417476  67.136534  4.126
 76    28.826 54881.13150572 12.60 123.432835  67.140532  3.160
 76    26.884 54881.13150637 13.44 123.429355  67.137462  3.160
 76    25.739 54881.13150701 14.59 123.425875  67.134402  3.160
 77    29.056 54916.13148927 11.38 123.422444  67.147862  4.001
 77    29.767 54916.13148991 12.06 123.418964  67.144802  4.001
 77    28.063 54916.13149056 13.59 123.415484  67.141732  4.001
 77    25.535 54916.13149120 14.49 123.412004  67.138672  4.001
 78    28.055 54951.13149860 24.07 123.432649  67.141579  8.138
 78    28.896 54951.13149925 25.06 123.429169  67.138509  8.138
 78    28.730 54951.13149989 27.84 123.425689  67.135449  8.138
 79    33.669 54986.13152346 27.09 123.430168  67.141133 17.548
 79    33.561 54986.13152411 27.41 123.426688  67.138073 17.548
 79    33.784 54986.13152475 27.75 123.423208  67.135003 17.548
 80    33.341 55021.13151623 15.64 123.430292  67.142372 16.194
 80    32.245 55021.13151687 15.64 123.426812  67.139302 16.194
 80    32.435 55021.13151752 16.72 123.423332  67.136242 16.194
 81    29.515 55056.13151339 17.92 123.427417  67.141886 12.990
 81    29.262 55056.13151404 22.40 123.423937  67.138816 12.990
 81    29.458 55056.13151468 24.78 123.420457  67.135756 12.990
 82    28.583 55091.13147091 48.67 123.421998  67.145474 28.950
 82    28.449 55091.13147155 47.68 123.418518  67.142404 28.950
 82    29.139 55091.13147220 33.67 123.415038  67.139344 28.950
 83    28.375 55126.13145270 42.42 123.431792  67.139713 13.199
 83    28.365 55126.13145334 39.46 123.428312  67.136643 13.199
 83    28.299 55126.13145399 38.42 123.424832  67.133583 13.199
 85    29.961 55196.13144341 17.39 123.435670  67.137964  3.302
 85    30.206 55196.13144405 17.35 123.432190  67.134894  3.302
 85    30.235 55196.13144470 16.65 123.428710  67.131834  3.302
 86    29.732 55231.13143568 14.06 123.421379  67.144340  2.824
 86    30.158 55231.13143632 14.71 123.417899  67.141270  2.824
 86    30.843 55231.13143697 15.20 123.414419  67.138210  2.824
 87    30.806 55266.13143815 13.17 123.432196  67.140518  2.478
 87    30.557 55266.13143879 12.56 123.428716  67.137448  2.478
 87    30.384 55266.13143944 12.76 123.425236  67.134388  2.478
 88    30.027 55301.13141656 10.98 123.424010  67.146190  2.616
 88    29.834 55301.13141720 11.21 123.420530  67.143120  2.616
 88    30.252 55301.13141785 11.43 123.417050  67.140060  2.616
 89    27.616 55336.13141347 32.69 123.427459  67.141833 25.085
 89    27.903 55336.13141411 47.09 123.423979  67.138763 25.085
 89    27.731 55336.13141476 48.14 123.420499  67.135703 25.085
 90    30.863 55371.13140361 51.76 123.430014  67.142720 23.226
 90    30.883 55371.13140426 51.80 123.426534  67.139650 23.226
 90    30.897 55371.13140490 47.56 123.423054  67.136590 23.226
 91    29.115 55406.13142294 21.79 123.435028  67.139446 25.103
 91    29.785 55406.13142358 24.51 123.431548  67.136386 25.103
 91    29.862 55406.13142423 30.64 123.428068  67.133316 25.103
 92    28.523 55441.13142201 19.38 123.430145  67.144841 12.670
 92    28.967 55441.13142265 21.82 123.426665  67.141781 12.670
 92    29.156 55441.13142330 26.60 123.423185  67.138711 12.670
 92    29.361 55441.13142394 32.39 123.419705  67.135651 12.670
 93    28.844 55476.13136492 21.12 123.423650  67.147328 13.358
 93    29.013 55476.13136556 22.42 123.420170  67.144258 13.358
 93    30.067 55476.13136621 25.32 123.416690  67.141198 13.358
 93    27.555 55476.13136685 28.39 123.413220  67.138128 13.358
