# NaN NaN NaN ;Mean Elev.(m), Avg Gradient(m/km), RMS Gradient(m/km) - SRTM1     
#   32.009  -1.276   9.000 ;Mean Elev.(m), Avg Gradient(m/km), RMS Gradient(m/km) - ASTER GDEM
#   25.302  -0.055  15.270 ;Mean Elev.(m), Avg Gradient(m/km), RMS Gradient(m/km) - GMTED2010 
  8    49.400 52492.12004230 51.77 125.365769  64.841453 24.750
  8    49.582 52492.12004294 52.52 125.362829  64.838343 24.750
  8    49.457 52492.12004359 49.07 125.359889  64.835233 24.750
  8    49.515 52492.12004423 38.47 125.356939  64.832123 24.750
  8    49.430 52492.12004488 33.06 125.353999  64.829013 24.750
  8    49.522 52492.12004552 29.14 125.351059  64.825903 24.750
  8    50.020 52492.12004616 28.67 125.348119  64.822793 24.750
 10    49.193 52562.12007162 43.16 125.367893  64.841354 14.871
 10    49.079 52562.12007226 47.81 125.364953  64.838254 14.871
 10    49.210 52562.12007291 49.91 125.362003  64.835144 14.871
 10    49.276 52562.12007355 45.88 125.359063  64.832034 14.871
 10    49.318 52562.12007420 50.52 125.356113  64.828924 14.871
 10    49.287 52562.12007484 46.40 125.353177  64.825810 21.918
 10    49.086 52562.12007549 40.60 125.350227  64.822710 21.918
 12    48.699 52632.12002957 26.18 125.367544  64.840498  5.902
 12    48.773 52632.12003021 27.21 125.364604  64.837388  5.902
 12    48.714 52632.12003086 26.63 125.361654  64.834278  5.902
 12    48.681 52632.12003150 26.20 125.358714  64.831168  5.902
 12    48.746 52632.12003215 25.59 125.355764  64.828058  5.902
 12    48.530 52632.12003279 25.33 125.352824  64.824948  5.902
 12    48.383 52632.12003344 24.23 125.349884  64.821848  5.902
 13    48.446 52667.12004880 23.09 125.360370  64.844670  4.394
 13    48.617 52667.12004945 23.19 125.357430  64.841560  4.394
 13    48.680 52667.12005009 23.44 125.354480  64.838450  4.394
 13    48.644 52667.12005074 23.29 125.351540  64.835340  4.394
 13    48.586 52667.12005138 22.65 125.348590  64.832230  4.394
 13    48.526 52667.12005203 21.94 125.345650  64.829120  4.394
 13    48.390 52667.12005267 21.03 125.342710  64.826010  4.394
 15    56.163 52737.12006136 10.97 125.360439  64.845750  4.073
 15    51.408 52737.12006200 11.11 125.357489  64.842640  4.073
 15    50.247 52737.12006264 11.55 125.354549  64.839530  4.073
 15    50.774 52737.12006329 10.14 125.351609  64.836420  4.073
 15    50.380 52737.12006393 11.08 125.348659  64.833310  4.073
 15    54.212 52737.12006458 10.44 125.345719  64.830200  4.073
 15    54.258 52737.12006522 10.96 125.342779  64.827090  4.073
 16    48.582 52772.12002963 41.94 125.354963  64.847526 22.329
 16    48.921 52772.12003027 40.33 125.352013  64.844416 22.329
 16    48.964 52772.12003092 39.96 125.349073  64.841306 22.329
 16    48.867 52772.12003156 36.93 125.346123  64.838196 22.329
 16    49.141 52772.12003221 38.39 125.343183  64.835086 22.329
 16    50.152 52772.12003285 34.05 125.340243  64.831976 22.329
 17    75.161 52807.12008519 10.93 125.369016  64.841256 11.479
 17    73.636 52807.12008583 11.82 125.366066  64.838146 11.479
 17    60.348 52807.12008648 12.98 125.363126  64.835036 11.479
 17    53.599 52807.12008712 13.58 125.360176  64.831926 11.479
 17    54.242 52807.12008777 14.46 125.357236  64.828816 11.479
 17    54.722 52807.12008841 16.98 125.354286  64.825706 11.479
 17    54.856 52807.12008906 22.53 125.351346  64.822596 11.479
 18    51.917 52842.12014459 29.62 125.366366  64.838582  8.193
 18    51.005 52842.12014523 25.45 125.363416  64.835472  8.193
 18    50.849 52842.12014588 26.55 125.360476  64.832362  8.193
 18    50.854 52842.12014652 25.64 125.357526  64.829252  8.193
 18    50.809 52842.12014717 24.89 125.354586  64.826142  8.193
 18    51.093 52842.12014781 25.01 125.351646  64.823032  8.193
 19    49.781 52877.12018263 23.71 125.363495  64.842108  9.552
 19    49.600 52877.12018328 18.88 125.360555  64.839008  9.552
 19    49.525 52877.12018392 22.17 125.357605  64.835898  9.552
 19    50.077 52877.12018457 19.08 125.354665  64.832788  9.552
 19    50.335 52877.12018521 19.59 125.351725  64.829678  9.552
 19    50.722 52877.12018586 22.07 125.348775  64.826568  9.552
 20    79.515 52912.12014072 15.11 125.360422  64.844668 11.074
 20    79.181 52912.12014136 12.99 125.357482  64.841558 11.074
 20    78.631 52912.12014200 12.29 125.354532  64.838448 11.074
 20    77.646 52912.12014265 11.46 125.351592  64.835338 11.074
 20    76.314 52912.12014329 10.73 125.348652  64.832228 11.074
 20    77.770 52912.12014394  9.37 125.345712  64.829118 11.074
 23    67.300 53017.12013003 12.64 125.356258  64.847001  3.659
 23    48.781 53017.12013068 13.61 125.353318  64.843891  3.659
 23    49.563 53017.12013132 13.03 125.350378  64.840781  3.659
 23    50.148 53017.12013197 12.59 125.347428  64.837671  3.659
 23    58.720 53017.12013261 12.12 125.344488  64.834561  3.659
 23    52.535 53017.12013325 11.53 125.341548  64.831461  3.659
 24    49.047 53052.12011042 10.92 125.369816  64.837985  3.733
 24    49.634 53052.12011106 12.01 125.366866  64.834875  3.733
 24    49.282 53052.12011170 13.02 125.363926  64.831775  3.733
 24    50.430 53052.12011235 11.44 125.360976  64.828665  3.733
 24    53.338 53052.12011299 11.83 125.358036  64.825555  3.733
 24    53.171 53052.12011364 11.20 125.355096  64.822445  3.733
 25    73.986 53087.12014495  8.33 125.353866  64.853244  3.671
 25    73.541 53087.12014559  8.64 125.350916  64.850134  3.671
 25    65.966 53087.12014624 10.86 125.347976  64.847024  3.671
 25    64.191 53087.12014688 11.45 125.345026  64.843914  3.671
 25    61.625 53087.12014753 10.90 125.342086  64.840804  3.671
 25    60.274 53087.12014817 11.17 125.339146  64.837704  3.671
 26    49.445 53122.12011767 21.86 125.362132  64.836734  9.124
 26    50.031 53122.12011832 21.77 125.359192  64.833634  9.124
 26    50.782 53122.12011896 20.65 125.356242  64.830524  9.124
 26    50.792 53122.12011960 23.33 125.353302  64.827414  9.124
 26    50.367 53122.12012025 29.70 125.350362  64.824304  9.124
 27    52.526 53157.12017240 21.83 125.359660  64.843381 12.123
 27    53.204 53157.12017304 22.70 125.356710  64.840281 12.123
 27    53.623 53157.12017369 24.97 125.353770  64.837171 12.123
 27    54.219 53157.12017433 27.59 125.350830  64.834061 12.123
 27    54.381 53157.12017498 30.28 125.347879  64.830947 21.688
 27    54.775 53157.12017562 32.07 125.344939  64.827847 21.688
 28    74.512 53192.12016516 10.23 125.364214  64.842016  8.899
 28    52.450 53192.12016580 10.75 125.361274  64.838916  8.899
 28    52.596 53192.12016645 11.62 125.358324  64.835806  8.899
 28    53.320 53192.12016709 12.01 125.355384  64.832696  8.899
 28    54.161 53192.12016774 12.45 125.352444  64.829586  8.899
 28    55.137 53192.12016838 13.53 125.349504  64.826476  8.899
 28    55.068 53192.12016902 22.16 125.346564  64.823366  8.899
 29    51.732 53227.12016617 37.98 125.361514  64.843846 13.247
 29    51.721 53227.12016682 36.06 125.358574  64.840736 13.247
 29    51.775 53227.12016746 38.41 125.355624  64.837626 13.247
 29    51.854 53227.12016811 38.71 125.352684  64.834516 13.247
 29    51.860 53227.12016875 38.34 125.349744  64.831416 13.247
 29    51.820 53227.12016940 39.72 125.346804  64.828306 13.247
 29    51.763 53227.12017004 42.15 125.343864  64.825196 13.247
 30    50.098 53262.12013862 38.78 125.352209  64.850466 13.043
 30    49.998 53262.12013927 36.05 125.349259  64.847356 13.043
 30    49.848 53262.12013991 34.98 125.346319  64.844246 13.043
 30    49.714 53262.12014056 33.38 125.343379  64.841136 13.043
 30    49.501 53262.12014120 32.46 125.340429  64.838026 13.043
 31    49.639 53297.12017528 40.80 125.360118  64.844858 16.445
 31    49.664 53297.12017593 44.01 125.357168  64.841748 16.445
 31    49.866 53297.12017657 47.23 125.354228  64.838648 16.445
 31    49.743 53297.12017722 45.63 125.351278  64.835538 16.445
 31    49.836 53297.12017786 49.22 125.348338  64.832428 16.445
 31    49.315 53297.12017851 47.06 125.345398  64.829318 16.445
 31    49.373 53297.12017915 34.04 125.342448  64.826208 16.445
 32    73.672 53332.12014765 10.79 125.360766  64.842726  4.092
 32    72.768 53332.12014829 10.79 125.357816  64.839616  4.092
 32    71.464 53332.12014894 11.60 125.354876  64.836516  4.092
 32    70.164 53332.12014958 11.97 125.351936  64.833406  4.092
 32    53.378 53332.12015023 11.75 125.348986  64.830296  4.092
 32    54.411 53332.12015087 11.61 125.346046  64.827186  4.092
 33    74.098 53367.12009198  6.67 125.357409  64.849343  3.294
 33    72.935 53367.12009263  8.50 125.354469  64.846233  3.294
 33    72.131 53367.12009327  9.03 125.351529  64.843123  3.294
 33    70.994 53367.12009391  9.15 125.348579  64.840013  3.294
 33    61.700 53367.12009456  8.75 125.345639  64.836903  3.294
 33    59.353 53367.12009520  9.06 125.342699  64.833803  3.294
 33    53.331 53367.12009585  9.57 125.339759  64.830693  3.294
 35    75.016 53437.12010926  5.42 125.358369  64.848312  2.996
 35    73.585 53437.12010990  6.78 125.355429  64.845202  2.996
 35    72.740 53437.12011055  7.08 125.352479  64.842092  2.996
 35    71.139 53437.12011119  7.18 125.349539  64.838992  2.996
 35    69.328 53437.12011184  7.66 125.346599  64.835882  2.996
 35    67.015 53437.12011248  7.67 125.343659  64.832772  2.996
 35    65.418 53437.12011313  7.60 125.340719  64.829662  2.996
 36    73.972 53472.12016271  5.73 125.363818  64.842293  2.913
 36    73.415 53472.12016335  6.58 125.360868  64.839183  2.913
 36    70.950 53472.12016400  7.11 125.357928  64.836073  2.913
 36    69.777 53472.12016464  6.54 125.354978  64.832963  2.913
 36    57.655 53472.12016529  6.75 125.352038  64.829853  2.913
 36    54.786 53472.12016593  7.25 125.349098  64.826743  2.913
 36    55.005 53472.12016658  6.88 125.346148  64.823633  2.913
 37    52.251 53507.12019240 38.03 125.360461  64.845466 21.246
 37    52.268 53507.12019304 27.70 125.357511  64.842356 21.246
 37    52.503 53507.12019369 29.17 125.354571  64.839246 21.246
 37    52.580 53507.12019433 35.65 125.351631  64.836136 21.246
 37    52.518 53507.12019498 39.36 125.348681  64.833026 21.246
 37    53.090 53507.12019562 42.26 125.345741  64.829926 21.246
 37    52.867 53507.12019627 48.96 125.342801  64.826816 21.246
 38    53.002 53542.12019951 33.55 125.357759  64.844345 13.417
 38    52.908 53542.12020015 30.05 125.354809  64.841235 13.417
 38    52.270 53542.12020080 28.68 125.351869  64.838135 13.417
 38    51.987 53542.12020144 28.82 125.348929  64.835025 13.417
 38    51.512 53542.12020209 27.88 125.345979  64.831915 13.417
 38    51.226 53542.12020273 26.26 125.343039  64.828805 13.417
 39    51.826 53577.12018626 25.82 125.356624  64.848588  7.008
 39    51.712 53577.12018690 24.62 125.353674  64.845478  7.008
 39    51.658 53577.12018755 25.18 125.350734  64.842368  7.008
 39    51.729 53577.12018819 25.26 125.347784  64.839258  7.008
 39    51.759 53577.12018883 26.34 125.344844  64.836148  7.008
 39    52.048 53577.12018948 26.42 125.341904  64.833048  7.008
 40    75.323 53612.12013823 18.18 125.352412  64.850383 14.225
 40    75.042 53612.12013887 16.50 125.349462  64.847273 14.225
 40    75.607 53612.12013952 14.69 125.346522  64.844163 14.225
 40    70.631 53612.12014016 15.96 125.343572  64.841053 14.225
 40    68.567 53612.12014081 17.26 125.340632  64.837943 14.225
 41    50.044 53647.12014446 13.95 125.368465  64.839484 12.306
 41    51.092 53647.12014511 14.46 125.365515  64.836374 12.306
 41    52.805 53647.12014575 13.71 125.362575  64.833274 12.306
 41    53.021 53647.12014640 16.50 125.359625  64.830164 12.306
 41    54.247 53647.12014704 16.05 125.356685  64.827054 12.306
 41    54.687 53647.12014769 20.99 125.353745  64.823944 12.306
 42    48.242 53682.12015913 17.23 125.356277  64.847753  7.071
 42    48.681 53682.12015978 19.15 125.353327  64.844643  7.071
 42    48.908 53682.12016042 23.46 125.350387  64.841533  7.071
 42    49.122 53682.12016107 27.13 125.347437  64.838423  7.071
 42    49.039 53682.12016171 23.84 125.344497  64.835323  7.071
 42    49.006 53682.12016236 23.36 125.341557  64.832213  7.071
 43    49.017 53717.12008689 13.50 125.357060  64.845827  3.235
 43    49.143 53717.12008754 14.15 125.354120  64.842717  3.235
 43    49.345 53717.12008818 14.34 125.351170  64.839607  3.235
 43    50.153 53717.12008883 14.27 125.348230  64.836497  3.235
 43    50.241 53717.12008947 14.60 125.345290  64.833397  3.235
 43    53.985 53717.12009012 13.91 125.342350  64.830287  3.235
 45    73.125 53787.12003633  9.02 125.363229  64.844939  3.736
 45    49.649 53787.12003697 10.76 125.360289  64.841829  3.736
 45    61.999 53787.12003762 10.85 125.357339  64.838719  3.736
 45    51.758 53787.12003826 11.73 125.354399  64.835619  3.736
 45    49.935 53787.12003891 11.73 125.351459  64.832509  3.736
 45    53.501 53787.12003955 11.49 125.348509  64.829399  3.736
 45    54.263 53787.12004020 11.26 125.345569  64.826289  3.736
 46    75.095 53822.11998981  6.39 125.354462  64.852571  3.286
 46    73.724 53822.11999045  8.14 125.351521  64.849463  2.910
 46    72.099 53822.11999110  8.65 125.348571  64.846353  2.910
 46    64.831 53822.11999174  9.63 125.345631  64.843243  2.910
 46    62.842 53822.11999238  9.49 125.342691  64.840133  2.910
 46    52.015 53822.11999303 10.24 125.339751  64.837023  2.910
 47    48.730 53857.12008260 15.07 125.361376  64.841711  8.891
 47    49.103 53857.12008324 16.54 125.358436  64.838601  8.891
 47    49.446 53857.12008389 17.57 125.355486  64.835491  8.891
 47    49.748 53857.12008453 20.85 125.352546  64.832381  8.891
 47    50.594 53857.12008518 19.21 125.349606  64.829271  8.891
 47    50.430 53857.12008582 24.15 125.346656  64.826161  8.891
 48    78.534 53892.12009583 13.95 125.366270  64.840079 13.753
 48    78.257 53892.12009647 14.44 125.363320  64.836969 13.753
 48    53.436 53892.12009712 16.78 125.360380  64.833859 13.753
 48    53.407 53892.12009776 19.36 125.357440  64.830749 13.753
 48    54.133 53892.12009841 19.79 125.354490  64.827639 13.753
 48    54.615 53892.12009905 20.55 125.351550  64.824529 13.753
 49    51.078 53927.12015527 51.01 125.356266  64.847235 18.698
 49    51.176 53927.12015592 52.76 125.353316  64.844135 18.698
 49    51.116 53927.12015656 49.27 125.350376  64.841025 18.698
 49    50.995 53927.12015721 47.38 125.347426  64.837915 18.698
 49    50.715 53927.12015785 36.55 125.344486  64.834805 18.698
 49    50.921 53927.12015849 31.06 125.341546  64.831695 18.698
 50    49.054 53962.12013926 34.55 125.354056  64.850434 26.676
 50    49.310 53962.12013990 35.56 125.351116  64.847334 26.676
 50    49.316 53962.12014055 38.41 125.348166  64.844224 26.676
 50    49.461 53962.12014119 40.38 125.345226  64.841114 26.676
 50    49.481 53962.12014184 47.76 125.342286  64.838004 26.676
 50    49.181 53962.12014248 49.30 125.339336  64.834894 26.676
 52    49.194 54032.12013614 41.11 125.368243  64.840178 16.023
 52    49.227 54032.12013679 45.97 125.365303  64.837068 16.023
 52    49.349 54032.12013743 46.60 125.362353  64.833958 16.023
 52    49.134 54032.12013808 46.92 125.359413  64.830848 16.023
 52    49.443 54032.12013872 39.05 125.356473  64.827738 16.023
 52    49.086 54032.12013937 35.89 125.353523  64.824628 16.023
 52    48.786 54032.12014001 32.17 125.350583  64.821518 16.023
 53    49.243 54067.12012958 17.16 125.361385  64.844412  4.292
 53    49.479 54067.12013023 17.36 125.358435  64.841302  4.292
 53    49.473 54067.12013087 18.22 125.355495  64.838192  4.292
 53    49.576 54067.12013152 18.17 125.352555  64.835082  4.292
 53    49.900 54067.12013216 17.13 125.349605  64.831972  4.292
 53    53.785 54067.12013281 16.89 125.346665  64.828862  4.292
 53    54.413 54067.12013345 17.24 125.343725  64.825752  4.292
 54    72.574 54102.12008982 13.42 125.353570  64.847492  4.085
 54    49.600 54102.12009046 15.33 125.350630  64.844382  4.085
 54    49.676 54102.12009111 15.79 125.347690  64.841272  4.085
 54    49.685 54102.12009175 17.09 125.344740  64.838162  4.085
 54    50.107 54102.12009240 14.69 125.341800  64.835052  4.085
 55    48.756 54137.12005776 11.78 125.367029  64.841280  3.793
 55    48.835 54137.12005841 12.93 125.364089  64.838170  3.793
 55    49.135 54137.12005905 12.20 125.361139  64.835060  3.793
 55    49.194 54137.12005970 12.97 125.358199  64.831950  3.793
 55    50.185 54137.12006034 11.99 125.355249  64.828840  3.793
 55    52.401 54137.12006099 11.49 125.352309  64.825730  3.793
 55    53.577 54137.12006163 11.27 125.349369  64.822630  3.793
 56    73.440 54172.12006653  9.75 125.357373  64.848539  4.154
 56    65.457 54172.12006717 11.61 125.354423  64.845429  4.154
 56    49.243 54172.12006782 11.89 125.351483  64.842319  4.154
 56    49.659 54172.12006846 11.35 125.348543  64.839209  4.154
 56    59.720 54172.12006911 10.82 125.345593  64.836099  4.154
 56    51.249 54172.12006975 11.43 125.342653  64.832989  4.154
 57    48.691 54207.12006359 13.82 125.365306  64.839440  3.988
 57    49.700 54207.12006424 12.93 125.362356  64.836330  3.988
 57    50.600 54207.12006488 11.94 125.359416  64.833220  3.988
 57    51.531 54207.12006552 10.55 125.356476  64.830120  3.988
 57    51.759 54207.12006617 10.87 125.353526  64.827010  3.988
 57    52.142 54207.12006681 11.10 125.350586  64.823900  3.988
 58    76.286 54242.12009552 20.17 125.361450  64.842579 10.340
 58    57.126 54242.12009616 21.26 125.358500  64.839469 10.340
 58    57.003 54242.12009681 22.84 125.355560  64.836359 10.340
 58    56.815 54242.12009745 24.96 125.352620  64.833249 10.340
 58    57.028 54242.12009809 26.03 125.349670  64.830139 10.340
 58    57.466 54242.12009874 30.83 125.346730  64.827029 10.340
 59    52.082 54277.12010958 51.29 125.362329  64.843495 22.166
 59    52.463 54277.12011022 50.41 125.359379  64.840385 22.166
 59    52.480 54277.12011087 49.27 125.356439  64.837275 22.166
 59    52.498 54277.12011151 50.55 125.353489  64.834165 22.166
 59    52.739 54277.12011216 49.53 125.350549  64.831055 22.166
 59    52.613 54277.12011280 47.53 125.347609  64.827955 22.166
 59    52.382 54277.12011345 50.73 125.344669  64.824845 22.166
 60    73.082 54312.12011057 12.40 125.361422  64.842637 11.153
 60    69.314 54312.12011122 12.75 125.358472  64.839527 11.153
 60    60.127 54312.12011186 13.23 125.355532  64.836417 11.153
 60    52.479 54312.12011251 14.65 125.352582  64.833307 11.153
 60    53.960 54312.12011315 15.16 125.349642  64.830197 11.153
 60    55.275 54312.12011380 15.40 125.346702  64.827087 11.153
 61    72.624 54347.12008261 18.03 125.354560  64.847336 12.048
 61    50.462 54347.12008325 18.08 125.351610  64.844226 12.048
 61    50.949 54347.12008390 18.12 125.348670  64.841116 12.048
 61    50.894 54347.12008454 19.59 125.345730  64.838006 12.048
 61    50.921 54347.12008518 21.22 125.342790  64.834896 12.048
 61    50.569 54347.12008583 23.51 125.339840  64.831786 12.048
 62    74.576 54382.12004807 20.07 125.365308  64.839737 17.767
 62    73.654 54382.12004871 19.83 125.362368  64.836627 17.767
 62    72.288 54382.12004935 21.01 125.359418  64.833517 17.767
 62    50.178 54382.12005000 25.29 125.356478  64.830407 17.767
 62    49.984 54382.12005064 36.62 125.353538  64.827297 17.767
 62    49.910 54382.12005129 40.23 125.350588  64.824187 17.767
 63    49.252 54417.12003220 24.24 125.356372  64.845110  8.437
 63    49.276 54417.12003285 21.47 125.353432  64.842010  8.437
 63    49.662 54417.12003349 23.56 125.350492  64.838900  8.437
 63    49.323 54417.12003414 32.17 125.347542  64.835790  8.437
 63    49.499 54417.12003478 23.79 125.344602  64.832680  8.437
 63    49.035 54417.12003543 23.31 125.341662  64.829570  8.437
 64    49.028 54452.12001782 17.34 125.366495  64.836952  5.148
 64    49.305 54452.12001847 16.88 125.363545  64.833842  5.148
 64    49.359 54452.12001911 17.03 125.360595  64.830732  5.148
 64    49.789 54452.12001975 16.13 125.357655  64.827622  5.148
 64    50.343 54452.12002040 14.74 125.354715  64.824522  5.148
 64    50.153 54452.12002104 14.97 125.351775  64.821412  5.148
 65    49.295 54487.12002970 14.03 125.360913  64.842257  4.902
 65    49.420 54487.12003034 15.65 125.357963  64.839147  4.902
 65    49.737 54487.12003099 14.20 125.355023  64.836037  4.902
 65    49.830 54487.12003163 14.85 125.352083  64.832927  4.902
 65    50.265 54487.12003228 13.24 125.349133  64.829817  4.902
 65    50.243 54487.12003292 13.84 125.346193  64.826707  4.902
 66    70.826 54522.12003039  9.60 125.366191  64.840940  4.045
 66    49.099 54522.12003103 12.01 125.363251  64.837830  4.045
 66    49.517 54522.12003168 11.19 125.360301  64.834720  4.045
 66    49.759 54522.12003232 11.19 125.357361  64.831610  4.045
 66    49.776 54522.12003297 12.78 125.354421  64.828500  4.045
 66    50.650 54522.12003361 10.87 125.351471  64.825400  4.045
 67    70.836 54557.12003900  7.62 125.357701  64.847765  3.300
 67    49.085 54557.12003964  8.57 125.354751  64.844655  3.300
 67    50.091 54557.12004029  8.38 125.351811  64.841555  3.300
 67    60.440 54557.12004093  8.35 125.348871  64.838445  3.300
 67    52.104 54557.12004158  8.44 125.345921  64.835335  3.300
 67    51.975 54557.12004222  8.64 125.342981  64.832225  3.300
 68    71.199 54592.12002611  6.84 125.362337  64.842302  4.486
 68    49.127 54592.12002740 10.58 125.356447  64.836082  4.486
 68    49.075 54592.12002805 12.26 125.353497  64.832972  4.486
 68    49.599 54592.12002869 10.57 125.350557  64.829862  4.486
 68    54.188 54592.12002933  6.85 125.347617  64.826752  4.486
 69    76.725 54627.12004108 11.98 125.361751  64.846363 13.496
 69    76.425 54627.12004173 11.10 125.358811  64.843263 13.496
 69    76.099 54627.12004237 11.43 125.355861  64.840153 13.496
 69    70.529 54627.12004302 12.48 125.352921  64.837043 13.496
 69    68.618 54627.12004366 13.78 125.349981  64.833933 13.496
 69    56.658 54627.12004431 15.20 125.347031  64.830823 13.496
 69    55.010 54627.12004495 19.23 125.344091  64.827713 13.496
 70    50.653 54662.12004892 47.90 125.362471  64.845363 22.971
 70    50.798 54662.12004956 47.76 125.359531  64.842263 22.971
 70    50.531 54662.12005021 48.97 125.356581  64.839153 22.971
 70    50.806 54662.12005085 50.70 125.353641  64.836043 22.971
 70    51.001 54662.12005150 50.29 125.350701  64.832933 22.971
 70    50.800 54662.12005214 50.37 125.347751  64.829823 22.971
 70    50.900 54662.12005279 48.30 125.344811  64.826713 22.971
 71    70.058 54697.12002404 16.31 125.358813  64.848075 11.244
 71    51.465 54697.12002469 15.10 125.355873  64.844965 11.244
 71    51.569 54697.12002533 15.91 125.352923  64.841855 11.244
 71    51.663 54697.12002598 17.48 125.349983  64.838755 11.244
 71    51.843 54697.12002662 17.61 125.347043  64.835645 11.244
 71    51.999 54697.12002727 17.54 125.344093  64.832535 11.244
 71    54.220 54697.12002791 19.30 125.341153  64.829425 11.244
 72    74.468 54732.12000584 14.08 125.367357  64.841609 11.852
 72    73.879 54732.12000648 14.70 125.364407  64.838499 11.852
 72    50.995 54732.12000713 17.87 125.361467  64.835389 11.852
 72    50.976 54732.12000777 19.01 125.358517  64.832279 11.852
 72    51.139 54732.12000842 19.50 125.355577  64.829169 11.852
 72    54.310 54732.12000906 20.45 125.352637  64.826059 11.852
 72    54.580 54732.12000971 25.76 125.349687  64.822949 11.852
 73    49.150 54767.12000392 42.11 125.361875  64.844668 17.018
 73    49.420 54767.12000456 42.21 125.358935  64.841568 17.018
 73    49.368 54767.12000521 46.05 125.355985  64.838458 17.018
 73    49.353 54767.12000585 46.85 125.353045  64.835348 17.018
 73    49.407 54767.12000650 39.71 125.350105  64.832238 17.018
 73    49.319 54767.12000714 44.74 125.347155  64.829128 17.018
 73    49.047 54767.12000779 38.38 125.344215  64.826018 17.018
 74    49.500 54802.11999993 17.94 125.366843  64.841146  4.534
 74    49.578 54802.12000057 18.14 125.363893  64.838036  4.534
 74    49.508 54802.12000122 19.43 125.360953  64.834926  4.534
 74    49.654 54802.12000186 19.55 125.358013  64.831816  4.534
 74    49.782 54802.12000251 19.17 125.355063  64.828706  4.534
 74    50.223 54802.12000315 17.59 125.352123  64.825596  4.534
 74    52.002 54802.12000379 16.93 125.349183  64.822496  4.534
 75    49.568 54837.11999647 12.86 125.360912  64.843637  3.955
 75    49.622 54837.11999712 13.06 125.357972  64.840537  3.955
 75    49.863 54837.11999776 13.32 125.355022  64.837427  3.955
 75    49.979 54837.11999841 13.63 125.352082  64.834317  3.955
 75    50.146 54837.11999905 13.07 125.349142  64.831207  3.955
 75    50.657 54837.11999970 13.90 125.346192  64.828097  3.955
 76    49.494 54872.11999846 11.52 125.367406  64.841678  4.036
 76    62.495 54872.11999910 11.76 125.364456  64.838568  4.036
 76    49.407 54872.11999975 12.48 125.361516  64.835458  4.036
 76    49.760 54872.12000039 12.17 125.358576  64.832348  4.036
 76    50.324 54872.12000104 12.33 125.355626  64.829238  4.036
 76    53.464 54872.12000168 11.63 125.352686  64.826128  4.036
 76    53.670 54872.12000233 11.39 125.349746  64.823028  4.036
 77    73.831 54907.12000333  7.49 125.355094  64.849910  3.767
 77    71.048 54907.12000398  9.20 125.352144  64.846810  3.767
 77    65.519 54907.12000462  9.54 125.349204  64.843700  3.767
 77    63.402 54907.12000527  9.55 125.346254  64.840590  3.767
 77    60.974 54907.12000591  9.78 125.343314  64.837480  3.767
 77    57.642 54907.12000655 10.23 125.340374  64.834370  3.767
 78    48.799 54942.11999114  7.60 125.366181  64.842088  3.546
 78    49.151 54942.11999179  7.13 125.363241  64.838978  3.546
 78    49.241 54942.11999243  7.13 125.360291  64.835868  3.546
 78    49.814 54942.11999308  6.63 125.357351  64.832758  3.546
 78    50.225 54942.11999372  6.96 125.354401  64.829648  3.546
 78    51.688 54942.11999436  6.52 125.351461  64.826538  3.546
 78    54.391 54942.11999501  5.69 125.348521  64.823438  3.546
 79    52.763 54977.12001895 34.52 125.360318  64.842692 19.945
 79    52.800 54977.12001959 36.47 125.357368  64.839582 19.945
 79    52.965 54977.12002024 36.99 125.354428  64.836472 19.945
 79    52.923 54977.12002088 38.94 125.351488  64.833362 19.945
 79    52.900 54977.12002153 39.62 125.348538  64.830252 19.945
 79    52.891 54977.12002217 35.49 125.345598  64.827142 19.945
 80    52.039 55012.12002695 52.60 125.359666  64.844682 23.175
 80    52.258 55012.12002759 51.47 125.356726  64.841582 23.175
 80    52.139 55012.12002824 50.04 125.353776  64.838472 23.175
 80    52.310 55012.12002888 49.66 125.350836  64.835362 23.175
 80    52.252 55012.12002953 52.73 125.347896  64.832252 23.175
 80    52.171 55012.12003017 44.59 125.344956  64.829142 23.175
 80    52.100 55012.12003081 39.19 125.342006  64.826032 23.175
 81    50.123 55047.12001886 19.29 125.363849  64.844221 10.705
 81    50.079 55047.12001950 15.12 125.360909  64.841121 10.705
 81    50.370 55047.12002015 15.62 125.357959  64.838011 10.705
 81    50.874 55047.12002079 17.05 125.355019  64.834901 10.705
 81    50.810 55047.12002144 16.96 125.352079  64.831791 10.705
 81    54.091 55047.12002208 16.97 125.349129  64.828681 10.705
 81    55.216 55047.12002273 19.36 125.346189  64.825571 10.705
 82    50.844 55082.11999027 50.88 125.354733  64.848400 25.183
 82    50.480 55082.11999092 51.54 125.351793  64.845290 25.183
 82    50.440 55082.11999156 51.91 125.348843  64.842190 25.183
 82    50.349 55082.11999221 50.36 125.345903  64.839080 25.183
 82    50.455 55082.11999285 51.84 125.342963  64.835970 25.183
 82    50.380 55082.11999350 51.12 125.340023  64.832860 25.183
 83    70.824 55117.11995381 18.00 125.355721  64.829472  9.882
 83    53.904 55117.11995445 18.81 125.352781  64.826362  9.882
 83    54.307 55117.11995510 24.47 125.349831  64.823252  9.882
 84    48.943 55152.11994889 30.56 125.358660  64.844648 10.174
 84    49.258 55152.11994953 31.23 125.355710  64.841538 10.174
 84    49.065 55152.11995018 30.77 125.352770  64.838438 10.174
 84    49.023 55152.11995082 29.24 125.349830  64.835328 10.174
 84    48.948 55152.11995147 26.92 125.346880  64.832218 10.174
 84    48.839 55152.11995211 25.67 125.343940  64.829108 10.174
 85    49.126 55187.11993826 25.15 125.365919  64.840268  5.546
 85    49.204 55187.11993890 25.69 125.362979  64.837158  5.546
 85    49.200 55187.11993954 25.63 125.360029  64.834048  5.546
 85    49.153 55187.11994019 26.00 125.357089  64.830938  5.546
 85    49.057 55187.11994083 25.37 125.354139  64.827828  5.546
 85    48.848 55187.11994148 24.93 125.351199  64.824718  5.546
 86    48.609 55222.11994737 21.92 125.359211  64.845076  4.706
 86    48.816 55222.11994801 22.02 125.356271  64.841976  4.706
 86    48.837 55222.11994866 22.03 125.353321  64.838866  4.706
 86    48.858 55222.11994930 22.09 125.350381  64.835756  4.706
 86    48.689 55222.11994995 22.67 125.347441  64.832646  4.706
 86    48.443 55222.11995059 21.38 125.344501  64.829536  4.706
 86    49.520 55222.11995124 20.23 125.341551  64.826426  4.706
 87    48.581 55257.11993417 20.09 125.364888  64.841831  5.331
 87    48.616 55257.11993482 21.45 125.361948  64.838721  5.331
 87    48.832 55257.11993546 21.26 125.358998  64.835611  5.331
 87    48.794 55257.11993610 20.63 125.356058  64.832501  5.331
 87    48.683 55257.11993675 20.69 125.353118  64.829391  5.331
 87    48.698 55257.11993739 20.24 125.350168  64.826281  5.331
 87    48.496 55257.11993804 20.90 125.347228  64.823181  5.331
 88    48.404 55292.11993466 17.77 125.356518  64.849644  4.672
 88    48.372 55292.11993530 17.55 125.353578  64.846534  4.672
 88    48.517 55292.11993595 17.57 125.350628  64.843434  4.672
 88    48.614 55292.11993659 17.89 125.347688  64.840324  4.672
 88    48.489 55292.11993724 18.75 125.344748  64.837214  4.672
 88    48.301 55292.11993788 17.99 125.341798  64.834104  4.672
 89    48.898 55327.11991793 32.88 125.360515  64.843687 19.114
 89    49.142 55327.11991857 32.85 125.357575  64.840587 19.114
 89    49.354 55327.11991921 33.07 125.354625  64.837477 19.114
 89    49.527 55327.11991986 36.37 125.351685  64.834367 19.114
 89    49.247 55327.11992050 37.16 125.348745  64.831257 19.114
 89    49.071 55327.11992115 36.12 125.345795  64.828147 19.114
 90    76.252 55362.11991406 11.62 125.357916  64.845138 11.815
 90    64.822 55362.11991470 12.07 125.354976  64.842038 11.815
 90    70.334 55362.11991535 11.99 125.352026  64.838928 11.815
 90    52.165 55362.11991599 14.36 125.349086  64.835818 11.815
 90    53.923 55362.11991664 15.74 125.346146  64.832708 11.815
 90    54.887 55362.11991728 15.44 125.343206  64.829598 11.815
 91    51.016 55397.11992228 15.41 125.364365  64.839446  9.379
 91    50.852 55397.11992293 16.81 125.361425  64.836336  9.379
 91    50.792 55397.11992357 18.14 125.358475  64.833226  9.379
 91    50.916 55397.11992422 18.16 125.355535  64.830116  9.379
 91    54.202 55397.11992486 17.01 125.352595  64.827006  9.379
 91    54.752 55397.11992551 17.14 125.349645  64.823896  9.379
 92    50.063 55432.11992920 14.98 125.363572  64.843799 12.995
 92    49.933 55432.11992984 14.78 125.360622  64.840689 12.995
 92    50.006 55432.11993049 16.03 125.357682  64.837579 12.995
 92    50.047 55432.11993113 16.96 125.354732  64.834479 12.995
 92    50.405 55432.11993178 17.34 125.351792  64.831369 12.995
 92    53.822 55432.11993242 18.92 125.348852  64.828259 12.995
 92    55.199 55432.11993306 20.42 125.345912  64.825149 12.995
 93    49.584 55467.11988804 17.05 125.354156  64.849093 12.526
 93    49.976 55467.11988868 17.67 125.351206  64.845983 12.526
 93    50.366 55467.11988933 18.62 125.348266  64.842873 12.526
 93    50.156 55467.11988997 21.06 125.345326  64.839773 12.526
 93    49.910 55467.11989062 27.95 125.342386  64.836663 12.526
 93    49.823 55467.11989126 30.35 125.339436  64.833553 12.526
