# NaN NaN NaN ;Mean Elev.(m), Avg Gradient(m/km), RMS Gradient(m/km) - SRTM1     
#    9.980  -0.330   2.697 ;Mean Elev.(m), Avg Gradient(m/km), RMS Gradient(m/km) - ASTER GDEM
#   17.662  -0.702   3.676 ;Mean Elev.(m), Avg Gradient(m/km), RMS Gradient(m/km) - GMTED2010 
  7 125.653132  69.976816    12.851    12.642 17 52469.13496326 40.940
  8 125.715211  70.021368     7.857     4.915 16 52504.13494033 24.689
  9 125.783944  70.046409    16.897    16.995 48 52539.13491770 18.023
 10 125.655737  69.976417    11.986    11.465 15 52574.13497630 29.060
 11 125.648019  69.974350    17.988    16.224 15 52609.13493623 13.362
 12 125.794323  70.063237    17.527    18.515 26 52644.13490955 10.276
 13 125.650644  69.975066    19.617    18.869 15 52679.13490857  8.551
 15 125.627285  69.971317    20.051    18.577 17 52749.13497853  6.764
 16 125.787835  70.051101    14.782    16.501 43 52784.13490153 24.032
 17 125.790100  70.054971    18.606    19.192 38 52819.13497733 22.425
 18 125.793290  70.060822    16.996    17.427 29 52854.13502522 16.569
 20 125.702816  70.018342    15.529    15.207 16 52924.13502257 16.273
 21 125.786481  70.049624    11.318     9.877 42 52959.13498144 17.998
 22 125.792396  70.062810    11.448     9.962 26 52994.13500909 13.482
 23 125.707580  70.019280    12.691    12.997 16 53029.13498308 10.644
 24 125.797350  70.063794    13.187    14.791 28 53064.13498054  9.260
 25 125.628274  69.970278    14.155     9.859 17 53099.13501369  9.064
 26 125.789688  70.056089    15.807    16.139 35 53134.13498110  7.774
 28 125.659175  69.977974    20.317    20.106 17 53204.13507037 12.865
 29 125.649631  69.974824    15.942    13.407 15 53239.13503957 29.040
 30 125.781338  70.041861    16.396    16.997 55 53274.13498690 16.796
 31 125.661190  69.978342    12.329    12.002 17 53309.13505538 31.214
 32 125.717649  70.021989    15.513    18.293 16 53344.13501255 15.589
 33 125.776329  70.037938    12.783    12.367 51 53379.13495375 12.276
 34 125.792053  70.064450    16.483    18.767 21 53414.13497967  9.659
 35 125.781532  70.042423    16.333    16.327 55 53449.13497444  7.988
 37 125.657554  69.977398    24.694    24.774 16 53519.13507220 42.588
 38 125.716002  70.021659    14.335    14.349 16 53554.13508531 52.868
 39 125.651985  69.976055    20.541    20.954 17 53589.13504191 11.847
 40 125.791596  70.056781    14.072    12.874 36 53624.13499980 25.530
 41 125.793881  70.063089     9.500     9.295 26 53659.13502559 47.177
 42 125.713849  70.020968    10.320     9.621 16 53694.13501301 17.764
 43 125.704512  70.019328    20.396    20.864 16 53729.13493658  9.977
 44 125.789597  70.052106    15.658    17.765 43 53764.13489071  9.012
 45 125.641725  69.972391    20.781    20.442 15 53799.13491614  6.423
 46 125.784681  70.047499    16.774    18.401 47 53834.13489614  6.561
 47 125.792720  70.063460    11.154     9.266 25 53869.13495677 26.823
 48 125.661887  69.979183    19.390    19.850 17 53904.13500852 23.433
 49 125.717141  70.022270    12.756    12.754 16 53939.13503376 44.414
 50 125.704452  70.018574    20.598    21.313 16 53974.13499528 13.895
 52 125.793158  70.058540    10.191    10.148 34 54044.13499885 29.936
 53 125.714815  70.021144    10.199    10.305 16 54079.13500117 24.078
 54 125.696069  70.016993    11.766    10.437 18 54114.13493888 14.515
 56 125.632449  69.972310    14.624     9.583 17 54184.13493847 10.548
 57 125.794426  70.063271    14.632    17.114 26 54219.13494658 10.268
 58 125.658046  69.976390    22.667    22.945 16 54254.13499000 26.870
 59 125.660162  69.978471    19.617    20.062 17 54289.13499295 14.320
 60 125.661034  69.978828    18.647    19.640 17 54324.13499034 16.535
 61 125.632056  69.971985    11.861    12.113 17 54359.13494771 51.353
 62 125.787915  70.061651     9.815     9.683 19 54394.13491256 46.635
 63 125.715859  70.021379    15.230    14.245 16 54429.13488702 10.613
 64 125.797172  70.063732    15.318    16.928 28 54464.13489101  9.140
 65 125.720636  70.023023    18.872    18.957 16 54499.13489700  6.689
 66 125.788899  70.062425    18.590    20.058 20 54534.13490568  7.003
 67 125.704572  70.018649    19.592    19.668 16 54569.13490181  5.869
 68 125.791622  70.064630    14.317    16.896 21 54604.13489967 20.903
 69 125.653225  69.976212    21.363    21.104 17 54639.13492953 14.683
 70 125.652237  69.975143    17.456    17.656 15 54674.13493236 16.820
 71 125.710846  70.019787    14.470    14.455 16 54709.13488063 43.582
 72 125.787445  70.061265    18.944    19.166 22 54744.13488001 16.226
 73 125.653991  69.976743    11.227    11.291 17 54779.13487304 26.634
 74 125.794263  70.062148    10.469     9.737 27 54814.13487301 16.676
 75 125.715908  70.021436    11.046    10.674 16 54849.13486256 12.772
 76 125.791333  70.063890     9.760     9.299 21 54884.13487642 12.482
 77 125.626751  69.970027    12.774    10.610 17 54919.13487621  9.361
 78 125.793056  70.064522    11.592    11.407 24 54954.13487078 28.969
 79 125.661511  69.979124    25.085    25.245 17 54989.13491336 48.096
 80 125.653875  69.976791    14.297    14.530 17 55024.13490579 52.029
 81 125.655766  69.976855    15.068    14.987 17 55059.13490039 16.791
 82 125.699863  70.017445    18.115    17.840 16 55094.13484557 16.726
 83 125.727943  70.022180    10.490    10.506 18 55129.13483190 44.522
 84 125.720627  70.022828    11.138     9.579 16 55164.13480580 15.578
 85 125.791349  70.062608    12.093    10.193 25 55199.13481448 13.282
 87 125.659192  69.976330    10.375     8.971 16 55269.13482794 10.466
 88 125.634474  69.971933     9.493    10.859 17 55304.13480223 12.195
 89 125.660776  69.978909    12.103    12.366 17 55339.13479980 43.291
 90 125.654609  69.977044    14.310    14.515 17 55374.13479187 52.607
 91 125.793355  70.063801    18.926    19.397 24 55409.13479407 14.495
 92 125.654276  69.976228    15.730    17.881 15 55444.13480921 20.972
 93 125.626980  69.969388    10.058    10.085 15 55479.13474843 47.490
