# NaN NaN NaN ;Mean Elev.(m), Avg Gradient(m/km), RMS Gradient(m/km) - SRTM1     
#   45.642   3.936  37.476 ;Mean Elev.(m), Avg Gradient(m/km), RMS Gradient(m/km) - ASTER GDEM
#   34.967   3.693  38.595 ;Mean Elev.(m), Avg Gradient(m/km), RMS Gradient(m/km) - GMTED2010 
  7 127.931824  63.722379    65.557    65.475 10 52467.11032540 47.790
  8 127.931360  63.728336    64.585    64.042 14 52502.11031601 37.222
  9 127.955225  63.729774    64.547    64.497 18 52537.11030079 48.791
 10 127.935896  63.725301    63.462    62.995 13 52572.11033940 34.273
 11 127.940697  63.734192    63.772    63.237 19 52607.11029571 25.414
 12 127.948293  63.731578    63.437    63.447 18 52642.11029418 23.073
 13 127.941134  63.736359    63.320    63.373 19 52677.11028004 20.841
 14 127.950508  63.734422    63.420    63.399 20 52712.11031115 19.068
 15 127.924913  63.731134    63.722    63.602 15 52747.11033941 21.648
 16 127.946356  63.723005    66.528    66.680 13 52782.11027930 30.052
 17 127.947628  63.726528    82.362    81.242 16 52817.11035803 39.573
 18 127.953051  63.735543    65.478    65.116 21 52852.11040686 24.767
 20 127.927895  63.727055    63.842    63.918 12 52922.11039848 39.435
 21 127.953248  63.726910    64.012    63.711 16 52957.11036310 25.073
 22 127.952576  63.735168    64.278    64.027 21 52992.11038263 16.217
 23 127.942545  63.735855    64.145    64.177 19 53027.11034840 14.337
 24 127.954511  63.734870    64.438    64.323 21 53062.11035727 13.054
 25 127.931013  63.737491    64.222    64.370 19 53097.11038098 12.329
 26 127.959336  63.735170    64.452    63.931 21 53132.11035369 23.394
 28 127.969764  63.763125    67.576    67.578  3 53202.11042659 38.764
 29 127.948113  63.739418   117.582   111.168 14 53237.11040065 36.543
 30 127.965196  63.735463    66.067    65.772 20 53272.11035747 18.095
 31 127.931178  63.719959    64.059    63.917 10 53307.11042600 34.248
 32 127.939410  63.736274    64.513    64.134 19 53342.11039003 11.664
 33 127.934866  63.736809    64.761    64.576 18 53377.11032462  9.394
 35 127.961265  63.734129    64.952    64.285 22 53447.11034969  7.378
 36 127.944514  63.735371    64.091    63.942 20 53482.11043527 19.641
 37 127.926887  63.716207    74.792    74.496  6 53517.11044110 13.286
 38 127.935389  63.733998    68.681    68.806 17 53552.11045851 34.612
 39 127.940783  63.733353    68.028    67.916 17 53587.11041235 25.303
 40 127.946735  63.727495    66.983    67.091 17 53622.11037917 30.436
 41 127.951848  63.737025    63.843    63.902 20 53657.11040531 31.321
 42 127.931037  63.726940    63.844    63.760 13 53692.11039334 24.339
 43 127.934934  63.737674    64.506    64.075 19 53727.11031480 16.723
 44 127.961824  63.734136    64.451    63.881 21 53762.11026825 14.250
 45 127.939309  63.734902    64.684    64.358 19 53797.11028118 13.216
 47 127.934797  63.718934   185.174   193.611  5 53867.11034256  3.695
 49 127.937078  63.736965    66.900    66.467 19 53937.11040733 17.104
 50 127.933903  63.735482    67.538    67.345 18 53972.11037260 19.655
 52 127.944154  63.721467    63.369    63.018  9 54042.11038497 41.424
 53 127.938216  63.733677    64.610    64.146 17 54077.11037713 16.149
 54 127.931084  63.738183    64.216    63.849 18 54112.11031640 13.243
 56 127.932955  63.737321    64.455    64.238 19 54182.11030432  9.871
 57 127.950287  63.735510    63.812    63.713 20 54217.11032708 14.635
 58 127.930751  63.717815    71.872    71.668  7 54252.11035666 20.229
 59 127.942027  63.732950    68.541    68.524 18 54287.11035885 23.137
 60 127.949228  63.739371    67.218    67.393 10 54322.11035464 14.617
 61 127.916863  63.716409    69.854    69.739  6 54357.11031878 16.903
 62 127.936063  63.722945    64.424    64.312 12 54392.11029856 48.688
 63 127.930737  63.723895    63.783    63.221 12 54427.11026726 25.088
 64 127.944996  63.726874    64.219    63.749 16 54462.11027512 20.557
 65 127.930346  63.723227    63.958    63.783 11 54497.11027524 18.637
 66 127.950479  63.735161    64.168    63.835 20 54532.11028665 14.705
 67 127.928145  63.729362    64.979    65.063 14 54567.11027916  9.538
 68 127.926913  63.712139    70.560    70.497  6 54602.11028670 25.374
 69 127.944960  63.737914   132.352   149.125 16 54637.11029311 34.438
 70 127.931835  63.724565    64.976    64.998 12 54672.11029929 46.820
 71 127.935791  63.731743    67.655    67.668 15 54707.11025759 38.690
 72 127.943912  63.729536    66.510    66.356 13 54742.11026292 26.385
 73 127.929211  63.721003    63.488    63.483 10 54777.11024119 41.430
 74 127.952184  63.733344    63.673    63.739 21 54812.11025546 22.778
 75 127.936000  63.732242    63.695    63.697 16 54847.11023915 19.485
 76 127.948639  63.736203    63.648    63.572 20 54882.11025843 16.694
 77 127.926465  63.730111    63.774    63.812 13 54917.11024285 16.445
 78 127.936956  63.723912    66.302    66.212 13 54952.11025447 30.040
 79 127.939129  63.728909   121.109   125.295 12 54987.11027803 39.226
 80 127.939058  63.730109    68.369    68.095 15 55022.11027044 19.558
 81 127.931719  63.723040    65.709    66.043 12 55057.11026809 36.102
 82 127.934702  63.736510    66.792    66.717 18 55092.11022217 16.718
 83 127.934569  63.720842    64.679    64.674 10 55127.11020834 49.340
 84 127.933998  63.728831    63.330    63.430 14 55162.11018506 25.584
 85 127.951123  63.734784    63.735    63.708 20 55197.11019613 20.484
 86 127.929810  63.729769    63.701    63.755 13 55232.11018878 20.479
 87 127.948363  63.736554    63.503    63.531 20 55267.11019086 17.089
 88 127.931796  63.731776    63.642    63.612 16 55302.11016875 18.278
 89 127.934565  63.725799   114.037   105.933  8 55337.11016757 40.791
 90 127.934730  63.725008    70.093    70.272 13 55372.11015764 13.849
 91 127.939089  63.722021    65.774    65.224 13 55407.11017798 25.575
 92 127.940408  63.733376    67.454    67.405 17 55442.11017504 16.310
 93 127.926676  63.727824    64.249    63.938 12 55477.11011779 24.976
