# NaN NaN NaN ;Mean Elev.(m), Avg Gradient(m/km), RMS Gradient(m/km) - SRTM1     
#   58.606  -0.253  10.312 ;Mean Elev.(m), Avg Gradient(m/km), RMS Gradient(m/km) - ASTER GDEM
#   61.474   0.181   7.672 ;Mean Elev.(m), Avg Gradient(m/km), RMS Gradient(m/km) - GMTED2010 
  7 129.825241  62.584794    82.411    82.420 13 52477.50956979 48.031
  8 129.839145  62.595547    77.599    77.644  8 52512.50951438 48.718
  9 129.819281  62.584882    84.927    84.946 10 52547.50955096 26.262
 10 129.832087  62.583172    80.314    79.983 14 52582.50955800 32.076
 11 129.837815  62.584064    81.130    80.359 11 52617.50953078 25.533
 12 129.833820  62.585055    81.336    81.015 12 52652.50950584 22.807
 13 129.834815  62.593866    79.866    79.562  8 52687.50950496 21.495
 14 129.828557  62.585911    82.305    82.378 15 52722.50955092 17.589
 15 129.825272  62.586920    85.155    85.077 14 52757.50957330 17.551
 16 129.820341  62.585342    85.002    85.450 11 52792.50952487 32.980
 17 129.825092  62.585045    82.187    81.841 13 52827.50959285 48.658
 18 129.827021  62.587642    82.880    82.384 15 52862.50963847 26.712
 19 129.832848  62.584658    81.215    81.237 11 52897.50966751 51.405
 20 129.844320  62.579481    79.570    79.581  7 52932.50961257 48.353
 21 129.823327  62.584904    82.261    81.900 12 52967.50961859 23.216
 22 129.825508  62.585021    82.474    82.208 14 53002.50964388 21.388
 23 129.841589  62.580949    81.232    81.280  9 53037.50959186 19.992
 24 129.830215  62.585114    82.129    82.885 14 53072.50961826 18.510
 25 129.846697  62.578842    80.710    78.740  7 53107.50959199 17.678
 26 129.824506  62.585013    82.916    82.146 13 53142.50962734 36.669
 27 129.831830  62.584575    86.817    86.870 14 53177.50965075 45.056
 28 129.828641  62.586305    84.668    84.904 15 53212.50967126 24.421
 29 129.842176  62.580905    80.743    80.608  9 53247.50963870 33.735
 30 129.816282  62.585474    82.352    82.007 10 53282.50962964 50.434
 31 129.828701  62.586537    80.925    80.964 16 53317.50963253 32.686
 32 129.834949  62.594361    81.101    81.141  8 53352.50959951 21.494
 33 129.818744  62.585172    82.298    82.277 11 53387.50959089 19.162
 34 129.840935  62.582893    80.845    80.187  9 53422.50959112 20.373
 35 129.822829  62.585573    83.999    84.151 13 53457.50959746 15.054
 36 129.819803  62.585885    84.523    85.755 11 53492.50968295 32.341
 37 129.835039  62.586137    83.400    83.450 11 53527.50966234 43.482
 38 129.828698  62.585466    84.911    84.759 15 53562.50969154 21.053
 39 129.847747  62.579302    80.179    79.649  7 53597.50962966 33.117
 40 129.813732  62.584872    85.276    85.360  8 53632.50962690 28.167
 41 129.823688  62.586553    79.167    79.180 13 53667.50964920 42.604
 42 129.843727  62.580741    79.464    79.432  9 53702.50959336 24.226
 43 129.860977  62.575782    80.011    80.010  7 53737.50950176 20.714
 47 129.828197  62.586273    85.197    85.189 16 53877.50957224 44.435
 48 129.820592  62.586653    86.475    86.367 12 53912.50962423 32.871
 49 129.825183  62.584939    81.174    80.508 13 53947.50963892 31.981
 50 129.840354  62.582567    82.518    82.580  9 53982.50958049 45.094
 51 129.821875  62.585620    85.505    85.520 13 54017.50960877 24.884
 52 129.839460  62.583231    81.230    83.100  9 54052.50960316 22.260
 53 129.840202  62.582168    82.181    83.201  9 54087.50959480 17.634
 54 129.858216  62.576702    82.272    83.453  6 54122.50951712 18.592
 55 129.830724  62.584863    83.753    83.578 15 54157.50955755 15.033
 56 129.850416  62.579502    81.939    82.986  7 54192.50951721 16.211
 57 129.827653  62.586217    85.861    85.852 15 54227.50956978 26.891
 58 129.830408  62.584394    85.739    85.818 15 54262.50958849 46.294
 59 129.833803  62.585420    84.422    84.497 12 54297.50959329 21.902
 60 129.840457  62.582720    81.991    81.936  9 54332.50958289 28.170
 61 129.848597  62.579833    81.457    80.598  7 54367.50952324 24.619
 62 129.834421  62.584954    79.833    79.891 11 54402.50952632 45.245
 63 129.841985  62.582188    82.722    83.304  9 54437.50948272 17.147
 64 129.827220  62.586737    83.828    83.876 15 54472.50951209 15.488
 65 129.847189  62.580636    82.569    83.370  9 54507.50949361 14.297
 66 129.833147  62.585795    83.651    83.713 12 54542.50952632 11.953
 67 129.848621  62.579800    83.376    83.683  7 54577.50949581 10.495
 68 129.832599  62.586256    84.936    85.006 12 54612.50951750 49.382
 69 129.832278  62.583959    83.530    83.550 14 54647.50952399 50.869
 70 129.835474  62.584993    81.521    81.462 12 54682.50952480 41.086
 71 129.849246  62.579698    85.460    85.365  7 54717.50947145 23.723
 72 129.826979  62.585655    84.869    84.946 15 54752.50949731 22.690
 73 129.842550  62.581927    79.963    79.930  9 54787.50946215 28.032
 74 129.826007  62.586337    80.989    80.779 15 54822.50949186 20.874
 75 129.843897  62.581180    80.134    80.180  9 54857.50945804 20.595
 76 129.833876  62.584430    80.197    79.736 12 54892.50949394 18.650
 77 129.849150  62.578163    80.299    80.223  7 54927.50945545 16.161
 78 129.827448  62.586349    84.746    84.654 14 54962.50949394 36.474
 79 129.830782  62.584310    86.219    86.226 14 54997.50951425 46.191
 80 129.832724  62.585003    82.865    82.933 12 55032.50950383 36.504
 81 129.840997  62.582168    83.936    84.244  9 55067.50949183 21.441
 82 129.848532  62.579906    82.142    82.196  7 55102.50943053 48.904
 83 129.829481  62.585399    79.722    79.761 14 55137.50943902 43.277
 84 129.834485  62.593632    79.679    79.707  8 55172.50940195 31.519
 85 129.827527  62.585480    79.805    79.817 15 55207.50943340 26.038
 86 129.847597  62.579676    79.332    79.230  7 55242.50940369 20.581
 87 129.834803  62.585800    79.833    79.920 11 55277.50942711 18.487
 88 129.848451  62.578150    84.098    84.385  7 55312.50938902 18.568
 89 129.835695  62.584582    84.364    84.408 11 55347.50939701 52.198
 90 129.837752  62.583693    81.547    81.587 10 55382.50938777 52.486
 91 129.826906  62.586146    81.811    81.837 14 55417.50941665 32.938
 92 129.843275  62.581631    81.861    81.915  9 55452.50939701 52.076
 93 129.853463  62.578109    79.900    80.012  7 55487.50931808 48.823
