# NaN NaN NaN ;Mean Elev.(m), Avg Gradient(m/km), RMS Gradient(m/km) - SRTM1     
#  178.661 -11.534  45.378 ;Mean Elev.(m), Avg Gradient(m/km), RMS Gradient(m/km) - ASTER GDEM
#  173.426 -10.734  44.543 ;Mean Elev.(m), Avg Gradient(m/km), RMS Gradient(m/km) - GMTED2010 
  7 112.652859  59.581832   179.283   179.283  2 52465.56283183 36.362
  8 112.658489  59.581646   175.001   175.001  2 52500.56282631 28.805
  9 112.640276  59.576855   176.217   176.217  2 52535.56281302 51.320
 10 112.649213  59.581994   173.835   173.835  2 52570.56284616 44.813
 11 112.658244  59.582476   174.799   174.759  3 52605.56281822 15.593
 12 112.645273  59.578770   174.362   174.362  2 52640.56280621 11.049
 13 112.658609  59.582403   173.404   173.404  2 52675.56279832 10.825
 14 112.646981  59.579430   173.463   173.463  2 52710.56282030 15.400
 16 112.641829  59.579095   179.322   179.322  2 52780.56278561 42.604
 17 112.642365  59.577066   176.122   176.122  2 52815.56286704 37.821
 18 112.647031  59.580321   174.801   174.801  2 52850.56291938 25.815
 19 112.649326  59.581702   176.872   176.872  2 52885.56295445 27.224
 20 112.659156  59.583022   180.801   180.801  2 52920.56291024  6.321
 21 112.649336  59.581668   173.270   173.270  2 52955.56287438 44.548
 22 112.656452  59.583608   174.446   174.446  2 52990.56288862 13.061
 25 112.654293  59.582437   173.563   173.563  2 53095.56289772 24.399
 26 112.654975  59.580710   174.196   174.196  2 53130.56286993 10.571
 28 112.650854  59.582288   176.507   176.507  2 53200.56294359 25.865
 30 112.642825  59.577828   177.067   177.067  2 53270.56287445 50.617
 31 112.643507  59.577145   174.799   174.799  2 53305.56293707 45.364
 33 112.664841  59.585460   175.199   175.199  2 53375.56283608  7.386
 36 112.642454  59.579698   173.729   173.729  2 53480.56294555  1.050
 37 112.654367  59.581371   182.010   182.010  2 53515.56295088 26.512
 38 112.650941  59.580336   177.745   177.745  2 53550.56297032 32.090
 39 112.658662  59.583694   175.226   175.226  2 53585.56292965 48.076
 40 112.637969  59.575153   174.554   174.554  2 53620.56288722 19.201
 41 112.647752  59.579854   177.796   177.796  2 53655.56291651 10.746
 42 112.653304  59.582265   173.957   173.957  2 53690.56290809 29.408
 43 112.666003  59.584859   174.373   174.373  2 53725.56283229 13.552
 44 112.652575  59.580682   173.892   173.892  2 53760.56277884  9.741
 45 112.661959  59.583626   173.288   173.288  2 53795.56279548 10.198
 46 112.646003  59.580529   173.511   173.511  2 53830.56277612  9.115
 47 112.647140  59.578453   174.341   174.341  2 53865.56285155 31.189
 48 112.652212  59.580147   183.303   183.303  2 53900.56287914 33.548
 49 112.645321  59.578003   183.745   183.745  2 53935.56292032  8.663
 50 112.653447  59.581939   176.288   176.288  2 53970.56288870 52.433
 51 112.646459  59.578165   175.783   175.783  2 54005.56286651 50.005
 52 112.652860  59.580199   173.470   173.470  2 54040.56289614 45.929
 53 112.657141  59.582664   175.635   175.635  2 54075.56289080 16.496
 54 112.663754  59.584820   174.772   174.772  2 54110.56283403 14.237
 55 112.648753  59.580130   174.448   174.445  3 54145.56283041 14.306
 56 112.661943  59.583492   174.069   174.069  2 54180.56281976 12.495
 57 112.649363  59.578880   174.397   174.397  2 54215.56283821 21.279
 58 112.650957  59.580787   183.406   183.406  2 54250.56286563 25.567
 59 112.655322  59.583488   179.447   179.447  2 54285.56287249 28.287
 60 112.656635  59.580591   175.128   175.128  2 54320.56286898 28.017
 61 112.662221  59.584255   174.735   174.735  2 54355.56283123 48.407
 62 112.653033  59.582608   174.901   174.901  2 54390.56280996 52.394
 63 112.657383  59.583218   173.239   173.239  2 54425.56278103 30.358
 64 112.649503  59.580327   174.318   174.318  2 54460.56278601 19.047
 65 112.659061  59.582582   173.724   173.724  2 54495.56278690 14.117
 66 112.651896  59.581670   173.493   173.493  2 54530.56279911 15.188
 67 112.662892  59.582862   173.428   173.428  2 54565.56279311 13.539
 68 112.651918  59.581633   176.701   176.701  2 54600.56279476 51.751
 69 112.652725  59.581375   183.236   183.780  3 54635.56280665 23.290
 70 112.654920  59.581440   176.532   176.532  2 54670.56281081 44.737
 71 112.661517  59.581723   179.457   179.457  2 54705.56277264 22.480
 72 112.650163  59.580873   176.184   176.184  2 54740.56277433 52.125
 73 112.658669  59.583216   173.885   173.885  2 54775.56275392 46.087
 74 112.647233  59.579143   176.055   176.055  2 54810.56276755 13.347
 75 112.659209  59.581027   175.118   175.118  2 54845.56275294 10.885
 76 112.650684  59.579887   174.503   174.503  2 54880.56277075 11.580
 77 112.660693  59.581594   173.998   173.998  2 54915.56275642 14.627
 79 112.650937  59.580148   181.655   181.655  2 54985.56278877 46.837
 80 112.657382  59.580625   177.475   177.475  2 55020.56278242 34.028
 81 112.657087  59.582255   176.079   176.079  2 55055.56277969 50.530
 82 112.661078  59.582146   177.616   177.616  2 55090.56273825 38.943
 83 112.652254  59.581373   175.001   175.001  2 55125.56271776 52.125
 84 112.656857  59.583003   175.453   175.453  2 55160.56269958 14.670
 85 112.648050  59.579250   175.010   175.010  2 55195.56270811  8.150
 86 112.660617  59.581669   173.773   173.773  2 55230.56270205  4.875
 87 112.653560  59.580392   173.726   173.726  2 55265.56270310  4.935
 88 112.662030  59.583180   173.845   173.845  2 55300.56268447  3.421
 89 112.655002  59.582076   181.989   181.989  2 55335.56267982 54.164
 90 112.655340  59.583485   176.736   176.736  2 55370.56267041 34.898
 91 112.650635  59.581794   176.303   176.303  2 55405.56268866 47.269
 92 112.657433  59.583016   179.062   179.062  2 55440.56268912 22.306
 93 112.663348  59.583639   178.044   178.044  2 55475.56263297 26.823
