# NaN NaN NaN ;Mean Elev.(m), Avg Gradient(m/km), RMS Gradient(m/km) - SRTM1     
#   37.367  -0.888   3.923 ;Mean Elev.(m), Avg Gradient(m/km), RMS Gradient(m/km) - ASTER GDEM
#   31.621  -1.867   5.951 ;Mean Elev.(m), Avg Gradient(m/km), RMS Gradient(m/km) - GMTED2010 
  8 126.021826  64.505036    53.046    53.042 30 52499.51592938 50.758
  9 125.970750  64.530097    53.948    53.784 19 52534.51592286 45.759
 10 126.004400  64.511040    52.156    52.135 30 52569.51594794 38.285
 11 126.019126  64.505934    52.158    52.150 30 52604.51592871 24.039
 12 125.983110  64.524753    52.162    52.053 23 52639.51591500 21.875
 13 126.017473  64.507662    52.196    52.105 30 52674.51590633 19.651
 14 125.999320  64.511698    52.405    52.361 26 52709.51592361 17.197
 16 125.991055  64.513065    52.316    52.297 22 52779.51588876 35.166
 17 125.978108  64.526346    56.263    56.014 21 52814.51597526 22.085
 18 125.998110  64.511505    54.931    53.963 26 52849.51602471 22.389
 19 126.006997  64.509375    53.537    53.541 31 52884.51605948 51.929
 20 126.022987  64.504895    54.161    53.690 30 52919.51601447 19.701
 21 126.005208  64.506947    52.489    52.165 27 52954.51597866 24.074
 22 126.017648  64.508087    53.561    52.790 31 52989.51598819 13.041
 23 126.027756  64.505848    53.102    52.453 30 53024.51596875 12.222
 24 126.017429  64.507016    53.578    53.149 32 53059.51596680 10.806
 25 126.019152  64.503356    56.108    55.358 33 53094.51600392 10.305
 26 126.007995  64.509103    52.974    52.948 31 53129.51597726 24.282
 28 126.009066  64.508803    55.364    55.363 31 53199.51604714 51.611
 29 126.029043  64.504175    54.233    54.134 30 53234.51601567 37.302
 30 125.974819  64.528788    54.835    55.317 20 53269.51598706 22.461
 31 125.978173  64.527064    53.121    53.067 22 53304.51604801 43.622
 32 126.017193  64.506409    53.465    53.481 32 53339.51601189 11.409
 33 126.032928  64.503129    53.978    53.553 29 53374.51594238  9.355
 34 126.010879  64.507459    54.527    53.856 32 53409.51598621  8.206
 35 126.031446  64.503547    54.602    54.074 29 53444.51596827  7.620
 36 125.994661  64.511981    54.241    54.532 24 53479.51604984 20.139
 37 126.013896  64.505459    57.949    57.861 34 53514.51605562 28.509
 38 126.008562  64.509462    55.361    55.354 32 53549.51607534 52.045
 39 126.020944  64.505194    55.992    56.150 30 53584.51603665 45.629
 40 126.028323  64.504614    54.619    54.419 29 53619.51599316 26.661
 41 126.000658  64.512113    52.741    52.776 28 53654.51602129 40.217
 42 126.012135  64.506967    53.226    53.082 32 53689.51601515 25.043
 43 126.033588  64.503373    53.177    53.183 28 53724.51593838 15.205
 44 126.005065  64.511254    54.173    53.573 31 53759.51588307 13.129
 45 126.023853  64.505801    53.629    53.142 30 53794.51590057 12.283
 46 125.997330  64.512208    54.913    54.536 26 53829.51587834 10.596
 47 125.997313  64.512573    52.930    52.667 26 53864.51595785 29.845
 48 126.005574  64.511452    58.222    58.250 31 53899.51598302 20.693
 49 125.998166  64.511952    55.382    55.231 26 53934.51602693 27.182
 50 126.013425  64.506419    55.913    55.361 33 53969.51599550 21.014
 51 125.984542  64.523505    55.941    55.572 24 54004.51597349 31.106
 52 126.005717  64.511461    52.218    52.273 31 54039.51600285 36.493
 53 126.018793  64.505103    53.607    53.408 32 54074.51599575 19.580
 54 126.032176  64.502827    53.602    53.474 29 54109.51594008 15.555
 55 126.005867  64.506451    54.126    53.966 27 54144.51593448 12.255
 56 126.026215  64.504295    53.999    53.508 30 54179.51592528 12.138
 57 126.004996  64.507891    53.859    53.914 29 54214.51594257 18.756
 58 126.006864  64.509231    58.873    58.844 31 54249.51597053 50.694
 59 126.017666  64.504516    56.022    55.980 34 54284.51597685 23.512
 60 126.017659  64.505138    55.005    54.955 33 54319.51597433 42.819
 61 126.027812  64.503313    54.780    54.577 29 54354.51593689 22.829
 62 126.014100  64.505222    53.269    52.996 33 54389.51591469 37.412
 63 126.020376  64.505102    52.650    52.717 30 54424.51588721 27.442
 64 126.000446  64.512113    53.033    52.967 28 54459.51589186 20.086
 65 126.021259  64.505711    52.765    52.775 30 54494.51589218 19.046
 66 126.006783  64.510082    53.148    52.962 30 54529.51590413 15.064
 67 126.026487  64.504760    53.991    53.216 30 54564.51589876  9.806
 68 126.011106  64.507209    52.748    52.557 33 54599.51589918 41.985
 69 126.010830  64.507525    57.446    56.991 32 54634.51591166 18.878
 70 126.016890  64.503939    55.631    55.023 35 54669.51591556 26.651
 71 126.024871  64.504603    55.600    55.534 30 54704.51587891 28.776
 72 126.004716  64.509089    54.862    54.887 29 54739.51587941 52.502
 73 126.021445  64.505440    52.618    52.648 30 54774.51586010 44.308
 74 125.989931  64.520297    53.471    53.304 25 54809.51587533 16.295
 75 126.019580  64.505638    53.351    53.338 30 54844.51585877 16.450
 76 126.004718  64.510370    53.652    53.432 31 54879.51587632 13.889
 77 126.023483  64.504859    53.636    53.354 30 54914.51586234  9.611
 78 126.006423  64.508767    52.455    51.952 31 54949.51586868 43.950
 79 126.007832  64.508776    57.792    57.576 31 54984.51589360 18.453
 80 126.018253  64.503650    56.546    55.891 33 55019.51588795 21.166
 81 126.017409  64.507026    55.201    54.921 32 55054.51588499 22.245
 82 126.024888  64.504628    54.096    53.838 30 55089.51584453 31.180
 83 126.007976  64.509121    53.712    53.700 31 55124.51582278 50.860
 84 126.017055  64.508291    53.110    52.774 31 55159.51580633 27.091
 85 125.997714  64.512877    53.869    53.629 26 55194.51581403 16.579
 86 126.021353  64.506683    53.035    53.114 30 55229.51580819 17.188
 87 126.011468  64.507159    53.241    53.275 32 55264.51580772 13.159
 88 126.026036  64.504180    52.886    52.920 30 55299.51579056 12.708
 89 126.018067  64.503371    53.574    53.572 34 55334.51578436 46.192
 90 126.018271  64.504985    56.359    55.910 32 55369.51577554 20.364
 91 126.004082  64.510881    54.651    54.418 30 55404.51579422 25.275
 92 126.020449  64.505291    53.785    53.725 30 55439.51579403 38.668
 93 126.027087  64.505553    54.586    54.064 30 55474.51573969 19.606
