# NaN NaN NaN ;Mean Elev.(m), Avg Gradient(m/km), RMS Gradient(m/km) - SRTM1     
#    9.761  -0.127   1.570 ;Mean Elev.(m), Avg Gradient(m/km), RMS Gradient(m/km) - ASTER GDEM
#    1.008  -0.224   2.638 ;Mean Elev.(m), Avg Gradient(m/km), RMS Gradient(m/km) - GMTED2010 
  7 128.285248  72.130656     7.495     7.039  5 52456.48363310  3.868
 10 128.339948  72.095853     0.911     0.886  5 52561.48362694 42.478
 12 128.355611  72.085459     0.232     0.240  7 52631.48357657 24.133
 15 128.311825  72.122569     0.079    -0.093  8 52736.48361668 22.817
 16 128.321679  72.122638     0.201     0.190 16 52771.48359108 30.307
 17 128.349497  72.085074     3.703     3.689  8 52806.48363300 24.473
 18 128.357698  72.084621     1.766     0.240  5 52841.48369224 26.503
 19 128.338248  72.097681     1.319     0.454  5 52876.48373375 27.606
 20 128.320742  72.123446     3.586     3.147 15 52911.48370088 22.388
 23 128.311586  72.122392     0.094     0.032  8 53016.48369008 20.909
 24 128.355384  72.085546     0.369     0.373  7 53051.48366018 19.140
 25 128.310340  72.119900     0.236     0.249  6 53086.48370382 18.564
 26 128.354197  72.086474     0.360     0.333  7 53121.48366710 15.979
 28 128.311088  72.120049     8.562    10.727  6 53191.48372079 20.635
 29 128.311025  72.122191     0.501     0.235  8 53226.48372506 28.642
 30 128.314430  72.123521     1.673     0.236 12 53261.48369898 35.203
 31 128.350397  72.085577     0.646     0.659  8 53296.48372501 35.105
 32 128.283950  72.131926     0.355     0.397  5 53331.48370702 26.322
 34 128.333407  72.100433     0.396     0.441  6 53401.48367402 22.999
 35 128.325781  72.117459     0.210     0.226 11 53436.48366657 24.104
 36 128.352535  72.086821     0.393     0.423  8 53471.48371097 23.980
 37 128.306571  72.118209     0.507     0.472  4 53506.48375103 33.639
 38 128.282553  72.131582    10.142    15.310  5 53541.48375868 24.263
 39 128.296722  72.129781     3.184     1.713  7 53576.48374752 22.168
 40 128.322701  72.120595    11.433    10.846 13 53611.48369697 27.274
 41 128.352294  72.086948     3.000     2.846  7 53646.48369466 15.805
 42 128.285042  72.131083    -0.155    -0.068  5 53681.48372019 20.558
 43 128.319117  72.122713    -0.005     0.038 15 53716.48364545 22.067
 44 128.357525  72.084622    -0.053    -0.079  5 53751.48355628 20.108
 45 128.311248  72.122202     0.132     0.158  8 53786.48359416 18.431
 46 128.330133  72.123718     0.091     0.052 15 53821.48354999 18.413
 47 128.358691  72.084412     0.107     0.073  5 53856.48363125 13.324
 48 128.286395  72.130489     3.200     2.388  5 53891.48365322 29.014
 49 128.354685  72.086308     1.007     0.811  7 53926.48370578 37.656
 50 128.287545  72.131963     2.940     1.531  6 53961.48370112 31.122
 51 128.348315  72.081133     4.945     4.926  7 53996.48363202 14.807
 52 128.350022  72.090819     0.568     0.503  6 54031.48368671 35.497
 53 128.288935  72.133102     0.205     0.417  6 54066.48368936 22.473
 54 128.317218  72.122885     0.151     0.063 12 54101.48364878 23.937
 55 128.348990  72.089774     0.472     0.460  6 54136.48360759 22.965
 56 128.299904  72.129498     0.211     0.175  9 54171.48362682 18.557
 57 128.351002  72.087205     0.432     0.406  7 54206.48361218 20.451
 58 128.286830  72.130050     0.483     0.620  5 54241.48365432 34.238
 59 128.283750  72.131591     4.646     2.016  5 54276.48366943 20.722
 61 128.324261  72.120013     4.951     5.173 14 54346.48364093 23.103
 62 128.349791  72.090720     0.672     0.437  6 54381.48359835 29.217
 63 128.311467  72.121726     0.027     0.023  8 54416.48359047 22.853
 64 128.348713  72.087908     0.160     0.209  8 54451.48356668 19.085
 65 128.289163  72.130184     0.199     0.221  5 54486.48358901 18.428
 66 128.329152  72.103234     0.311     0.315  4 54521.48358313 18.974
 67 128.313098  72.122737     0.187     0.279  8 54556.48359771 36.969
 68 128.335837  72.101214     0.271     0.268  6 54591.48357874 16.369
 69 128.286421  72.132272     5.006     5.325  5 54626.48360121 15.019
 70 128.336584  72.101200     3.499     2.212  6 54661.48360243 23.024
 71 128.301741  72.129029     1.734     1.402  9 54696.48358478 29.775
 72 128.337381  72.096756     8.705     9.451  5 54731.48355762 17.455
 73 128.288459  72.129902     0.737     0.838  5 54766.48356404 31.504
 74 128.355903  72.084762     0.194     0.132  7 54801.48354887 23.805
 75 128.284160  72.132424     0.315     0.417  5 54836.48355680 22.529
 76 128.358554  72.084570     0.372     0.349  5 54871.48354696 21.523
 77 128.314440  72.123238     0.338     0.349 10 54906.48356236 21.058
 78 128.337672  72.096683     0.443     0.445  5 54941.48354224 19.408
 79 128.307715  72.117526     1.434     1.421  6 54976.48357501 34.454
 80 128.287577  72.131650     5.879     5.685  6 55011.48358723 20.302
 81 128.284957  72.130176     1.699     0.830  5 55046.48357874 25.082
 82 128.324922  72.119165     2.842     3.487 13 55081.48354869 26.385
 83 128.338642  72.097311     1.334     1.818  5 55116.48350353 28.994
 84 128.289253  72.130116     0.136     0.174  5 55151.48350893 21.313
 85 128.354618  72.086174     0.302     0.224  7 55186.48348727 22.572
 86 128.289297  72.131129     0.376     0.488  6 55221.48350748 20.219
 87 128.329319  72.103681     0.380     0.419  4 55256.48348690 19.375
 88 128.307315  72.127539    -0.082    -0.032 11 55291.48349504 19.569
 89 128.333440  72.103484     0.333     0.223  5 55326.48347172 31.835
 90 128.291000  72.131392     5.359     5.586  6 55361.48347414 22.923
 91 128.338394  72.096667     2.882     2.959  5 55396.48347361 26.396
 92 128.287516  72.130266     2.530     6.038  5 55431.48348927 25.903
 93 128.323688  72.122571     2.738     4.003 16 55466.48344717 31.528
