# NaN NaN NaN ;Mean Elev.(m), Avg Gradient(m/km), RMS Gradient(m/km) - SRTM1     
#   85.036  -0.154  28.736 ;Mean Elev.(m), Avg Gradient(m/km), RMS Gradient(m/km) - ASTER GDEM
#   84.000   0.167  29.758 ;Mean Elev.(m), Avg Gradient(m/km), RMS Gradient(m/km) - GMTED2010 
  9 128.027536  61.218538    96.185    96.212  4 52518.51722509 24.162
 10 128.006892  61.212492    98.272    97.933  4 52553.51727471 46.095
 11 128.023310  61.216171    96.116    95.750  4 52588.51725669 27.179
 12 128.028213  61.217929    95.972    96.003  4 52623.51720816 15.957
 13 128.019354  61.216881    95.945    96.012  5 52658.51722697 13.278
 15 128.022140  61.215836   101.713   101.676  4 52728.51724622  7.736
 16 128.021211  61.216884    96.591    96.293  4 52763.51725895 16.557
 18 128.014217  61.215916    98.282    98.062  4 52833.51730336 31.566
 21 128.028353  61.222193    96.607    96.607  2 52938.51729623 47.837
 22 128.012406  61.215626    96.260    95.980  4 52973.51733153 20.392
 23 128.015614  61.215847    96.122    96.159  5 53008.51733953 13.016
 25 128.018457  61.215428    96.452    96.316  4 53078.51733046  8.758
 29 128.018886  61.218345    98.121    98.104  4 53218.51736881 33.935
 31 128.004332  61.212346    97.084    97.125  4 53288.51734820 25.051
 32 128.024838  61.217845    97.829    97.076  4 53323.51732433 18.889
 33 128.030483  61.219122   100.882    96.430  4 53358.51728803 10.956
 38 128.024755  61.217180   102.991   102.949  4 53533.51737135 39.511
 39 128.016120  61.216829    99.619    99.548  4 53568.51738855 42.471
 49 128.011772  61.215175    99.921    99.935  4 53918.51733551 41.824
 52 128.012675  61.214726    96.817    96.786  4 54023.51731809 49.090
 53 128.023124  61.219083    96.214    96.215  4 54058.51731103 14.634
 58 128.018569  61.214183   274.254   274.254  2 54233.51727369  0.385
 59 128.019578  61.218076   101.042   100.321  4 54268.51729345 27.033
 63 128.019106  61.218494    95.960    95.944  4 54408.51722765 43.059
 64 128.009612  61.214299    96.562    96.596  4 54443.51719111 14.566
 70 128.017697  61.217451    98.363    98.443  4 54653.51723409 46.807
 73 128.020888  61.216037    96.687    96.682  4 54758.51719825 23.482
 75 128.018291  61.216158    96.543    96.588  4 54828.51719705 20.032
 80 128.016245  61.216513   101.519   101.595  4 55003.51721790 40.012
 81 128.021706  61.215696    98.169    98.193  4 55038.51720453 20.081
 82 128.022892  61.219357    99.482    99.398  4 55073.51719029 45.713
 84 128.020143  61.217180    96.724    96.695  4 55143.51714138 30.806
 85 128.009617  61.214494    97.167    96.921  4 55178.51711001 19.289
 87 128.014428  61.215875    96.372    96.565  5 55248.51710997 13.319
 88 128.021699  61.217760    96.474    96.528  4 55283.51712995 13.263
 90 128.021548  61.217041    99.141    99.056  4 55353.51710267 43.335
 91 128.011218  61.215114   100.909   100.930  5 55388.51710027 44.777
 92 128.019958  61.217997    97.802    97.809  4 55423.51712049 49.023
 93 128.024764  61.219471    99.418    98.565  4 55458.51709220 16.316
