# NaN NaN NaN ;Mean Elev.(m), Avg Gradient(m/km), RMS Gradient(m/km) - SRTM1     
#    4.802  -0.060   1.509 ;Mean Elev.(m), Avg Gradient(m/km), RMS Gradient(m/km) - ASTER GDEM
#    1.000  -0.193   0.913 ;Mean Elev.(m), Avg Gradient(m/km), RMS Gradient(m/km) - GMTED2010 
  6 127.995430  72.238699     3.448     3.460  8 52437.13846386 49.535
  7 127.994898  72.239248     0.817     0.839  9 52472.13846508 30.423
  8 127.992949  72.239279    -7.292    -7.262  8 52507.13844054 30.511
  9 128.001663  72.225327     0.600     0.562  7 52542.13842500 35.560
 10 127.997767  72.237597     0.916     0.932  7 52577.13847297 33.528
 11 127.995950  72.243064     1.099     1.009 10 52612.13843562 25.557
 12 127.996121  72.231778     1.045     1.068  5 52647.13842245 25.836
 13 127.998245  72.238281     1.003     0.992  8 52682.13839152 25.994
 14 127.999285  72.235093     1.063     1.043  7 52717.13845115 25.641
 15 127.996056  72.250323     1.253     1.217 10 52752.13847390 21.583
 16 128.003132  72.227072     0.871     0.751  9 52787.13842239 32.899
 17 127.995357  72.226568     2.198     2.303  5 52822.13849543 15.781
 18 127.997850  72.229616     1.090     0.830  7 52857.13854196 33.144
 19 127.997977  72.238875     1.097     1.118  8 52892.13857260 32.048
 20 127.994561  72.248552     1.190     1.199 10 52927.13852299 34.097
 21 128.004942  72.227073     0.982     0.839  9 52962.13849562 21.396
 22 127.997105  72.237391     1.079     1.137  8 52997.13853632 24.671
 23 127.995363  72.247408     1.098     1.106 10 53032.13849321 25.665
 24 127.997119  72.232269     1.129     1.087  5 53067.13850603 24.141
 25 127.996255  72.250161     1.142     1.136  9 53102.13849737 20.678
 26 127.995926  72.229022     1.107     1.085  6 53137.13850916 13.989
 27 127.996972  72.234558     4.665     4.084  6 53172.13855618 16.728
 28 127.996938  72.239014     1.717     1.692  8 53207.13856982 12.890
 29 127.994520  72.239670     1.068     0.837  8 53242.13853747 28.961
 30 128.016164  72.233247     0.873     0.823  8 53277.13851061 32.424
 31 127.998201  72.236803     1.146     1.133  7 53312.13854682 30.655
 32 127.994699  72.238309     1.121     1.110  8 53347.13851249 24.808
 33 128.000200  72.225802     1.262     1.114  7 53382.13847690 25.895
 34 127.997890  72.234408     1.260     1.267  6 53417.13849164 25.702
 35 128.019071  72.232243     1.283     1.267 10 53452.13849123 26.752
 36 127.996497  72.238031     1.125     1.122  8 53487.13857611 22.862
 37 127.999400  72.237262     3.185     3.189  8 53522.13856740 46.692
 38 127.992016  72.239641     1.922     1.867  9 53557.13859222 29.501
 39 127.995805  72.240246     4.175     3.505  8 53592.13852892 12.016
 40 127.999613  72.227219     1.480     1.430  7 53627.13852111 27.838
 41 127.997053  72.234732     1.432     1.494  6 53662.13854532 32.783
 42 127.992366  72.239995     0.743     0.733  9 53697.13851079 19.215
 43 127.992976  72.244236     0.962     0.939 10 53732.13843267 19.275
 44 127.996066  72.228318     0.895     0.743  5 53767.13841015 19.756
 45 127.995997  72.242510     1.007     0.968 10 53802.13840817 20.448
 46 128.001129  72.227356     0.888     0.725  7 53837.13842110 15.899
 47 127.999043  72.234826     0.983     0.925  7 53872.13847322 14.519
 48 127.999676  72.237312     2.757     2.732  8 53907.13851288 51.517
 49 127.992891  72.240028     1.186     0.928  9 53942.13853986 19.030
 50 127.992221  72.244583     0.982     0.989 10 53977.13849300 34.917
 51 128.030142  72.239851     3.022     1.374  9 54012.13849785 14.446
 52 127.996559  72.230813     0.921     0.875  5 54047.13851220 24.955
 54 127.996257  72.250002     1.326     1.331 10 54117.13843359 22.500
 55 127.998468  72.237692     1.152     1.108  8 54152.13845566 19.082
 56 127.996875  72.247948     1.311     1.306 10 54187.13842714 18.909
 57 127.999434  72.234007     0.998     0.919  7 54222.13846595 17.309
 58 127.997071  72.237275     4.526     4.501  8 54257.13848787 35.567
 59 128.003015  72.239034    15.146    15.734  7 54292.13848969 12.104
 60 127.998250  72.239646     1.692     1.686  8 54327.13848620 52.221
 61 127.996672  72.249364     1.524     1.016  9 54362.13843458 30.402
 62 127.998787  72.234373     1.512     1.505  7 54397.13842694 37.034
 63 127.995449  72.243735     1.017     1.030 10 54432.13838544 18.170
 64 127.998618  72.230528     1.067     0.986  6 54467.13840899 21.230
 65 127.993913  72.240591     1.030     1.072  9 54502.13840062 21.698
 66 127.996601  72.236640     1.022     0.935  8 54537.13842344 20.498
 67 127.993760  72.244004     1.040     1.060 10 54572.13840168 15.164
 68 127.998204  72.236583     0.809     0.878  8 54607.13841683 17.080
 69 127.993303  72.237680     4.583     4.573  8 54642.13842581 12.609
 70 127.997153  72.237858     0.927     1.000  7 54677.13842756 30.195
 71 127.994333  72.244988     4.210     3.768 11 54712.13838072 13.083
 72 127.997792  72.234702     1.030     1.043  6 54747.13839658 30.307
 73 127.994460  72.238459     0.926     0.945  8 54782.13836798 27.460
 74 127.995948  72.232347     1.120     1.086  5 54817.13838984 23.552
 75 127.991765  72.238644     1.025     1.047  8 54852.13836555 24.790
 76 127.996873  72.236332     1.093     1.182  8 54887.13839355 24.712
 77 127.994764  72.249771     1.239     1.272 10 54922.13836427 20.405
 78 127.996305  72.232596     1.149     1.192  5 54957.13839028  9.486
 79 127.996644  72.237959     4.725     4.800  8 54992.13841239 31.126
 80 127.994236  72.238550     1.650     1.582  8 55027.13840304 15.201
 81 127.997875  72.238540     1.233     1.226  8 55062.13839568 48.994
 82 127.994856  72.249652     0.928     0.938 10 55097.13834230 34.351
 84 127.995285  72.240318     1.015     1.021  8 55167.13830613 18.656
 85 127.996943  72.234379     1.075     1.030  6 55202.13833190 19.421
 86 127.993246  72.243014     1.171     1.120 10 55237.13831280 18.389
 87 127.996585  72.237925     1.113     1.057  7 55272.13832559 19.275
 88 127.993156  72.245707     1.230     1.260 10 55307.13829425 18.548
 89 127.999464  72.237495     1.873     1.874  8 55342.13829531 30.769
 90 127.992898  72.239046     4.635     3.486  8 55377.13828893 11.822
 91 127.995955  72.232400     0.964     0.936  5 55412.13831341 27.967
 92 127.993510  72.237575     0.706     0.693  8 55447.13830377 33.711
 93 127.995078  72.250070     0.924     0.950  9 55482.13823240 35.000
