# NaN NaN NaN ;Mean Elev.(m), Avg Gradient(m/km), RMS Gradient(m/km) - SRTM1     
#  136.445  -2.898  20.387 ;Mean Elev.(m), Avg Gradient(m/km), RMS Gradient(m/km) - ASTER GDEM
#  140.000  -0.932  22.465 ;Mean Elev.(m), Avg Gradient(m/km), RMS Gradient(m/km) - GMTED2010 
  9 117.205763  60.082547   245.537   245.537  2 52536.13300436 18.620
 10 117.197581  60.086575   238.494   238.494  2 52571.13303814 20.302
 15 117.184227  60.088452   145.726   145.726  2 52746.13303985 18.255
 16 117.204656  60.084142   244.831   244.831  2 52781.13297783 15.612
 17 117.204043  60.085719   239.283   239.283  2 52816.13305850  8.227
 19 117.193548  60.088123   146.473   146.473  2 52886.13314442 50.514
 28 117.197954  60.087502   238.705   238.705  2 53201.13313418  5.534
 29 117.198103  60.086079   146.087   146.087  2 53236.13310395 21.911
 32 117.191908  60.087790   188.598   188.598  2 53341.13309502 11.782
 34 117.200736  60.085510   232.274   232.400  3 53411.13307006  8.293
 35 117.185582  60.088487   233.141   233.141  2 53446.13305201  2.890
 36 117.194736  60.085391   155.409   155.409  2 53481.13313712  3.858
 37 117.196444  60.087766   238.088   238.088  2 53516.13314051  8.496
 39 117.195388  60.087630   252.790   252.790  2 53586.13311794  5.185
 40 117.202222  60.085043   246.463   246.018  3 53621.13307938 15.623
 41 117.200068  60.085546   246.291   245.311  3 53656.13310789 12.299
 42 117.191693  60.087382   188.652   188.652  2 53691.13309709 18.810
 43 117.186321  60.086287   232.918   232.918  2 53726.13302128 12.099
 47 117.198737  60.085093   247.074   247.074  2 53866.13304256 11.406
 55 117.201143  60.085534   231.489   231.489  2 54146.13302138 10.697
 57 117.200381  60.086315   248.011   248.011  2 54216.13302941 14.319
 58 117.196970  60.085449   248.367   248.367  2 54251.13305612 10.916
 60 117.196612  60.085596   147.491   147.491  2 54321.13305933 36.363
 61 117.187483  60.086256   244.573   244.573  2 54356.13302028  9.018
 63 117.193542  60.087249   143.634   143.634  2 54426.13297009 21.085
 64 117.202390  60.085026   148.528   147.244  3 54461.13297677 11.749
 65 117.192598  60.085769   144.119   144.119  2 54496.13297709  8.919
 67 117.187047  60.087021   232.859   232.859  2 54566.13298264  2.009
 68 117.197486  60.085452   245.037   245.037  2 54601.13298511 11.382
 69 117.195067  60.086890   245.564   245.564  2 54636.13299697  6.350
 71 117.192433  60.087636   244.016   244.016  2 54706.13296178  6.653
 72 117.200409  60.086028   244.492   244.492  2 54741.13296486  6.307
 74 117.202682  60.083691   233.440   233.440  2 54811.13295869 11.166
 77 117.185191  60.086481   152.305   152.305  2 54916.13294656  9.547
 78 117.197931  60.086748   240.616   240.616  2 54951.13295460 12.703
 79 117.196004  60.086460   253.145   253.145  2 54986.13297946  9.499
 80 117.197031  60.087595   248.219   248.219  2 55021.13297223  6.583
 81 117.194637  60.086822   244.737   244.737  2 55056.13296939 12.098
 82 117.187758  60.087197   244.104   244.104  2 55091.13292755  9.632
 83 117.198286  60.085230   245.110   245.110  2 55126.13290870 22.285
 85 117.202137  60.085099   232.610   232.516  3 55196.13289909  9.709
 89 117.194393  60.086911   238.778   238.778  2 55336.13286947 10.357
 92 117.194177  60.086748   244.229   244.229  2 55441.13287865  7.016
