# NaN NaN NaN ;Mean Elev.(m), Avg Gradient(m/km), RMS Gradient(m/km) - SRTM1     
#    2.989  -0.963   8.025 ;Mean Elev.(m), Avg Gradient(m/km), RMS Gradient(m/km) - ASTER GDEM
#    1.088  -0.062   4.430 ;Mean Elev.(m), Avg Gradient(m/km), RMS Gradient(m/km) - GMTED2010 
  7 127.570696  72.391288     2.440     2.428  3 52456.14041861 25.411
 10 127.572504  72.384792     1.572     1.570  5 52561.14042148 41.167
 11 127.567555  72.392843     2.355     2.355  2 52596.14043127 20.898
 12 127.575411  72.382868     2.127     2.097  5 52631.14037046 24.824
 15 127.568110  72.389971     2.282     2.275  3 52736.14040219 20.921
 17 127.577065  72.382891     5.491     5.348  4 52806.14042689 32.431
 18 127.575301  72.383699     6.856     6.236  5 52841.14048678 22.045
 19 127.571816  72.385952     1.783     1.682  4 52876.14052539 30.744
 20 127.569148  72.392154     2.031     2.054  3 52911.14048897 30.844
 23 127.566150  72.393554     2.322     2.336  3 53016.14047752 20.505
 24 127.575223  72.381353     2.283     2.291  5 53051.14045600 20.917
 25 127.562020  72.394966     2.296     2.278  3 53086.14049062 19.591
 26 127.574267  72.385202     2.180     2.164  4 53121.14046196 13.591
 28 127.571984  72.387021    12.858    13.235  3 53191.14050758 17.941
 29 127.570173  72.390603     2.044     2.029  3 53226.14051250 32.210
 30 127.562141  72.396313     2.340     2.340  2 53261.14048578 33.167
 31 127.573448  72.389340     3.515     3.550  3 53296.14051880 44.502
 32 127.573033  72.390282     2.661     2.691  3 53331.14049116 25.833
 35 127.566547  72.393098     4.255     3.168  3 53436.14045440 23.283
 36 127.573330  72.385528     7.821     7.685  4 53471.14050456 20.405
 37 127.569944  72.390886     1.413     1.437  3 53506.14053868 49.971
 38 127.572173  72.392019     8.832    10.811  3 53541.14054206 19.269
 39 127.565928  72.393904     2.353     2.353  2 53576.14053283 25.441
 40 127.561909  72.396582     2.350     2.350  2 53611.14048395 33.076
 41 127.576013  72.382806     8.842     8.013  5 53646.14048982 24.604
 42 127.564810  72.391875     5.360     2.577  3 53681.14050512 21.928
 43 127.567284  72.393565     2.612     2.595  3 53716.14043249 20.240
 44 127.579716  72.379764    10.194    12.002  5 53751.14035228 18.711
 45 127.569736  72.389501    11.817    12.207  3 53786.14038119 19.258
 46 127.561802  72.397607     9.893     9.911  3 53821.14033689 19.121
 47 127.572846  72.387320     5.967     2.539  3 53856.14042570 15.424
 48 127.572980  72.384985     4.584     4.625  5 53891.14043764 49.485
 49 127.569909  72.392167     2.821     2.858  3 53926.14049917 24.010
 50 127.563634  72.394823     2.235     2.247  3 53961.14048547 29.733
 51 127.584007  72.377463     9.421     8.830  5 53996.14042751 22.486
 52 127.573857  72.382517     2.887     2.885  5 54031.14048101 39.535
 53 127.570661  72.390493     5.492     3.261  3 54066.14047369 23.417
 54 127.565497  72.395332     2.867     2.915  3 54101.14043558 24.602
 55 127.573190  72.383201    10.545    12.400  5 54136.14040145 20.571
 57 127.575579  72.384106    12.183    12.407  4 54206.14040626 17.415
 59 127.572958  72.389861     7.138     4.233  3 54276.14045365 15.408
 61 127.563393  72.394243     2.392     2.346  3 54346.14042849 30.753
 62 127.573616  72.384489    10.509    11.881  5 54381.14039232 26.717
 63 127.566163  72.391310     9.335    11.191  3 54416.14037779 22.000
 64 127.574433  72.382164     7.644     7.641  4 54451.14036120 17.240
 65 127.572428  72.389031    11.386    11.245  3 54486.14037412 19.520
 66 127.572335  72.384007     9.648    11.691  4 54521.14037435 19.818
 67 127.564450  72.392391     5.490     2.588  3 54556.14038450 16.791
 68 127.571701  72.387060     2.380     2.305  3 54591.14036972 17.311
 69 127.569281  72.390422    12.532    12.644  3 54626.14038542 12.627
 70 127.572348  72.389985     2.621     2.548  3 54661.14039341 27.855
 71 127.566835  72.392496     2.662     2.764  3 54696.14037029 29.331
 72 127.574083  72.384757     6.306     3.263  4 54731.14034989 20.311
 73 127.570880  72.389475     2.829     2.817  3 54766.14034954 37.650
 76 127.573232  72.382784     6.821     8.038  5 54871.14034213 20.820
 77 127.564748  72.395504     2.743     2.743  2 54906.14034882 18.822
 78 127.573922  72.385349     5.345     2.897  4 54941.14033386 17.458
 79 127.571759  72.388850     3.392     3.412  3 54976.14036212 38.901
 80 127.570687  72.391725     7.206     4.086  3 55011.14037177 15.935
 81 127.572062  72.388369     2.233     2.273  3 55046.14036360 30.804
 82 127.565913  72.395257     2.505     2.456  3 55081.14033613 34.618
 83 127.571561  72.384116     2.552     2.344  4 55116.14029644 51.537
 84 127.569897  72.390816     2.869     2.870  4 55151.14029411 16.645
 85 127.574653  72.384260    10.420    12.002  5 55186.14028179 16.107
 86 127.571386  72.392515     2.872     2.884  3 55221.14029201 16.121
 87 127.571257  72.384297     5.266     2.749  4 55256.14027804 15.125
 88 127.564472  72.394707     4.554     3.599  3 55291.14028054 14.620
 89 127.571404  72.389776     7.816     7.848  4 55326.14026205 18.009
 90 127.569735  72.392121    12.833    13.090  3 55361.14025867 15.347
 91 127.574063  72.385561     2.395     2.305  4 55396.14026588 25.384
 92 127.571482  72.388160     2.339     2.313  4 55431.14027445 34.889
 93 127.562888  72.395167     2.515     2.464  3 55466.14023428 27.063
