# NaN NaN NaN ;Mean Elev.(m), Avg Gradient(m/km), RMS Gradient(m/km) - SRTM1     
#    3.788  -0.518   7.580 ;Mean Elev.(m), Avg Gradient(m/km), RMS Gradient(m/km) - ASTER GDEM
#    1.200  -0.088   2.081 ;Mean Elev.(m), Avg Gradient(m/km), RMS Gradient(m/km) - GMTED2010 
  7     7.706 52456.48374141 19.80 127.348625  72.616243 17.874
  7     7.999 52456.48374205 27.87 127.342905  72.619123 17.874
 10     2.106 52561.48374234 44.94 127.343628  72.613326 26.975
 10     2.056 52561.48374298 48.24 127.337908  72.616206 26.975
 10     2.037 52561.48374363 49.87 127.332178  72.619086 26.975
 12     2.106 52631.48369390 18.13 127.343070  72.611626  3.657
 12     4.258 52631.48369454 18.33 127.337350  72.614506  3.657
 12     4.944 52631.48369519 18.90 127.331630  72.617376  3.657
 15     3.188 52736.48372756 11.76 127.353347  72.619755  2.272
 15     4.678 52736.48372821 12.26 127.347627  72.622635  2.272
 16     0.751 52771.48370229 30.55 127.360664  72.621330 16.170
 16     2.610 52771.48370293 27.31 127.354944  72.624210 16.170
 17     5.880 52806.48375065 30.16 127.333971  72.612676 25.858
 17     8.210 52806.48375130 28.29 127.328251  72.615556 25.858
 17     8.427 52806.48375194 35.18 127.322521  72.618426 25.858
 18     7.470 52841.48381022 24.97 127.339514  72.613696 19.437
 18     8.142 52841.48381086 25.89 127.333794  72.616566 19.437
 18     8.375 52841.48381151 33.45 127.328070  72.619446 20.886
 19     7.697 52876.48384915 24.13 127.341815  72.615158 18.148
 19     8.299 52876.48384979 26.14 127.336095  72.618028 18.148
 20     6.779 52911.48381176 26.65 127.362339  72.620668 11.038
 20     8.003 52911.48381241 20.77 127.356619  72.623538 11.038
 23     1.710 53016.48380096 16.02 127.353229  72.619598  3.031
 23     1.619 53016.48380161 15.86 127.347509  72.622478  3.031
 24     2.246 53051.48377751 15.33 127.342756  72.611715  2.852
 24     2.157 53051.48377815 15.31 127.337036  72.614595  2.852
 24     1.797 53051.48377880 15.77 127.331316  72.617465  2.852
 25     1.995 53086.48381471 14.54 127.352272  72.617128  2.870
 25     1.882 53086.48381535 13.51 127.346552  72.620008  2.870
 26     2.082 53121.48378443  9.65 127.341604  72.612661  2.161
 26     1.820 53121.48378507  9.84 127.335884  72.615531  2.161
 26     1.581 53121.48378572 10.21 127.330164  72.618411  2.161
 28     7.579 53191.48383167 22.24 127.352615  72.617229 18.723
 28     7.980 53191.48383231 29.18 127.346895  72.620109 18.723
 29     8.037 53226.48383594 23.09 127.352526  72.619377 17.371
 29     8.238 53226.48383659 31.98 127.346796  72.622257 17.371
 30     2.064 53261.48380954 25.95 127.359020  72.619317 15.288
 30     8.041 53261.48381019 29.94 127.353300  72.622197 15.288
 31     3.689 53296.48384267 36.26 127.335091  72.613218 13.172
 31     3.837 53296.48384331 34.22 127.329372  72.616092 11.633
 31     3.902 53296.48384396 31.55 127.323652  72.618972 11.633
 32     1.983 53331.48381533 24.04 127.347187  72.617485  4.098
 32     1.849 53331.48381597 24.72 127.341465  72.620361  3.702
 34     2.122 53401.48378845 19.95 127.345265  72.613564  3.383
 34     2.465 53401.48378910 20.21 127.339545  72.616434  3.383
 34     2.178 53401.48378974 19.27 127.333825  72.619316  3.289
 35     2.605 53436.48377875 19.66 127.356537  72.620475  3.983
 35     2.747 53436.48377939 19.57 127.350816  72.623356  3.567
 36     3.260 53471.48382797 17.10 127.342795  72.611562  3.296
 36     2.725 53471.48382862 18.56 127.337073  72.614437  3.476
 36     2.223 53471.48382926 17.59 127.331353  72.617317  3.476
 37     2.068 53506.48386191 23.94 127.348292  72.615415 12.659
 37     1.781 53506.48386256 23.62 127.342572  72.618295 12.659
 37     1.605 53506.48386320 23.40 127.336849  72.621173 16.592
 38     7.854 53541.48386699 22.18 127.345834  72.617157 24.476
 38     8.173 53541.48386763 33.18 127.340114  72.620037 24.476
 39     7.858 53576.48385647 22.02 127.354760  72.618293 13.355
 39     8.063 53576.48385711 29.67 127.349040  72.621173 13.355
 40     7.393 53611.48380850 28.43 127.359051  72.620744 14.558
 40     7.953 53611.48380915 26.67 127.353330  72.623620 20.434
 41     7.407 53646.48381199 18.44 127.339540  72.613111 19.981
 41     7.848 53646.48381263 22.83 127.333820  72.615981 19.981
 41     8.201 53646.48381328 27.42 127.328098  72.618859 16.518
 42     1.911 53681.48382850 20.26 127.348515  72.616672  4.088
 42     2.010 53681.48382914 19.19 127.342795  72.619552  4.088
 43     2.092 53716.48375633 17.44 127.360828  72.619932  3.095
 43     2.522 53716.48375698 17.25 127.355108  72.622812  3.095
 44     2.304 53751.48367425 16.32 127.339171  72.613647  3.223
 44     4.725 53751.48367490 15.87 127.333451  72.616527  3.223
 44     5.686 53751.48367554 15.08 127.327728  72.619402  2.945
 45     2.325 53786.48370505 16.54 127.352740  72.619384  3.242
 45     4.394 53786.48370569 16.00 127.347014  72.622262  3.666
 46     5.119 53821.48365636 15.85 127.412093  72.600848  3.048
 46     4.286 53821.48365700 16.69 127.406383  72.603728  3.048
 46     2.080 53821.48365765 16.40 127.400683  72.606608  3.048
 46     1.899 53821.48365829 16.10 127.394973  72.609488  3.048
 46     2.379 53821.48366087 15.46 127.372113  72.620998  3.048
 46     2.729 53821.48366152 14.99 127.366393  72.623878  3.048
 47     2.448 53856.48374922 11.24 127.340683  72.613512  2.326
 47     2.202 53856.48374987 11.54 127.334963  72.616392  2.326
 47     5.619 53856.48375051 10.90 127.329243  72.619262  2.326
 48     4.656 53891.48376152 30.57 127.349610  72.616039 29.462
 48     7.772 53891.48376217 29.96 127.343890  72.618919 29.462
 48     7.851 53891.48376281 36.06 127.338170  72.621789 29.462
 49     3.395 53926.48382311 27.17 127.342362  72.612554 22.663
 49     7.976 53926.48382376 22.04 127.336642  72.615434 22.663
 49     8.223 53926.48382440 28.34 127.330922  72.618314 22.663
 50     1.869 53961.48380910 25.51 127.353923  72.616144 16.054
 50     7.986 53961.48380974 25.11 127.348203  72.619024 16.054
 50     8.151 53961.48381039 30.79 127.342483  72.621904 16.054
 51     3.579 53996.48374999 34.54 127.329924  72.610137 17.479
 51     3.099 53996.48375064 30.79 127.324194  72.613017 17.479
 51     2.734 53996.48375128 28.22 127.318474  72.615897 17.479
 52     3.086 54031.48380308 33.17 127.345553  72.612650 12.326
 52     3.090 54031.48380372 30.51 127.339833  72.615530 12.326
 52     3.034 54031.48380437 32.69 127.334113  72.618410 12.326
 53     2.750 54066.48379735 19.40 127.355069  72.617227  2.922
 53     2.400 54066.48379799 19.82 127.349349  72.620107  2.922
 54     3.358 54101.48375935 17.90 127.361833  72.618672  3.160
 54     4.187 54101.48375999 17.34 127.356113  72.621552  3.160
 55     5.240 54136.48372428 14.67 127.341758  72.613056  2.579
 55     5.733 54136.48372493 14.78 127.336038  72.615936  2.579
 55     5.933 54136.48372557 14.49 127.330308  72.618806  2.579
 56     2.835 54171.48373577 11.68 127.358036  72.618016  2.110
 56     2.404 54171.48373641 11.53 127.352316  72.620886  2.110
 57     4.431 54206.48372951 11.89 127.338267  72.613362  2.220
 57     5.492 54206.48373016 12.50 127.332547  72.616242  2.220
 57     5.792 54206.48373080 11.83 127.326827  72.619112  2.220
 58     1.223 54241.48376263 20.60 127.350190  72.615634  9.798
 58     1.191 54241.48376327 15.39 127.344470  72.618514  9.798
 58     1.534 54241.48376391 13.20 127.338750  72.621394  9.798
 59     7.928 54276.48377773 23.00 127.346971  72.617164 19.580
 59     8.135 54276.48377838 28.43 127.341246  72.620042 24.714
 61     2.227 54346.48375214 25.73 127.363441  72.618713 16.223
 61     7.744 54346.48375278 27.64 127.357721  72.621593 16.223
 61     8.077 54346.48375343 29.36 127.351999  72.624476 17.266
 62     4.586 54381.48371471 20.88 127.345394  72.612559 14.740
 62     7.009 54381.48371536 20.70 127.339674  72.615429 14.740
 62     8.150 54381.48371600 21.49 127.333944  72.618309 14.740
 63     2.087 54416.48370136 19.98 127.353104  72.618925  3.040
 63     1.791 54416.48370200 19.52 127.347384  72.621805  3.040
 64     1.405 54451.48368369 16.70 127.338687  72.612619  2.463
 64     1.279 54451.48368433 16.59 127.332967  72.615489  2.463
 64     1.142 54451.48368498 16.61 127.327247  72.618368  2.533
 65     2.251 54486.48369731 14.17 127.352586  72.615759  2.503
 65     1.740 54486.48369796 14.02 127.346866  72.618639  2.503
 65     1.573 54486.48369860 13.58 127.341136  72.621509  2.503
 66     1.307 54521.48369740 13.00 127.342117  72.615613  2.663
 66     2.099 54521.48369804 12.48 127.336397  72.618483  2.663
 67     2.353 54556.48370859 10.82 127.354734  72.619944  2.075
 67     2.462 54556.48370924 10.44 127.349004  72.622824  2.075
 68     3.847 54591.48369317 10.80 127.347706  72.614371  2.031
 68     1.885 54591.48369381 10.46 127.341986  72.617251  2.031
 68     1.718 54591.48369446 10.38 127.336266  72.620131  2.031
 69     7.186 54626.48370951 22.13 127.349709  72.617849 24.563
 69     7.636 54626.48371016 28.14 127.343989  72.620729 24.563
 70     6.962 54661.48371686 24.27 127.348544  72.614359 20.397
 70     8.020 54661.48371751 24.98 127.342824  72.617239 20.397
 70     8.096 54661.48371815 31.48 127.337105  72.620115 22.267
 71     2.508 54696.48369373 29.44 127.359855  72.617556 27.380
 71     7.324 54696.48369438 25.79 127.354135  72.620436 27.380
 71     7.936 54696.48369502 30.00 127.348414  72.623317 33.177
 72     7.552 54731.48367302 21.53 127.340915  72.614219 18.037
 72     8.276 54731.48367366 24.58 127.335195  72.617099 18.037
 72     8.193 54731.48367430 36.07 127.329465  72.619979 18.037
 73     2.586 54766.48367235 27.44 127.351923  72.615470 10.021
 73     2.417 54766.48367299 32.21 127.346203  72.618350 10.021
 73     2.487 54766.48367364 29.06 127.340485  72.621225  9.438
 74     2.873 54801.48366684 22.32 127.337725  72.613817  4.125
 74     2.642 54801.48366749 22.81 127.332005  72.616687  4.125
 74     1.144 54801.48366813 22.64 127.326275  72.619567  4.125
 75     2.833 54836.48366511 20.96 127.347372  72.617992  3.741
 75     2.600 54836.48366575 21.02 127.341652  72.620862  3.741
 76     3.110 54871.48366494 20.06 127.340418  72.613634  3.862
 76     2.783 54871.48366558 20.31 127.334698  72.616514  3.862
 76     2.472 54871.48366623 20.18 127.328978  72.619394  3.862
 77     2.492 54906.48367324 16.44 127.356160  72.620447  3.303
 77     2.430 54906.48367388 16.52 127.350440  72.623327  3.303
 78     3.020 54941.48365763 14.99 127.341249  72.614162  3.526
 78     4.751 54941.48365828 14.59 127.335529  72.617032  3.526
 78     1.751 54941.48365892 14.54 127.329799  72.619912  3.526
 79     3.438 54976.48368622 28.68 127.346566  72.616165 14.937
 79     3.165 54976.48368686 24.81 127.340846  72.619045 14.937
 80     3.686 55011.48369522 32.12 127.353809  72.615793 21.636
 80     3.669 55011.48369586 35.09 127.348091  72.618674 28.999
 80     8.075 55011.48369651 33.38 127.342371  72.621544 28.999
 81     7.190 55046.48368704 23.13 127.348281  72.615747 19.703
 81     8.078 55046.48368769 24.21 127.342561  72.618617 19.703
 81     8.114 55046.48368833 31.45 127.336831  72.621497 19.703
 82     2.352 55081.48366022 28.97 127.361309  72.619317 16.953
 82     2.661 55081.48366086 30.55 127.355589  72.622197 16.953
 83     6.860 55116.48361892 20.55 127.342194  72.614769  9.464
 83     7.409 55116.48361957 22.65 127.336474  72.617649  9.464
 84     1.706 55151.48361723 16.10 127.352762  72.615696  2.624
 84     1.536 55151.48361788 15.68 127.347045  72.618575  2.991
 84     2.024 55151.48361852 15.69 127.341325  72.621445  2.991
 85     2.324 55186.48360460 13.05 127.342024  72.612350  2.479
 85     1.156 55186.48360524 13.47 127.336304  72.615230  2.479
 85     1.326 55186.48360589 12.91 127.330584  72.618110  2.479
 86     2.237 55221.48361611 13.75 127.349897  72.618148  2.671
 86     2.054 55221.48361675 13.26 127.344177  72.621028  2.671
 87     2.339 55256.48360053 12.10 127.348013  72.613169  2.580
 87     1.767 55256.48360117 12.44 127.342293  72.616049  2.580
 87     1.647 55256.48360181 12.21 127.336573  72.618929  2.580
 88     3.035 55291.48360464 11.10 127.359993  72.618974  2.241
 88     2.616 55291.48360528 10.84 127.354278  72.621849  2.327
 89     1.390 55326.48358583 10.27 127.347981  72.615205  4.966
 89     1.494 55326.48358647 11.22 127.342261  72.618075  4.966
 89     1.616 55326.48358712 11.06 127.336541  72.620955  4.966
 90     7.760 55361.48358277 25.14 127.351621  72.618435 22.903
 90     7.966 55361.48358341 31.25 127.345901  72.621305 22.903
 91     7.067 55396.48358901 23.81 127.341989  72.614131 17.963
 91     8.351 55396.48358966 22.83 127.336269  72.617011 17.963
 91     8.124 55396.48359030 34.45 127.330549  72.619891 17.963
 92     7.454 55431.48359758 20.02 127.350861  72.615848 20.397
 92     7.862 55431.48359822 22.23 127.345142  72.618727 16.628
 92     7.983 55431.48359887 28.02 127.339422  72.621597 16.628
 93     8.161 55466.48355386 27.67 127.402705  72.601118 18.741
 93     7.948 55466.48355451 25.92 127.396995  72.603998 18.741
 93     6.831 55466.48355837 20.22 127.362715  72.621268 18.741
 93     7.418 55466.48355902 19.53 127.356995  72.624148 18.741
