# NaN NaN NaN ;Mean Elev.(m), Avg Gradient(m/km), RMS Gradient(m/km) - SRTM1     
#   12.929  -0.375   7.686 ;Mean Elev.(m), Avg Gradient(m/km), RMS Gradient(m/km) - ASTER GDEM
#   21.191  -1.116   7.396 ;Mean Elev.(m), Avg Gradient(m/km), RMS Gradient(m/km) - GMTED2010 
  7 123.384797  67.101557    32.024    33.129  6 52466.13157587 26.901
  8 123.380440  67.105000    32.056    32.773  6 52501.13156906 22.652
  9 123.386964  67.087569    32.087    32.847 11 52536.13155867 23.557
 10 123.385068  67.099683    25.696    25.717  6 52571.13159084 44.575
 12 123.385410  67.093725    27.837    26.523  9 52641.13155071 12.891
 13 123.380455  67.103235    27.270    27.219  5 52676.13153902  9.945
 14 123.384481  67.093787    29.299    29.389  8 52711.13156595  9.187
 15 123.375037  67.106545    30.612    30.577  5 52746.13159159  7.003
 16 123.384154  67.087826    31.254    29.956 10 52781.13153247 21.355
 17 123.383922  67.089328    31.838    31.840 10 52816.13161313 52.536
 18 123.382373  67.090491    33.985    33.590 10 52851.13166438 22.609
 19 123.382673  67.102993    33.012    33.146  5 52886.13169680 20.144
 20 123.378757  67.105129    31.762    32.663  5 52921.13165217 26.376
 21 123.387308  67.087575    25.742    25.744 11 52956.13161964 22.255
 22 123.385579  67.093655    28.963    29.920  9 52991.13163530 13.084
 23 123.385117  67.102540    27.595    27.629  6 53026.13159989  9.500
 24 123.383103  67.089620    28.185    27.734 10 53061.13161222  8.731
 25 123.375281  67.108718    30.027    30.220  6 53096.13163803  7.267
 26 123.385700  67.088559    30.614    31.097 10 53131.13161390  5.379
 28 123.385572  67.100727    33.689    33.777  6 53201.13168688 26.294
 29 123.382693  67.099740    31.048    31.657  6 53236.13165666 27.092
 30 123.387644  67.085002    28.451    28.393 10 53271.13161895 48.834
 31 123.386414  67.101610    26.701    26.699  6 53306.13167964 41.792
 32 123.380871  67.104355    27.633    27.631  6 53341.13164708 13.771
 33 123.380032  67.108008    28.192    27.965  5 53376.13157655  9.726
 34 123.385739  67.097192    29.695    29.598  6 53411.13162309  8.782
 35 123.375579  67.108565    29.791    29.966  6 53446.13160342  7.529
 36 123.386494  67.101586    33.559    33.559  6 53481.13168918  9.395
 37 123.383442  67.101341    36.772    36.777  6 53516.13169321 36.648
 38 123.379980  67.105086    31.080    31.089  6 53551.13171276 52.074
 39 123.382635  67.102706    33.224    32.914  5 53586.13167032 24.758
 40 123.384237  67.090077    33.893    33.529 10 53621.13163370 21.874
 41 123.386564  67.097000    27.153    27.169  6 53656.13166092 40.190
 42 123.380976  67.103847    25.308    25.313  6 53691.13164915 33.795
 43 123.377195  67.107935    25.843    25.891  5 53726.13157237 16.605
 44 123.385985  67.084382    25.808    25.791 11 53761.13152566 11.865
 45 123.380888  67.103077    26.115    26.439  6 53796.13153740 10.644
 47 123.386909  67.098249    26.303    26.375  6 53866.13159526 26.484
 49 123.380467  67.105917    29.224    29.295  5 53936.13166249 44.571
 50 123.378002  67.105947    28.357    28.366  5 53971.13162951 52.282
 52 123.383342  67.089387    26.427    26.408 10 54041.13164096 31.308
 53 123.381756  67.103139    27.039    27.043  5 54076.13163298 23.722
 54 123.374436  67.109639    27.089    27.020  5 54111.13157375 14.677
 55 123.387611  67.097085    27.815    27.622  7 54146.13157439  9.677
 56 123.375612  67.107162    28.326    28.245  5 54181.13156087  9.315
 57 123.387125  67.097972    28.696    28.757  7 54216.13158243  8.109
 58 123.384118  67.098923    36.774    36.586  6 54251.13160882 29.995
 59 123.384824  67.102609    33.676    33.638  6 54286.13161431 22.442
 60 123.384351  67.100558    33.556    33.455  5 54321.13161171 20.899
 61 123.379309  67.107919    28.394    28.404  5 54356.13157137 51.600
 62 123.384582  67.099347    26.994    27.023  6 54391.13155262 46.881
 63 123.382431  67.103840    27.525    27.553  6 54426.13152214 11.145
 64 123.381780  67.090429    29.830    30.146 10 54461.13153107  8.867
 65 123.382402  67.103889    29.154    28.992  5 54496.13152883  7.296
 66 123.386552  67.096301    31.388    31.697  7 54531.13154295  7.216
 67 123.377438  67.107167    32.585    32.799  6 54566.13153405  6.192
 68 123.384461  67.098869    30.519    29.725  6 54601.13153781 31.354
 69 123.383358  67.101731    33.818    33.821  5 54636.13154935 23.017
 70 123.381398  67.102182    33.795    33.787  6 54671.13155317 20.669
 71 123.380824  67.104504    33.001    33.294  6 54706.13151383 21.024
 72 123.386329  67.097553    33.331    33.957  7 54741.13151788 23.842
 73 123.381971  67.103112    26.894    26.863  5 54776.13149545 42.954
 74 123.384018  67.090582    25.124    25.219 10 54811.13151268 23.034
 75 123.381014  67.104341    26.689    26.752  6 54846.13149478 21.144
 76 123.385932  67.099148    25.733    25.763  6 54881.13151443 18.028
 77 123.377278  67.108012    25.280    25.344  5 54916.13149765 17.393
 78 123.385739  67.100195    26.979    26.620  6 54951.13150731 29.698
 79 123.383267  67.099753    34.392    34.388  6 54986.13153217 47.952
 80 123.383392  67.100984    33.613    33.782  6 55021.13152493 18.708
 81 123.382253  67.102031    33.284    33.130  5 55056.13152177 18.838
 82 123.376840  67.105618    28.086    28.067  5 55091.13147929 50.975
 83 123.384894  67.098327    27.926    27.922  6 55126.13146140 47.318
 85 123.381830  67.090448    26.309    26.216 10 55196.13145340 17.223
 86 123.379693  67.107552    25.349    25.414  5 55231.13144342 17.080
 87 123.385298  67.099131    26.564    26.418  6 55266.13144685 12.618
 88 123.378853  67.106333    24.952    24.885  5 55301.13142494 12.318
 89 123.382294  67.101979    27.243    27.244  5 55336.13142185 44.255
 90 123.383115  67.101333    30.930    30.919  6 55371.13141232 44.000
 91 123.386393  67.096532    30.998    30.336  7 55406.13143196 27.387
 92 123.383239  67.103458    30.625    30.809  6 55441.13143071 24.202
 93 123.378491  67.107473    29.262    28.765  5 55476.13137330 18.023
