# NaN NaN NaN ;Mean Elev.(m), Avg Gradient(m/km), RMS Gradient(m/km) - SRTM1     
#    9.055 -21.026  65.950 ;Mean Elev.(m), Avg Gradient(m/km), RMS Gradient(m/km) - ASTER GDEM
#   10.038 -21.721  68.322 ;Mean Elev.(m), Avg Gradient(m/km), RMS Gradient(m/km) - GMTED2010 
  8    19.652 52485.13278149 13.45 127.665216  70.816802 12.757
  8    16.873 52485.13278213 13.04 127.660456  70.813842 12.757
  8    16.292 52485.13278278 12.50 127.655686  70.810882 12.757
  8    17.104 52485.13278342 11.70 127.650926  70.807922 12.757
  8    12.251 52485.13278407 11.23 127.646156  70.804962 12.757
  8    11.962 52485.13278471 11.12 127.641396  70.802002 12.757
  8    35.215 52485.13278536 10.32 127.636636  70.799042 12.757
  8    39.998 52485.13278600  9.46 127.631876  70.796082 12.757
  8    39.551 52485.13278665  9.65 127.627126  70.793122 12.757
  8    46.014 52485.13278729  9.01 127.622366  70.790162 12.757
  8    42.478 52485.13278793  9.64 127.617616  70.787202 12.757
  8    44.758 52485.13278858  9.38 127.612856  70.784242 12.757
  8    45.852 52485.13278922  9.59 127.608106  70.781282 12.757
  8    46.209 52485.13278987 10.88 127.603358  70.778328  7.776
  8    46.543 52485.13279051 10.85 127.598608  70.775368  7.776
  8    52.862 52485.13279116 11.48 127.593858  70.772408  7.776
  8    47.717 52485.13279180 10.80 127.589108  70.769448  7.776
  8    46.559 52485.13279245 11.75 127.584368  70.766488  7.776
  8    47.573 52485.13279309 11.52 127.579618  70.763518  7.776
  8    44.923 52485.13279374 14.19 127.574878  70.760558  7.776
  8    40.139 52485.13279438 15.48 127.570138  70.757598  7.776
  9    11.467 52520.13274548 19.62 127.661872  70.818237 14.210
  9    10.229 52520.13274612 19.99 127.657102  70.815277 14.210
  9    10.527 52520.13274677 17.61 127.652342  70.812317 14.210
  9     9.883 52520.13274741 16.38 127.647582  70.809357 14.210
  9     8.706 52520.13274806 14.80 127.642812  70.806397 14.210
  9     7.733 52520.13274870 15.30 127.638050  70.803440  9.115
  9     7.018 52520.13274935 13.32 127.633290  70.800480  9.115
  9     6.638 52520.13274999 12.23 127.628540  70.797520  9.115
  9     6.298 52520.13275064 10.54 127.623780  70.794560  9.115
  9     6.009 52520.13275128 10.44 127.619020  70.791600  9.115
  9     5.011 52520.13275192 10.21 127.614270  70.788640  9.115
  9     5.698 52520.13275257  8.72 127.609510  70.785680  9.115
  9     5.480 52520.13275321  8.26 127.604760  70.782720  9.115
  9    39.959 52520.13275386  8.43 127.600010  70.779760  9.115
  9    40.399 52520.13275450  8.85 127.595260  70.776800  9.115
  9    41.369 52520.13275515  7.54 127.590520  70.773840  9.115
  9    40.189 52520.13275579  8.53 127.585770  70.770880  9.115
  9    40.632 52520.13275644  8.76 127.581020  70.767920  9.115
  9    32.178 52520.13275708  9.49 127.576280  70.764960  9.115
  9    32.580 52520.13275773 11.01 127.571540  70.762000  9.115
  9    10.784 52520.13275837 14.98 127.566800  70.759040  9.115
  9    11.052 52520.13275902 16.61 127.562060  70.756070  9.115
 11     6.544 52590.13278469 10.19 127.664957  70.815528  7.830
 11     5.926 52590.13278533 12.46 127.660193  70.812563 13.886
 11     5.624 52590.13278598 12.97 127.655423  70.809603 13.886
 11     5.731 52590.13278662 13.81 127.650663  70.806653 13.886
 11     4.927 52590.13278727 12.74 127.645893  70.803693 13.886
 11     4.112 52590.13278791 13.82 127.641133  70.800733 13.886
 11     4.541 52590.13278856 13.81 127.636373  70.797773 13.886
 11     3.936 52590.13278920 13.67 127.631613  70.794813 13.886
 11     4.389 52590.13278985 13.84 127.626863  70.791853 13.886
 11     4.154 52590.13279049 14.13 127.622103  70.788893 13.886
 11     3.988 52590.13279113 14.95 127.617353  70.785933 13.886
 11     4.230 52590.13279178 13.89 127.612593  70.782973 13.886
 11     3.562 52590.13279242 14.58 127.607843  70.780013 13.886
 11     3.893 52590.13279307 14.28 127.603093  70.777053 13.886
 11     4.295 52590.13279371 13.77 127.598343  70.774093 13.886
 11     4.415 52590.13279436 12.59 127.593593  70.771133 13.886
 11     4.157 52590.13279500 14.58 127.588853  70.768173 13.886
 11     3.764 52590.13279565 13.19 127.584103  70.765213 13.886
 11     3.629 52590.13279629 12.93 127.579363  70.762253 13.886
 11    11.702 52590.13279694 11.51 127.574623  70.759293 13.886
 12     7.276 52625.13271748  4.63 127.661715  70.816049  5.147
 12     8.996 52625.13271812  4.01 127.656955  70.813089  5.147
 12     7.580 52625.13271877  4.63 127.652185  70.810129  5.147
 12     7.001 52625.13271941  5.13 127.647425  70.807169  5.147
 12     5.996 52625.13272006  5.64 127.642665  70.804209  5.147
 12     5.654 52625.13272070  6.21 127.637905  70.801249  5.147
 12     5.395 52625.13272135  6.12 127.633145  70.798289  5.147
 12     5.400 52625.13272199  6.33 127.628385  70.795329  5.147
 12     4.581 52625.13272263  6.27 127.623635  70.792369  5.147
 12     4.664 52625.13272328  6.47 127.618875  70.789409  5.147
 12     5.496 52625.13272392  6.18 127.614125  70.786449  5.147
 12     4.021 52625.13272457  7.21 127.609378  70.783496  6.926
 12     4.136 52625.13272521  7.87 127.604618  70.780536  6.926
 12     5.088 52625.13272586  6.93 127.599878  70.777576  6.926
 12     5.362 52625.13272650  7.43 127.595128  70.774616  6.926
 12     6.660 52625.13272715  7.58 127.590378  70.771646  6.926
 12     9.326 52625.13272779  7.81 127.585638  70.768686  6.926
 12     2.692 52625.13272844  9.01 127.580888  70.765726  6.926
 12     3.867 52625.13272908  9.31 127.576148  70.762766  6.926
 12    12.491 52625.13272973  8.30 127.571408  70.759806  6.926
 12    15.292 52625.13273037  7.40 127.566668  70.756846  6.926
 13     8.726 52660.13275109  2.93 127.668365  70.813730  5.352
 13     8.477 52660.13275174  2.85 127.663595  70.810770  5.352
 13     6.725 52660.13275238  3.72 127.658825  70.807810  5.352
 13     6.517 52660.13275303  3.67 127.654065  70.804860  5.352
 13     6.300 52660.13275367  3.99 127.649305  70.801899  5.604
 13     6.128 52660.13275431  3.89 127.644545  70.798939  5.604
 13     5.581 52660.13275496  4.81 127.639785  70.795979  5.604
 13     5.074 52660.13275560  4.46 127.635025  70.793019  5.604
 13     6.401 52660.13275625  4.41 127.630265  70.790059  5.604
 13     4.375 52660.13275689  5.25 127.625505  70.787099  5.604
 13     4.359 52660.13275754  5.42 127.620755  70.784139  5.604
 13     4.798 52660.13275818  5.55 127.616005  70.781179  5.604
 13     3.876 52660.13275883  6.79 127.611255  70.778219  5.604
 13     4.074 52660.13275947  6.76 127.606505  70.775259  5.604
 13     6.739 52660.13276012  5.32 127.601755  70.772299  5.604
 13     7.858 52660.13276076  5.76 127.597005  70.769339  5.604
 13     8.798 52660.13276141  6.28 127.592255  70.766379  5.604
 13    11.821 52660.13276205  6.01 127.587515  70.763419  5.604
 13    13.514 52660.13276270  5.37 127.582765  70.760459  5.604
 14     5.699 52695.13273345  3.31 127.669883  70.799986  4.020
 14     5.430 52695.13273409  2.67 127.665123  70.797026  4.020
 14     4.734 52695.13273474  3.92 127.660353  70.794076  4.020
 14     4.939 52695.13273538  3.98 127.655593  70.791116  4.020
 14     5.783 52695.13273603  3.57 127.650833  70.788156  4.020
 14     4.008 52695.13273667  4.41 127.646073  70.785196  4.020
 14     4.423 52695.13273732  4.11 127.641323  70.782236  4.020
 14     4.612 52695.13273796  4.24 127.636563  70.779276  4.020
 14     4.085 52695.13273861  5.20 127.631813  70.776316  4.020
 14     3.538 52695.13273925  5.64 127.627058  70.773354  3.588
 14     5.323 52695.13273990  4.92 127.622308  70.770394  3.588
 14     7.367 52695.13274054  3.91 127.617558  70.767434  3.588
 15    11.513 52730.13276310  2.30 127.667286  70.810457  7.091
 15     8.998 52730.13276374  3.48 127.662516  70.807497  7.091
 15     7.162 52730.13276439  3.59 127.657756  70.804537  7.091
 15     4.389 52730.13276503  5.04 127.652996  70.801577  7.091
 15    38.206 52730.13276568  1.99 127.648236  70.798627  7.091
 15    42.289 52730.13276632  2.29 127.643476  70.795667  7.091
 15    41.737 52730.13276697  2.45 127.638716  70.792707  7.091
 15    10.259 52730.13276761  2.69 127.633956  70.789747  7.091
 15    44.584 52730.13276826  2.21 127.629206  70.786787  7.091
 15    44.005 52730.13276890  2.95 127.624451  70.783823  6.561
 15    44.036 52730.13276955  2.84 127.619701  70.780863  6.561
 15    46.229 52730.13277084  3.06 127.610191  70.774943  6.561
 15    47.016 52730.13277148  3.01 127.605451  70.771983  6.561
 15    46.296 52730.13277212  2.99 127.600701  70.769023  6.561
 15    27.799 52730.13277277  4.30 127.595951  70.766063  6.561
 15    44.204 52730.13277341  4.77 127.591211  70.763103  6.561
 15    46.255 52730.13277406  4.62 127.586461  70.760143  6.561
 17    20.623 52800.13276878 31.77 127.638743  70.780910 10.696
 17    20.878 52800.13276943 30.66 127.633993  70.777950 10.696
 17    22.448 52800.13277007 27.99 127.629233  70.774990 10.696
 17    22.704 52800.13277072 27.92 127.624483  70.772030 10.696
 17    22.913 52800.13277136 27.19 127.619733  70.769070 10.696
 17    22.704 52800.13277201 27.00 127.614983  70.766110 10.696
 18   102.367 52835.13283439  0.40 127.653580  70.792866  4.151
 18    44.908 52835.13283503  1.55 127.648820  70.789906  4.151
 18    45.577 52835.13283568  2.56 127.644060  70.786946  4.151
 18    43.094 52835.13283632  7.00 127.639300  70.783986  4.151
 18    44.377 52835.13283697  8.02 127.634550  70.781026  4.151
 18    45.130 52835.13283761  7.98 127.629790  70.778066  4.151
 18    47.461 52835.13283826  7.61 127.625040  70.775106  4.151
 18    48.396 52835.13283890  8.56 127.620290  70.772146  4.151
 18    50.293 52835.13283954  7.81 127.615540  70.769186  4.151
 18    48.282 52835.13284019  7.26 127.610790  70.766226  4.151
 19    10.221 52870.13287296 16.61 127.667882  70.807774  8.264
 19     9.868 52870.13287361 15.99 127.663122  70.804814  8.264
 19     8.629 52870.13287425 14.69 127.658352  70.801864  8.264
 19     8.739 52870.13287489 14.39 127.653592  70.798904  8.264
 19     7.951 52870.13287554 13.61 127.648832  70.795944  8.264
 19     8.387 52870.13287618 11.66 127.644072  70.792984  8.264
 19     8.685 52870.13287683 11.19 127.639312  70.790024  8.264
 19    37.483 52870.13287747 10.95 127.634562  70.787064  8.264
 19    43.173 52870.13287812 11.33 127.629802  70.784104  8.264
 19    45.413 52870.13287876 10.01 127.625052  70.781144  8.264
 19    45.214 52870.13287941 10.90 127.620292  70.778184  8.264
 19    47.445 52870.13288005 10.91 127.615542  70.775224  8.264
 19    47.796 52870.13288070 11.39 127.610792  70.772264  8.264
 19    47.065 52870.13288134 12.38 127.606042  70.769304  8.264
 19    48.665 52870.13288199 10.99 127.601302  70.766344  8.264
 19     8.152 52870.13288263 17.53 127.596552  70.763384  8.264
 19    47.704 52870.13288328 13.27 127.591812  70.760424  8.264
 20    48.700 52905.13288465  1.66 127.591829  70.769078  2.717
 20    48.275 52905.13288530  2.28 127.587089  70.766118  2.717
 21     6.175 52940.13280676 23.59 127.654197  70.820737 19.823
 21     5.569 52940.13280741 25.83 127.649427  70.817777 19.823
 21     6.076 52940.13280805 27.93 127.644667  70.814817 19.823
 21     5.363 52940.13280869 25.36 127.639897  70.811857 19.823
 21     5.384 52940.13280934 25.25 127.635137  70.808897 19.823
 21     5.308 52940.13280998 24.03 127.630377  70.805937 19.823
 21     5.030 52940.13281063 24.62 127.625617  70.802977 19.823
 21     4.270 52940.13281450 25.06 127.597097  70.785223 19.592
 21     4.203 52940.13281514 26.05 127.592347  70.782263 19.592
 21     4.277 52940.13281579 27.95 127.587597  70.779293 19.592
 21     4.236 52940.13281643 28.57 127.582847  70.776333 19.592
 21     4.207 52940.13281708 31.27 127.578107  70.773373 19.592
 21     4.218 52940.13281772 31.10 127.573357  70.770413 19.592
 21     4.190 52940.13281836 29.81 127.568617  70.767453 19.592
 21     4.294 52940.13281901 31.72 127.563877  70.764493 19.592
 21     4.260 52940.13281965 32.75 127.559137  70.761533 19.592
 21     4.266 52940.13282030 34.26 127.554397  70.758573 19.592
 21     4.304 52940.13282094 30.79 127.549657  70.755613 19.592
 21     4.233 52940.13282159 26.52 127.544927  70.752643 19.592
 22     3.608 52975.13285306 16.22 127.669314  70.808974 12.167
 22     3.041 52975.13285370 17.13 127.664544  70.806014 12.167
 22     3.133 52975.13285435 18.93 127.659784  70.803054 12.167
 22     3.287 52975.13285499 18.27 127.655014  70.800104 12.167
 22     2.914 52975.13285564 19.93 127.650254  70.797135 13.585
 22     3.616 52975.13285628 19.68 127.645494  70.794185 13.585
 22     3.312 52975.13285693 19.12 127.640734  70.791225 13.585
 22     3.104 52975.13285757 18.46 127.635984  70.788265 13.585
 22     2.727 52975.13285822 18.16 127.631224  70.785305 13.585
 22     2.467 52975.13285886 19.17 127.626464  70.782345 13.585
 22     2.840 52975.13285951 19.33 127.621714  70.779385 13.585
 22     2.530 52975.13286015 17.66 127.616964  70.776425 13.585
 22     2.883 52975.13286080 18.79 127.612214  70.773465 13.585
 22     3.196 52975.13286144 17.37 127.607464  70.770505 13.585
 22     1.545 52975.13286209 18.56 127.602714  70.767545 13.585
 22     1.513 52975.13286273 18.03 127.597964  70.764585 13.585
 22     1.264 52975.13286337 17.46 127.593214  70.761625 13.585
 23     3.405 53010.13285664 11.85 127.665803  70.816870  9.985
 23     3.712 53010.13285729 11.53 127.661033  70.813910  9.985
 23     3.581 53010.13285793 12.17 127.656273  70.810950  9.985
 23     3.943 53010.13285858 11.97 127.651503  70.807990  9.985
 23     3.538 53010.13285922 11.90 127.646743  70.805030  9.985
 23     3.445 53010.13285987 12.47 127.641983  70.802070  9.985
 23     3.695 53010.13286051 12.17 127.637223  70.799110  9.985
 23     3.215 53010.13286116 12.46 127.632464  70.796153  7.595
 23     3.199 53010.13286180 12.15 127.627704  70.793193  7.595
 23     2.868 53010.13286245 12.81 127.622944  70.790233  7.595
 23     2.528 53010.13286309 13.16 127.618194  70.787273  7.595
 23     2.861 53010.13286374 13.03 127.613434  70.784313  7.595
 23     2.818 53010.13286438 11.68 127.608684  70.781353  7.595
 23     3.019 53010.13286502 12.50 127.603934  70.778393  7.595
 23     3.018 53010.13286567 12.70 127.599184  70.775433  7.595
 23     1.822 53010.13286631 13.19 127.594434  70.772473  7.595
 23     1.833 53010.13286696 14.09 127.589684  70.769513  7.595
 23     1.883 53010.13286760 14.10 127.584944  70.766553  7.595
 23     1.818 53010.13286825 13.54 127.580194  70.763593  7.595
 23     1.671 53010.13286889 13.60 127.575454  70.760633  7.595
 23     1.544 53010.13286954 13.66 127.570714  70.757673  7.595
 24     5.401 53045.13281990  6.19 127.670177  70.806742  7.618
 24     4.548 53045.13282054  6.88 127.665407  70.803782  7.618
 24     4.279 53045.13282119  7.60 127.660647  70.800817  6.900
 24     3.502 53045.13282183  8.65 127.655877  70.797857  6.900
 24     4.285 53045.13282247  7.89 127.651117  70.794907  6.900
 24     3.737 53045.13282312  8.82 127.646357  70.791947  6.900
 24     2.797 53045.13282376  9.43 127.641597  70.788987  6.900
 24     3.302 53045.13282441  9.54 127.636837  70.786027  6.900
 24     3.079 53045.13282505  9.62 127.632087  70.783067  6.900
 24     2.909 53045.13282570  9.46 127.627327  70.780107  6.900
 24     2.674 53045.13282634 10.75 127.622577  70.777147  6.900
 24     2.964 53045.13282699 11.20 127.617827  70.774187  6.900
 24     2.785 53045.13282763 10.50 127.613067  70.771227  6.900
 24     3.201 53045.13282828 11.22 127.608317  70.768267  6.900
 24     1.440 53045.13282892 10.87 127.603577  70.765307  6.900
 24     1.330 53045.13282957 12.48 127.598827  70.762347  6.900
 25     6.401 53080.13285271  4.24 127.660543  70.815621  5.765
 25     7.257 53080.13285335  4.24 127.655773  70.812661  5.765
 25     5.234 53080.13285399  5.59 127.651013  70.809701  5.765
 25     5.520 53080.13285464  4.97 127.646245  70.806751  5.296
 25     4.773 53080.13285528  4.72 127.641485  70.803791  5.296
 25     3.775 53080.13285593  5.59 127.636725  70.800831  5.296
 25     3.152 53080.13285657  5.99 127.631965  70.797871  5.296
 25     4.198 53080.13285722  5.81 127.627205  70.794911  5.296
 25     2.953 53080.13285786  6.17 127.622445  70.791951  5.296
 25     2.989 53080.13285851  6.12 127.617695  70.788991  5.296
 25     3.003 53080.13285915  6.49 127.612935  70.786031  5.296
 25     2.962 53080.13285980  6.02 127.608185  70.783071  5.296
 25     3.190 53080.13286044  6.89 127.603435  70.780111  5.296
 25     2.699 53080.13286109  7.50 127.598675  70.777151  5.296
 25     2.911 53080.13286173  6.60 127.593935  70.774191  5.296
 25     3.033 53080.13286238  6.18 127.589185  70.771231  5.296
 25     3.079 53080.13286302  6.00 127.584435  70.768271  5.296
 25     3.758 53080.13286366  5.86 127.579695  70.765311  5.296
 25     3.451 53080.13286431  6.83 127.574945  70.762351  5.296
 25     4.466 53080.13286495  6.50 127.570205  70.759391  5.296
 26     6.164 53115.13282411  3.99 127.670210  70.808421  5.047
 26     5.681 53115.13282476  4.02 127.665440  70.805461  5.047
 26     4.852 53115.13282540  4.49 127.660671  70.802498  5.392
 26     5.032 53115.13282605  4.48 127.655911  70.799538  5.392
 26     4.358 53115.13282669  4.53 127.651151  70.796578  5.392
 26     4.353 53115.13282734  5.21 127.646391  70.793628  5.392
 26     3.810 53115.13282798  5.43 127.641631  70.790668  5.392
 26     2.585 53115.13282863  6.46 127.636871  70.787708  5.392
 26     2.633 53115.13282927  6.08 127.632111  70.784748  5.392
 26     3.152 53115.13282992  5.59 127.627351  70.781788  5.392
 26     2.853 53115.13283056  5.27 127.622601  70.778828  5.392
 26     2.882 53115.13283121  5.42 127.617851  70.775868  5.392
 26     2.861 53115.13283185  5.51 127.613091  70.772908  5.392
 26     3.618 53115.13283250  5.13 127.608341  70.769948  5.392
 26     2.559 53115.13283314  4.89 127.603591  70.766988  5.392
 26     2.620 53115.13283378  5.55 127.598851  70.764028  5.392
 26     2.613 53115.13283443  5.31 127.594101  70.761068  5.392
 27     4.591 53150.13286995 22.14 127.666908  70.813726  9.624
 27     4.064 53150.13287059 22.69 127.662148  70.810776  9.624
 27     3.425 53150.13287124 22.85 127.657378  70.807816  9.624
 27     3.274 53150.13287188 22.14 127.652617  70.804848 26.929
 27     3.338 53150.13287253 23.44 127.647847  70.801898 26.929
 27     2.982 53150.13287317 26.04 127.643087  70.798938 26.929
 27     3.204 53150.13287382 27.40 127.638327  70.795978 26.929
 27     1.433 53150.13287833 33.13 127.605037  70.775258 26.929
 27     1.398 53150.13287897 33.55 127.600287  70.772298 26.929
 27     1.426 53150.13287962 31.88 127.595547  70.769338 26.929
 27     1.509 53150.13288026 34.66 127.590797  70.766378 26.929
 27     1.434 53150.13288091 33.42 127.586047  70.763418 26.929
 27     1.675 53150.13288155 29.12 127.581307  70.760458 26.929
 29     8.862 53220.13288690 17.60 127.663386  70.813495  6.164
 29     8.685 53220.13288754 15.68 127.658616  70.810535  6.164
 29     9.292 53220.13288819 15.15 127.653846  70.807575  6.164
 29     9.495 53220.13288883 12.57 127.649086  70.804615  6.164
 29     9.598 53220.13288947 13.43 127.644326  70.801655  6.164
 29    10.178 53220.13289012 12.46 127.639569  70.798699 10.544
 29     8.822 53220.13289076 12.26 127.634809  70.795739 10.544
 29     9.308 53220.13289141 11.08 127.630049  70.792779 10.544
 29     9.170 53220.13289205  8.95 127.625289  70.789819 10.544
 29     8.530 53220.13289270  8.89 127.620539  70.786859 10.544
 29     8.706 53220.13289334  8.64 127.615779  70.783899 10.544
 29     8.526 53220.13289399  8.56 127.611029  70.780939 10.544
 29     8.943 53220.13289463  8.09 127.606279  70.777979 10.544
 29     9.720 53220.13289528  8.34 127.601529  70.775019 10.544
 29     9.983 53220.13289592  8.52 127.596779  70.772059 10.544
 29    11.438 53220.13289657  8.63 127.592039  70.769099 10.544
 29    13.058 53220.13289721  8.79 127.587289  70.766139 10.544
 29    14.191 53220.13289786  8.52 127.582549  70.763179 10.544
 29    22.132 53220.13289850  9.44 127.577799  70.760219 10.544
 29    14.447 53220.13289914 13.38 127.573059  70.757259 10.544
 30    45.421 53255.13287171  3.32 127.591195  70.779541  4.474
 30    45.703 53255.13287235  1.60 127.586445  70.776581  4.474
 30    40.600 53255.13287300  7.90 127.581695  70.773621  4.474
 30    11.117 53255.13287429  9.76 127.572205  70.767701  4.474
 31     7.575 53290.13287350 35.66 127.670186  70.808396 13.637
 31     8.186 53290.13287414 37.68 127.665415  70.805437 39.165
 31     8.089 53290.13287479 36.70 127.660645  70.802477 39.165
 31     7.633 53290.13287543 38.02 127.655885  70.799517 39.165
 31     7.901 53290.13287607 37.84 127.651125  70.796557 39.165
 31     6.169 53290.13287672 39.36 127.646355  70.793607 39.165
 31     6.328 53290.13287736 41.27 127.641605  70.790647 39.165
 31     6.166 53290.13287801 38.72 127.636845  70.787687 39.165
 31     6.285 53290.13287865 41.95 127.632085  70.784727 39.165
 31     6.341 53290.13287930 45.86 127.627325  70.781767 39.165
 31     6.211 53290.13287994 48.91 127.622575  70.778807 39.165
 31     6.225 53290.13288059 50.66 127.617815  70.775847 39.165
 31     6.238 53290.13288123 49.30 127.613065  70.772887 39.165
 31     6.199 53290.13288188 51.57 127.608315  70.769927 39.165
 31     6.322 53290.13288252 49.96 127.603565  70.766967 39.165
 31     6.193 53290.13288317 48.70 127.598815  70.764007 39.165
 31     6.302 53290.13288381 47.38 127.594065  70.761047 39.165
 32     5.654 53325.13284768 14.39 127.670586  70.813849 14.334
 32     6.202 53325.13284833 14.68 127.665816  70.810889 14.334
 32     5.823 53325.13284897 15.48 127.661056  70.807939 14.334
 32     6.125 53325.13284961 16.39 127.656286  70.804979 14.334
 32     5.420 53325.13285026 16.55 127.651526  70.802019 14.334
 32     5.500 53325.13285090 16.77 127.646766  70.799059 14.334
 32     6.009 53325.13285155 15.70 127.642006  70.796099 14.334
 32     5.409 53325.13285219 15.34 127.637246  70.793139 14.334
 32     5.116 53325.13285284 17.61 127.632490  70.790178 11.456
 32     5.414 53325.13285348 15.88 127.627740  70.787218 11.456
 32     5.360 53325.13285413 15.38 127.622980  70.784258 11.456
 32     5.263 53325.13285477 15.23 127.618230  70.781298 11.456
 32     4.922 53325.13285542 17.38 127.613480  70.778338 11.456
 32     5.229 53325.13285606 16.05 127.608730  70.775378 11.456
 32     5.025 53325.13285671 15.85 127.603980  70.772418 11.456
 32     3.988 53325.13285735 15.57 127.599230  70.769458 11.456
 32     4.102 53325.13285800 16.71 127.594490  70.766498 11.456
 32     3.897 53325.13285864 15.12 127.589740  70.763538 11.456
 32     4.134 53325.13285929 14.90 127.585000  70.760578 11.456
 33     7.764 53360.13280749  7.73 127.664281  70.816278  7.059
 33     7.702 53360.13280813  8.30 127.659511  70.813318  7.059
 33     8.002 53360.13280878  8.30 127.654741  70.810358  7.059
 33     6.734 53360.13280942  9.31 127.649981  70.807398  7.059
 33     6.198 53360.13281007  9.25 127.645221  70.804438  7.059
 33     6.230 53360.13281071  8.80 127.640465  70.801480  8.636
 33     5.558 53360.13281136  8.98 127.635705  70.798520  8.636
 33     4.854 53360.13281200  9.18 127.630945  70.795560  8.636
 33     5.139 53360.13281264  8.46 127.626185  70.792600  8.636
 33     4.868 53360.13281329  8.59 127.621435  70.789640  8.636
 33     4.458 53360.13281393  8.71 127.616675  70.786680  8.636
 33     4.591 53360.13281458  8.84 127.611925  70.783720  8.636
 33     4.424 53360.13281522 10.30 127.607175  70.780760  8.636
 33     4.553 53360.13281587 10.91 127.602425  70.777800  8.636
 33     4.841 53360.13281651 11.79 127.597675  70.774840  8.636
 33     5.821 53360.13281716 10.27 127.592935  70.771880  8.636
 33     5.246 53360.13281780 11.26 127.588185  70.768920  8.636
 33     4.346 53360.13281845 12.97 127.583445  70.765960  8.636
 33     3.095 53360.13281909 13.04 127.578695  70.763000  8.636
 33     2.948 53360.13281974 14.00 127.573955  70.760040  8.636
 33     4.414 53360.13282038 12.69 127.569215  70.757080  8.636
 34     7.438 53395.13282694  4.86 127.672820  70.808410  6.342
 34     7.326 53395.13282758  4.95 127.668050  70.805450  6.342
 34     6.165 53395.13282823  4.49 127.663287  70.802486  5.549
 34     5.832 53395.13282887  5.37 127.658527  70.799526  5.549
 34     5.084 53395.13282951  5.38 127.653767  70.796576  5.549
 34     5.623 53395.13283016  4.68 127.649007  70.793616  5.549
 34     5.091 53395.13283080  4.61 127.644247  70.790656  5.549
 34     5.354 53395.13283145  4.60 127.639487  70.787696  5.549
 34     5.089 53395.13283209  4.15 127.634727  70.784736  5.549
 34     4.519 53395.13283274  4.67 127.629967  70.781776  5.549
 34     4.482 53395.13283338  5.49 127.625217  70.778816  5.549
 34     4.621 53395.13283403  6.28 127.620467  70.775856  5.549
 34     4.853 53395.13283467  6.73 127.615707  70.772896  5.549
 34     6.038 53395.13283532  5.83 127.610957  70.769936  5.549
 34     8.326 53395.13283596  5.17 127.606217  70.766976  5.549
 34    10.074 53395.13283661  5.90 127.601467  70.764016  5.549
 35     7.629 53430.13281909  5.17 127.661088  70.815129  6.167
 35     7.360 53430.13281973  4.70 127.656328  70.812169  6.167
 35     6.124 53430.13282038  5.68 127.651568  70.809209  6.167
 35     7.134 53430.13282102  3.71 127.646798  70.806249  6.167
 35     6.021 53430.13282167  4.20 127.642036  70.803292  4.606
 35     7.012 53430.13282231  3.69 127.637276  70.800332  4.606
 35     6.834 53430.13282296  3.67 127.632526  70.797372  4.606
 35     7.119 53430.13282360  2.92 127.627766  70.794412  4.606
 35     6.255 53430.13282424  3.24 127.623006  70.791452  4.606
 35     5.479 53430.13282489  3.65 127.618256  70.788492  4.606
 35     5.984 53430.13282553  3.79 127.613506  70.785532  4.606
 35     6.487 53430.13282618  3.41 127.608746  70.782572  4.606
 35     6.348 53430.13282682  3.34 127.603996  70.779612  4.606
 35     7.122 53430.13282747  3.93 127.599246  70.776652  4.606
 35     9.372 53430.13282811  3.98 127.594506  70.773692  4.606
 35    10.395 53430.13282876  3.51 127.589756  70.770732  4.606
 35    10.921 53430.13282940  4.12 127.585006  70.767772  4.606
 35    13.060 53430.13283005  3.94 127.580266  70.764812  4.606
 35    15.729 53430.13283069  3.93 127.575526  70.761852  4.606
 35    17.093 53430.13283134  3.73 127.570786  70.758892  4.606
 35    18.452 53430.13283198  2.63 127.566046  70.755932  4.606
 36     8.918 53465.13284773  1.81 127.670350  70.803468  3.607
 36     7.340 53465.13284838  2.15 127.665590  70.800508  3.607
 36     7.375 53465.13284902  1.81 127.660820  70.797548  3.607
 36    40.021 53465.13284967  1.12 127.656060  70.794598  3.607
 36    40.076 53465.13285031  1.82 127.651300  70.791638  3.607
 36     6.708 53465.13285096  1.61 127.646540  70.788678  3.607
 36    43.451 53465.13285160  0.99 127.641790  70.785718  3.607
 36    44.116 53465.13285225  1.60 127.637030  70.782758  3.607
 36    44.257 53465.13285289  1.40 127.632270  70.779798  3.607
 36    47.164 53465.13285354  1.17 127.627520  70.776838  3.607
 36    45.902 53465.13285418  1.02 127.622770  70.773878  3.607
 36    63.841 53465.13285482  0.08 127.618020  70.770918  3.607
 36    48.535 53465.13285547  0.75 127.613270  70.767958  3.607
 36    48.652 53465.13285611  1.38 127.608520  70.764998  3.607
 37    12.685 53500.13290801  5.67 127.663895  70.814572 15.541
 37    11.017 53500.13290866  5.87 127.659125  70.811612 15.541
 37     9.836 53500.13290930  6.49 127.654355  70.808652 15.541
 37    10.316 53500.13290994  6.71 127.649595  70.805692 15.541
 37     7.877 53500.13291059 10.01 127.644835  70.802732 15.541
 37     8.702 53500.13291123  6.79 127.640066  70.799778 12.946
 37     8.576 53500.13291188  6.75 127.635306  70.796818 12.946
 37     7.136 53500.13291252  5.52 127.630546  70.793858 12.946
 37     7.733 53500.13291317  4.69 127.625786  70.790898 12.946
 37     6.309 53500.13291381  3.48 127.621036  70.787938 12.946
 37     6.234 53500.13291446  3.94 127.616276  70.784978 12.946
 37     2.049 53500.13291639 10.46 127.602026  70.776098 12.946
 37     3.333 53500.13291704 11.73 127.597276  70.773138 12.946
 37     6.402 53500.13291768  9.06 127.592526  70.770178 12.946
 37    10.951 53500.13291833  9.61 127.587776  70.767218 12.946
 37    11.828 53500.13291897  9.81 127.583026  70.764258 12.946
 37    10.232 53500.13291961 12.75 127.578286  70.761298 12.946
 37     9.188 53500.13292026 14.83 127.573546  70.758338 12.946
 38   220.702 53535.13289725  1.46 127.650602  70.804813  9.577
 38   219.974 53535.13289790  2.51 127.645842  70.801853  9.577
 38   141.230 53535.13289854  4.65 127.641082  70.798893  9.577
 38   141.699 53535.13289919  4.78 127.636322  70.795933  9.577
 38   140.510 53535.13289983  6.66 127.631562  70.792973  9.577
 38   140.763 53535.13290048  6.35 127.626812  70.790013  9.577
 38   140.965 53535.13290112  4.29 127.622052  70.787053  9.577
 38    99.563 53535.13290176  7.26 127.617302  70.784093  9.577
 38    72.182 53535.13290241  8.53 127.612552  70.781133  9.577
 38   110.582 53535.13290305 11.15 127.607802  70.778173  9.577
 38    73.507 53535.13290370 10.73 127.603042  70.775213  9.577
 38    15.537 53535.13290563 39.36 127.588802  70.766333  9.577
 38     8.821 53535.13290628 48.02 127.584062  70.763373  9.577
 38    66.663 53535.13290757  6.28 127.574572  70.757453  9.577
 39   110.379 53570.13290692  6.78 127.659154  70.814472  4.002
 39   136.593 53570.13290757  4.01 127.654394  70.811512  4.002
 39    94.678 53570.13290821  7.03 127.649624  70.808552  4.002
 39    68.517 53570.13290886  9.98 127.644864  70.805592  4.002
 39    11.487 53570.13291208 41.36 127.621068  70.790796 18.199
 39    10.510 53570.13291272 42.33 127.616308  70.787836 18.199
 39    11.128 53570.13291337 41.41 127.611558  70.784876 18.199
 39    12.594 53570.13291401 39.20 127.606798  70.781916 18.199
 39    12.218 53570.13291466 39.10 127.602048  70.778956 18.199
 39    13.085 53570.13291530 38.24 127.597298  70.775996 18.199
 39    13.237 53570.13291595 40.00 127.592548  70.773036 18.199
 39    13.699 53570.13291659 39.42 127.587808  70.770076 18.199
 39    10.951 53570.13291724 40.63 127.583058  70.767116 18.199
 39    12.287 53570.13291788 40.97 127.578308  70.764156 18.199
 39    11.307 53570.13291853 39.97 127.573568  70.761196 18.199
 39    11.903 53570.13291917 41.12 127.568828  70.758236 18.199
 42     6.051 53675.13287332 12.99 127.664821  70.813579  7.853
 42     6.195 53675.13287396 13.23 127.660051  70.810619  7.853
 42     6.195 53675.13287461 13.81 127.655291  70.807659  7.853
 42     5.878 53675.13287525 14.52 127.650521  70.804699  7.853
 42     5.418 53675.13287590 12.91 127.645761  70.801739  7.853
 42     5.601 53675.13287654 12.57 127.641002  70.798787  9.802
 42     4.229 53675.13287718 14.94 127.636242  70.795827  9.802
 42     4.540 53675.13287783 16.29 127.631482  70.792867  9.802
 42     4.487 53675.13287847 15.24 127.626722  70.789907  9.802
 42     4.359 53675.13287912 16.78 127.621962  70.786947  9.802
 42     4.392 53675.13287976 16.89 127.617212  70.783987  9.802
 42     4.288 53675.13288041 18.68 127.612462  70.781027  9.802
 42     4.766 53675.13288105 19.06 127.607702  70.778067  9.802
 42     4.380 53675.13288170 19.27 127.602952  70.775107  9.802
 42     4.324 53675.13288234 19.50 127.598202  70.772147  9.802
 42     4.363 53675.13288299 18.88 127.593462  70.769187  9.802
 42     4.305 53675.13288363 18.23 127.588712  70.766227  9.802
 42     4.296 53675.13288428 17.28 127.583962  70.763267  9.802
 42     4.152 53675.13288492 17.46 127.579222  70.760307  9.802
 42    12.277 53675.13288557 15.30 127.574482  70.757347  9.802
 43     6.129 53710.13280325  7.82 127.659873  70.815993  5.807
 43     6.205 53710.13280390  6.82 127.655113  70.813033  5.807
 43     6.173 53710.13280454  7.77 127.650343  70.810073  5.807
 43     5.846 53710.13280519  8.60 127.645583  70.807113  5.807
 43     5.495 53710.13280583  9.28 127.640823  70.804153  5.807
 43     4.895 53710.13280648  9.06 127.636063  70.801192  8.956
 43     4.227 53710.13280712  9.28 127.631303  70.798232  8.956
 43     4.550 53710.13280777 10.06 127.626543  70.795272  8.956
 43     4.424 53710.13280841  9.66 127.621793  70.792312  8.956
 43     4.369 53710.13280906 10.01 127.617033  70.789352  8.956
 43     4.709 53710.13280970 11.05 127.612283  70.786392  8.956
 43     4.595 53710.13281034 11.51 127.607533  70.783432  8.956
 43     3.502 53710.13281099 13.05 127.602783  70.780472  8.956
 43     3.313 53710.13281163 15.14 127.598033  70.777512  8.956
 43     3.316 53710.13281228 15.82 127.593283  70.774552  8.956
 43     3.413 53710.13281292 13.81 127.588543  70.771592  8.956
 43     3.144 53710.13281357 15.30 127.583793  70.768632  8.956
 43     3.294 53710.13281421 15.26 127.579053  70.765672  8.956
 43    10.288 53710.13281486 13.24 127.574313  70.762712  8.956
 43     3.225 53710.13281550 13.76 127.569573  70.759752  8.956
 43     3.801 53710.13281615 12.46 127.564833  70.756792  8.956
 45     8.257 53780.13274422  1.82 127.669252  70.811170  4.106
 45     7.717 53780.13274486  1.61 127.664482  70.808210  4.106
 45     7.466 53780.13274551  2.81 127.659722  70.805260  4.106
 45     7.221 53780.13274615  2.99 127.654956  70.802299  5.064
 45     6.763 53780.13274680  3.50 127.650196  70.799339  5.064
 45     7.695 53780.13274744  3.86 127.645436  70.796379  5.064
 45     5.461 53780.13274809  3.65 127.640676  70.793419  5.064
 45     5.608 53780.13274873  3.74 127.635916  70.790459  5.064
 45     4.770 53780.13274938  3.76 127.631166  70.787499  5.064
 45     4.310 53780.13275002  3.68 127.626406  70.784539  5.064
 45     4.734 53780.13275067  3.74 127.621656  70.781579  5.064
 45     4.526 53780.13275131  4.07 127.616906  70.778619  5.064
 45     3.742 53780.13275196  5.09 127.612156  70.775659  5.064
 45     7.469 53780.13275260  4.79 127.607406  70.772699  5.064
 45     7.638 53780.13275324  3.95 127.602656  70.769739  5.064
 45     8.463 53780.13275389  4.67 127.597906  70.766779  5.064
 45     4.053 53780.13275453  4.85 127.593166  70.763819  5.064
 45    10.653 53780.13275518  4.76 127.588416  70.760859  5.064
 46    12.433 53815.13271374  1.59 127.654367  70.819311  4.270
 46    10.610 53815.13271438  2.13 127.649597  70.816351  4.270
 46    10.894 53815.13271503  2.50 127.644837  70.813391  4.270
 46     8.460 53815.13271567  2.42 127.640077  70.810431  4.270
 46     7.864 53815.13271632  3.29 127.635317  70.807471  4.270
 46     8.859 53815.13271696  3.54 127.630557  70.804511  4.270
 46     4.748 53815.13271761  5.44 127.625797  70.801551  4.270
 46     4.999 53815.13271825  4.71 127.621037  70.798591  4.270
 46     3.461 53815.13272083  4.76 127.602027  70.786751  4.270
 46     3.565 53815.13272148  4.43 127.597272  70.783791  5.137
 46     3.362 53815.13272212  4.91 127.592522  70.780831  5.137
 46     4.360 53815.13272277  5.06 127.587772  70.777871  5.137
 46     7.003 53815.13272341  4.21 127.583032  70.774911  5.137
 46     2.079 53815.13272406  5.41 127.578282  70.771951  5.137
 46     8.392 53815.13272470  5.98 127.573542  70.768991  5.137
 46     4.000 53815.13272534  6.66 127.568802  70.766021  5.137
 46    15.551 53815.13272599  5.77 127.564062  70.763061  5.137
 46    16.183 53815.13272663  5.72 127.559322  70.760101  5.137
 46    34.723 53815.13272728  4.80 127.554582  70.757141  5.137
 46    41.573 53815.13272792  3.47 127.549842  70.754181  5.137
 47     8.780 53850.13277906  1.68 127.671143  70.808879  4.041
 47     8.213 53850.13277970  0.75 127.666373  70.805919  4.041
 47     7.551 53850.13278035  1.01 127.661603  70.802959  4.041
 47     5.024 53850.13278099  2.50 127.656843  70.799999  4.041
 47     8.019 53850.13278164  1.87 127.652083  70.797039  4.041
 47     5.612 53850.13278228  2.04 127.647323  70.794079  4.041
 47     5.640 53850.13278293  2.37 127.642563  70.791119  4.041
 47     6.554 53850.13278357  2.04 127.637799  70.788164  3.368
 47     4.033 53850.13278422  2.39 127.633039  70.785204  3.368
 47     6.579 53850.13278486  2.21 127.628289  70.782244  3.368
 47     3.870 53850.13278551  3.05 127.623529  70.779284  3.368
 47     4.857 53850.13278615  2.22 127.618779  70.776324  3.368
 47     4.227 53850.13278680  2.15 127.614029  70.773364  3.368
 47    33.724 53850.13278744  1.27 127.609279  70.770404  3.368
 47    47.867 53850.13278808  1.11 127.604529  70.767444  3.368
 47    38.793 53850.13278873  1.65 127.599779  70.764484  3.368
 47    70.746 53850.13278937  1.53 127.595029  70.761524  3.368
 49    39.710 53920.13286482  6.92 127.609128  70.781874  5.360
 49    46.598 53920.13286933  2.37 127.575888  70.761154  5.360
 49    45.225 53920.13286997  5.06 127.571148  70.758194  5.360
 51    13.194 53990.13277472 11.51 127.657672  70.817879  9.557
 51    12.480 53990.13277537 11.38 127.652912  70.814919  9.557
 51    12.182 53990.13277601  9.96 127.648142  70.811959  9.557
 51    11.588 53990.13277666  9.62 127.643382  70.808999  9.557
 51    11.958 53990.13277730 10.08 127.638622  70.806039  9.557
 51    12.538 53990.13277795 10.51 127.633862  70.803079  9.557
 51    12.304 53990.13277859 10.89 127.629102  70.800119  9.557
 51    11.149 53990.13277924  9.46 127.624342  70.797159  9.557
 51    11.069 53990.13277988  8.72 127.619592  70.794199  9.557
 51    10.760 53990.13278117  9.10 127.610082  70.788279  9.557
 51    10.859 53990.13278181  8.85 127.605332  70.785319  9.557
 51    11.226 53990.13278246  8.29 127.600582  70.782359  9.557
 51    10.236 53990.13278310  8.99 127.595832  70.779399  9.557
 51    10.611 53990.13278375  8.40 127.591081  70.776435 13.625
 51    10.519 53990.13278439  9.14 127.586341  70.773475 13.625
 51    10.370 53990.13278504 10.33 127.581591  70.770515 13.625
 51    10.667 53990.13278568 10.53 127.576851  70.767555 13.625
 51    11.705 53990.13278633 10.91 127.572111  70.764595 13.625
 51     9.152 53990.13278697 13.27 127.567371  70.761635 13.625
 51    11.497 53990.13278762 15.99 127.562631  70.758665 13.625
 51    12.266 53990.13278826 18.30 127.557891  70.755705 13.625
 52     7.025 54025.13284141 25.71 127.670758  70.805088 19.826
 52     7.182 54025.13284206 26.71 127.665998  70.802128 19.826
 52     6.125 54025.13284270 32.55 127.661228  70.799168 19.826
 52     6.329 54025.13284335 36.16 127.656468  70.796208 19.826
 52     6.224 54025.13284399 38.03 127.651708  70.793248 19.826
 52     6.213 54025.13284464 37.14 127.646948  70.790288 19.826
 52     6.082 54025.13284528 35.16 127.642188  70.787328 19.826
 52     6.169 54025.13284593 35.43 127.637435  70.784371 25.305
 52     6.206 54025.13284657 41.53 127.632675  70.781411 25.305
 52     6.075 54025.13284722 40.33 127.627925  70.778451 25.305
 52     6.181 54025.13284786 39.53 127.623165  70.775491 25.305
 52     6.085 54025.13284851 43.28 127.618415  70.772531 25.305
 52     6.145 54025.13284915 49.58 127.613665  70.769571 25.305
 52     6.228 54025.13284980 43.72 127.608915  70.766611 25.305
 52     6.134 54025.13285044 50.87 127.604165  70.763651 25.305
 53     8.365 54060.13283370  7.53 127.670285  70.810637  8.371
 53     7.071 54060.13283435  8.68 127.665525  70.807677  8.371
 53     6.822 54060.13283499  8.61 127.660755  70.804727  8.371
 53     5.867 54060.13283564  9.71 127.655995  70.801767  8.371
 53     5.561 54060.13283628 10.63 127.651235  70.798807  8.371
 53     5.727 54060.13283693 12.22 127.646475  70.795847  8.371
 53     5.452 54060.13283757 12.51 127.641715  70.792887  8.371
 53     5.104 54060.13283822 11.36 127.636955  70.789927  8.371
 53     5.169 54060.13283886 11.95 127.632198  70.786966  7.160
 53     4.572 54060.13283951 12.99 127.627448  70.784006  7.160
 53     4.555 54060.13284015 11.06 127.622698  70.781046  7.160
 53     4.409 54060.13284080  9.37 127.617938  70.778086  7.160
 53     4.116 54060.13284144  9.56 127.613188  70.775126  7.160
 53     5.421 54060.13284208  8.61 127.608438  70.772166  7.160
 53     6.864 54060.13284273  7.92 127.603698  70.769206  7.160
 53     9.745 54060.13284337  6.68 127.598948  70.766246  7.160
 53    11.598 54060.13284402  8.24 127.594198  70.763286  7.160
 53    13.438 54060.13284466  8.34 127.589458  70.760326  7.160
 54    12.055 54095.13280849  1.93 127.657630  70.817969  4.521
 54    10.834 54095.13280913  2.20 127.652870  70.815009  4.521
 54     9.525 54095.13280978  3.26 127.648100  70.812049  4.521
 54     9.937 54095.13281042  2.67 127.643340  70.809089  4.521
 54     8.296 54095.13281107  3.45 127.638580  70.806129  4.521
 54     8.220 54095.13281171  2.65 127.633820  70.803169  4.521
 54     8.169 54095.13281236  3.18 127.629060  70.800209  4.521
 54     8.678 54095.13281300  2.59 127.624300  70.797249  4.521
 54     8.352 54095.13281364  2.73 127.619540  70.794289  4.521
 54     7.138 54095.13281493  3.40 127.610040  70.788369  4.521
 54     6.307 54095.13281558  3.50 127.605284  70.785416  5.761
 54     5.865 54095.13281622  3.79 127.600534  70.782456  5.761
 54     5.874 54095.13281687  3.80 127.595784  70.779496  5.761
 54     6.489 54095.13281751  4.44 127.591034  70.776526  5.761
 54     8.606 54095.13281816  5.21 127.586284  70.773566  5.761
 54    10.466 54095.13281880  5.11 127.581544  70.770606  5.761
 54    11.396 54095.13281945  4.83 127.576794  70.767646  5.761
 54    12.721 54095.13282009  6.17 127.572054  70.764686  5.761
 54    15.206 54095.13282074  5.28 127.567314  70.761726  5.761
 54    16.637 54095.13282138  5.04 127.562574  70.758766  5.761
 54    17.746 54095.13282203  5.52 127.557834  70.755806  5.761
 55     8.747 54130.13275494  0.90 127.670320  70.801711  3.258
 55     7.271 54130.13275558  1.06 127.665560  70.798751  3.258
 55     8.828 54130.13275623  0.57 127.660790  70.795791  3.258
 55     7.626 54130.13275687  0.41 127.656030  70.792831  3.258
 55     8.578 54130.13275752  0.38 127.651270  70.789871  3.258
 55     7.023 54130.13275816  0.76 127.646508  70.786918  5.159
 55     6.537 54130.13275881  0.56 127.641758  70.783958  5.159
 55     6.218 54130.13275945  1.48 127.636998  70.780998  5.159
 55     5.616 54130.13276009  1.37 127.632238  70.778038  5.159
 55     5.439 54130.13276074  2.96 127.627488  70.775078  5.159
 55    10.670 54130.13276138  2.47 127.622738  70.772118  5.159
 55     6.784 54130.13276203  2.85 127.617988  70.769158  5.159
 55     9.653 54130.13276267  2.71 127.613238  70.766198  5.159
 56    11.851 54165.13277970  1.36 127.664557  70.817081  4.494
 56    11.056 54165.13278034  2.26 127.659787  70.814121  4.494
 56    10.772 54165.13278099  2.13 127.655017  70.811171  4.494
 56    10.236 54165.13278163  2.00 127.650255  70.808211  4.155
 56     9.461 54165.13278228  2.41 127.645495  70.805251  4.155
 56     7.464 54165.13278292  2.62 127.640735  70.802291  4.155
 56     7.393 54165.13278357  2.71 127.635975  70.799331  4.155
 56     8.088 54165.13278421  1.93 127.631215  70.796371  4.155
 56     8.874 54165.13278486  1.77 127.626455  70.793411  4.155
 56     6.507 54165.13278550  1.87 127.621695  70.790451  4.155
 56     5.327 54165.13278615  2.04 127.616945  70.787491  4.155
 56     4.831 54165.13278679  2.43 127.612195  70.784531  4.155
 56     4.086 54165.13278744  3.02 127.607445  70.781571  4.155
 56     5.551 54165.13278808  2.62 127.602685  70.778611  4.155
 56     7.632 54165.13278873  3.18 127.597935  70.775651  4.155
 56     8.749 54165.13278937  2.91 127.593195  70.772691  4.155
 56     9.481 54165.13279001  2.72 127.588445  70.769731  4.155
 56    12.141 54165.13279066  2.73 127.583695  70.766771  4.155
 56    14.374 54165.13279130  2.86 127.578955  70.763811  4.155
 56    15.783 54165.13279195  2.54 127.574215  70.760851  4.155
 57    11.026 54200.13275668  0.17 127.672929  70.808401  3.544
 57     9.619 54200.13275733  0.62 127.668159  70.805441  3.544
 57     9.685 54200.13275797  0.88 127.663399  70.802481  3.544
 57    10.259 54200.13275862  0.07 127.658639  70.799531  3.544
 57     8.944 54200.13275926  0.91 127.653869  70.796571  3.544
 57     9.443 54200.13275991  0.32 127.649109  70.793611  3.544
 57     6.311 54200.13276120  0.34 127.639589  70.787691  3.544
 57    44.378 54200.13276184  0.34 127.634839  70.784731  3.544
 57    46.595 54200.13276249  0.39 127.630079  70.781771  3.544
 57    45.889 54200.13276313  0.39 127.625329  70.778811  3.544
 57     7.093 54200.13276377  1.41 127.620579  70.775851  3.544
 57     4.006 54200.13276442  2.14 127.615819  70.772891  3.544
 57     7.618 54200.13276506  1.03 127.611069  70.769931  3.544
 57    33.918 54200.13276571  0.22 127.606329  70.766971  3.544
 57    11.607 54200.13276635  0.68 127.601579  70.764011  3.544
 58    69.784 54235.13280436  1.50 127.600374  70.767107  5.075
 58    80.351 54235.13280565  0.47 127.590884  70.761187  5.075
 59   116.481 54270.13282175  0.39 127.614462  70.780825  5.534
 59   116.350 54270.13282240  0.04 127.609712  70.777865  5.534
 59   113.735 54270.13282304  1.14 127.604952  70.774905  5.534
 59   113.528 54270.13282369  0.48 127.600212  70.771945  5.534
 59   113.790 54270.13282433  0.44 127.595462  70.768985  5.534
 59   112.368 54270.13282498  0.17 127.590712  70.766025  5.534
 59    46.525 54270.13282626 12.81 127.581222  70.760105  5.534
 60   106.762 54305.13281799  9.69 127.667013  70.811742  2.530
 60    71.243 54305.13281863  9.69 127.662246  70.808776 23.351
 60    10.869 54305.13282121 37.99 127.643196  70.796946 23.351
 60    10.959 54305.13282186 39.96 127.638436  70.793986 23.351
 60    11.264 54305.13282250 39.34 127.633676  70.791026 23.351
 60    12.030 54305.13282314 36.39 127.628926  70.788066 23.351
 60    17.138 54305.13282379 32.69 127.624166  70.785106 23.351
 60    16.106 54305.13282443 33.22 127.619416  70.782146 23.351
 60    15.118 54305.13282508 33.05 127.614656  70.779186 23.351
 60    14.973 54305.13282572 32.87 127.609906  70.776226 23.351
 60    15.933 54305.13282637 32.51 127.605156  70.773266 23.351
 60    16.683 54305.13282701 32.59 127.600406  70.770306 23.351
 60    16.144 54305.13282766 32.62 127.595666  70.767346 23.351
 60    16.173 54305.13282830 31.82 127.590916  70.764386 23.351
 60    16.351 54305.13282895 31.55 127.586176  70.761426 23.351
 60    15.846 54305.13282959 32.01 127.581426  70.758466 23.351
 61     9.540 54340.13280022 37.35 127.664547  70.816471  7.221
 61    11.090 54340.13280086 36.64 127.659777  70.813511  7.221
 61    11.002 54340.13280151 36.99 127.655017  70.810551  7.221
 61    10.480 54340.13280215 36.58 127.650253  70.807598 17.340
 61    10.947 54340.13280279 37.40 127.645493  70.804638 17.340
 61    10.492 54340.13280344 37.91 127.640723  70.801678 17.340
 61     9.746 54340.13280408 38.01 127.635963  70.798718 17.340
 61    10.071 54340.13280473 36.64 127.631213  70.795758 17.340
 61    10.404 54340.13280537 35.37 127.626453  70.792798 17.340
 61     9.249 54340.13280602 36.06 127.621693  70.789838 17.340
 61     9.583 54340.13280666 33.77 127.616943  70.786878 17.340
 61     8.461 54340.13280731 32.78 127.612193  70.783918 17.340
 61     8.217 54340.13280795 32.06 127.607433  70.780958 17.340
 61     8.972 54340.13280860 31.33 127.602683  70.777998 17.340
 61     8.065 54340.13280924 32.57 127.597943  70.775038 17.340
 61     7.461 54340.13280989 34.56 127.593193  70.772078 17.340
 61     8.132 54340.13281053 33.34 127.588443  70.769118 17.340
 61     9.280 54340.13281118 33.70 127.583703  70.766158 17.340
 61     7.524 54340.13281182 33.52 127.578953  70.763198 17.340
 61     7.579 54340.13281246 35.01 127.574213  70.760238 17.340
 61     7.658 54340.13281311 38.56 127.569473  70.757278 17.340
 62    11.301 54375.13275242 20.58 127.670116  70.809706  7.609
 62    10.125 54375.13275307 18.75 127.665356  70.806746  7.609
 62     9.901 54375.13275371 18.04 127.660586  70.803796  7.609
 62    10.169 54375.13275435 20.00 127.655820  70.800827 16.606
 62     9.835 54375.13275500 19.20 127.651060  70.797877 16.606
 62     9.750 54375.13275564 19.11 127.646300  70.794917 16.606
 62     8.974 54375.13275629 20.12 127.641540  70.791957 16.606
 62     9.043 54375.13275693 20.89 127.636780  70.788997 16.606
 62     9.703 54375.13275758 22.77 127.632030  70.786037 16.606
 62     8.285 54375.13275822 25.51 127.627270  70.783077 16.606
 62     8.949 54375.13275887 27.14 127.622520  70.780117 16.606
 62     8.095 54375.13275951 29.72 127.617770  70.777157 16.606
 62     7.729 54375.13276016 31.98 127.613020  70.774197 16.606
 62     8.335 54375.13276080 31.20 127.608260  70.771237 16.606
 62     7.808 54375.13276145 36.68 127.603520  70.768277 16.606
 62     7.562 54375.13276209 39.31 127.598770  70.765317 16.606
 62     7.750 54375.13276274 42.47 127.594020  70.762357 16.606
 63     6.919 54410.13274687 14.09 127.666238  70.814221 10.010
 63     7.147 54410.13274752 16.51 127.661468  70.811261 10.010
 63     6.713 54410.13274816 14.33 127.656708  70.808301 10.010
 63     6.328 54410.13274881 15.09 127.651948  70.805341 10.010
 63     6.006 54410.13274945 13.16 127.647178  70.802381 10.010
 63     6.367 54410.13275010 11.66 127.642418  70.799426 10.374
 63     5.644 54410.13275074 11.45 127.637658  70.796466 10.374
 63     5.981 54410.13275139 10.91 127.632898  70.793506 10.374
 63     5.900 54410.13275203 10.37 127.628148  70.790546 10.374
 63     5.366 54410.13275268 11.46 127.623388  70.787586 10.374
 63     7.063 54410.13275332 11.64 127.618638  70.784626 10.374
 63     4.444 54410.13275396 14.02 127.613878  70.781666 10.374
 63     4.599 54410.13275461 16.85 127.609128  70.778706 10.374
 63     5.132 54410.13275525 16.86 127.604378  70.775746 10.374
 63     4.673 54410.13275590 19.49 127.599628  70.772786 10.374
 63     4.775 54410.13275654 24.12 127.594888  70.769826 10.374
 63     4.905 54410.13275719 19.57 127.590138  70.766866 10.374
 63     4.626 54410.13275783 17.59 127.585388  70.763906 10.374
 63     4.279 54410.13275848 16.67 127.580648  70.760946 10.374
 63     3.431 54410.13275912 17.27 127.575908  70.757986 10.374
 64     6.968 54445.13271642  6.28 127.672156  70.803861  6.434
 64     7.333 54445.13271706  5.61 127.667392  70.800898  7.183
 64     6.381 54445.13271771  5.98 127.662632  70.797938  7.183
 64     6.516 54445.13271835  5.74 127.657872  70.794988  7.183
 64     5.807 54445.13271900  6.25 127.653102  70.792028  7.183
 64     5.858 54445.13271964  6.11 127.648352  70.789068  7.183
 64     5.530 54445.13272029  6.79 127.643592  70.786108  7.183
 64     5.020 54445.13272093  5.93 127.638832  70.783148  7.183
 64     4.100 54445.13272158  6.88 127.634072  70.780188  7.183
 64     4.983 54445.13272222  7.68 127.629322  70.777228  7.183
 64     4.229 54445.13272287  7.92 127.624572  70.774268  7.183
 64     4.119 54445.13272351  9.62 127.619812  70.771308  7.183
 64     4.862 54445.13272415  7.65 127.615062  70.768348  7.183
 64     4.004 54445.13272480  8.03 127.610312  70.765388  7.183
 65    11.357 54480.13273811  0.62 127.666123  70.811588  3.818
 65     9.276 54480.13273875  1.83 127.661353  70.808628  3.818
 65     8.792 54480.13273940  1.20 127.656593  70.805668  3.818
 65     6.660 54480.13274004  2.68 127.651833  70.802708  3.818
 65     7.235 54480.13274069  2.39 127.647063  70.799758  3.818
 65     6.625 54480.13274133  2.77 127.642313  70.796798  3.818
 65     6.468 54480.13274198  3.05 127.637553  70.793838  3.818
 65     5.630 54480.13274262  2.94 127.632793  70.790878  3.818
 65     5.789 54480.13274327  3.06 127.628033  70.787918  3.818
 65     5.008 54480.13274391  4.80 127.623276  70.784954  6.159
 65     6.104 54480.13274456  4.67 127.618526  70.781994  6.159
 65     4.879 54480.13274520  5.36 127.613776  70.779034  6.159
 65     5.406 54480.13274585  5.23 127.609026  70.776074  6.159
 65     5.064 54480.13274649  5.57 127.604276  70.773114  6.159
 65     4.875 54480.13274713  6.68 127.599526  70.770154  6.159
 65     5.285 54480.13274778  6.75 127.594776  70.767194  6.159
 65     3.931 54480.13274842  6.91 127.590036  70.764234  6.159
 65     3.963 54480.13274907  7.27 127.585286  70.761274  6.159
 66     8.392 54515.13273101  2.27 127.670742  70.803502  4.127
 66     8.026 54515.13273165  2.15 127.665982  70.800542  4.127
 66     7.576 54515.13273230  2.53 127.661212  70.797582  4.127
 66    36.979 54515.13273294  2.06 127.656452  70.794632  4.127
 66    40.382 54515.13273358  1.64 127.651692  70.791672  4.127
 66    41.203 54515.13273423  1.99 127.646932  70.788712  4.127
 66    42.052 54515.13273487  2.42 127.642172  70.785752  4.127
 66     9.751 54515.13273552  2.74 127.637422  70.782792  4.127
 66    10.734 54515.13273616  2.91 127.632662  70.779832  4.127
 66     4.579 54515.13273681  3.31 127.627912  70.776872  4.127
 66     4.956 54515.13273745  3.74 127.623162  70.773912  4.127
 66     4.783 54515.13273810  3.42 127.618402  70.770952  4.127
 66     5.418 54515.13273874  4.52 127.613652  70.767992  4.127
 66     6.748 54515.13273939  4.65 127.608912  70.765032  4.127
 67    28.718 54550.13275091  1.10 127.660406  70.814944  3.197
 67    29.959 54550.13275156  0.64 127.655636  70.811994  3.197
 67    35.118 54550.13275220  0.56 127.650871  70.809033  2.602
 67    34.357 54550.13275285  0.95 127.646111  70.806073  2.602
 67    36.717 54550.13275349  2.35 127.641351  70.803113  2.602
 67    38.109 54550.13275414  1.59 127.636591  70.800153  2.602
 67    40.678 54550.13275478  1.36 127.631831  70.797193  2.602
 67    39.901 54550.13275543  2.26 127.627071  70.794233  2.602
 67    40.681 54550.13275607  2.38 127.622321  70.791273  2.602
 67    41.783 54550.13275672  2.70 127.617561  70.788313  2.602
 67    42.574 54550.13275736  2.36 127.612811  70.785353  2.602
 67    44.439 54550.13275801  2.64 127.608061  70.782393  2.602
 68    32.601 54585.13272704  0.05 127.656013  70.802954  3.537
 68     7.644 54585.13272768  0.17 127.651243  70.799994  3.537
 68    37.765 54585.13272833  0.43 127.646483  70.797034  3.537
 68    40.478 54585.13272897  0.56 127.641723  70.794074  3.537
 68    42.939 54585.13272962  0.15 127.636963  70.791114  3.537
 68    41.639 54585.13273026  0.24 127.632213  70.788154  3.537
 68    46.245 54585.13273091  0.08 127.627453  70.785194  3.537
 68    45.768 54585.13273155  1.02 127.622703  70.782234  3.537
 68    48.456 54585.13273220  0.21 127.617943  70.779274  3.537
 68    74.179 54585.13273284  0.37 127.613193  70.776314  3.537
 68    48.296 54585.13273349  0.25 127.608443  70.773354  3.537
 68    99.682 54585.13273413  0.23 127.603693  70.770394  3.537
 68    67.906 54585.13273477  0.74 127.598943  70.767434  3.537
 69   150.616 54620.13274472  3.03 127.666831  70.812063  2.349
 69   209.238 54620.13274537  0.96 127.662061  70.809098  2.516
 69   258.951 54620.13274666  0.97 127.652531  70.803188  2.516
 70   108.282 54655.13276012  0.03 127.629514  70.791174  4.700
 70    44.684 54655.13276141  2.30 127.620004  70.785254  4.700
 70    45.680 54655.13276206  4.15 127.615254  70.782294  4.700
 70    45.143 54655.13276270  5.23 127.610494  70.779334  4.700
 70    43.897 54655.13276335  7.46 127.605744  70.776374  4.700
 70    44.752 54655.13276399  7.43 127.600994  70.773414  4.700
 70    45.967 54655.13276463  7.06 127.596254  70.770454  4.700
 70    44.826 54655.13276528  7.86 127.591504  70.767494  4.700
 70    43.205 54655.13276592  8.49 127.586754  70.764534  4.700
 70    36.475 54655.13276657  9.18 127.582014  70.761574  4.700
 70    28.143 54655.13276721 11.98 127.577274  70.758614  4.700
 71    46.116 54690.13275192  4.39 127.585261  70.766534  4.095
 71    46.543 54690.13275257  3.65 127.580521  70.763574  4.095
 71    45.355 54690.13275321  5.32 127.575781  70.760614  4.095
 71    33.327 54690.13275386 11.47 127.571041  70.757654  4.095
 72    19.253 54725.13270649  7.66 127.671501  70.805133  5.167
 72    20.018 54725.13270713  7.57 127.666741  70.802173  5.167
 72    20.082 54725.13270778  7.18 127.661971  70.799213  5.167
 72    15.055 54725.13270842  6.19 127.657211  70.796263  5.167
 72    38.277 54725.13270907  5.77 127.652451  70.793303  5.167
 72    37.912 54725.13270971  6.44 127.647691  70.790343  5.167
 72    42.399 54725.13271036  5.98 127.642931  70.787383  5.167
 72    43.256 54725.13271100  6.22 127.638171  70.784423  5.167
 72    44.768 54725.13271165  6.79 127.633421  70.781463  5.167
 72    47.441 54725.13271229  6.65 127.628661  70.778503  5.167
 72    49.219 54725.13271294  7.65 127.623911  70.775543  5.167
 72    48.634 54725.13271358  8.12 127.619161  70.772583  5.167
 72    47.823 54725.13271422 10.85 127.614411  70.769623  5.167
 72    48.958 54725.13271487  9.41 127.609661  70.766663  5.167
 72    49.134 54725.13271551  8.29 127.604911  70.763703  5.167
 73     6.032 54760.13271823 29.13 127.663951  70.813316 12.671
 73     6.360 54760.13271888 31.93 127.659181  70.810356 12.671
 73     6.984 54760.13271952 32.18 127.654413  70.807389 39.022
 73     6.278 54760.13272017 31.11 127.649653  70.804429 39.022
 73     4.887 54760.13272081 35.59 127.644893  70.801479 39.022
 73     4.914 54760.13272146 36.86 127.640133  70.798519 39.022
 73     5.011 54760.13272210 35.77 127.635373  70.795559 39.022
 73     5.095 54760.13272274 37.81 127.630613  70.792599 39.022
 73     5.063 54760.13272339 38.74 127.625863  70.789639 39.022
 73     4.943 54760.13272403 41.74 127.621103  70.786679 39.022
 73     5.028 54760.13272468 37.40 127.616353  70.783719 39.022
 73     4.993 54760.13272532 46.39 127.611603  70.780759 39.022
 73     4.977 54760.13272597 42.86 127.606843  70.777799 39.022
 73     5.024 54760.13272661 39.12 127.602093  70.774839 39.022
 73     5.029 54760.13272726 40.42 127.597353  70.771879 39.022
 73     5.016 54760.13272790 39.30 127.592603  70.768919 39.022
 73     5.108 54760.13272855 44.10 127.587853  70.765959 39.022
 73     5.088 54760.13272919 42.55 127.583113  70.762999 39.022
 73     5.156 54760.13272984 46.14 127.578373  70.760039 39.022
 74     5.665 54795.13270007  5.93 127.672522  70.804277  5.230
 74     6.356 54795.13270072  5.61 127.667752  70.801317  5.230
 74     6.294 54795.13270136  4.86 127.662992  70.798367  5.230
 74     5.063 54795.13270201  5.18 127.658232  70.795407  5.230
 74     5.747 54795.13270265  3.45 127.653472  70.792447  5.230
 74     5.231 54795.13270330  3.46 127.648702  70.789487  5.230
 74     4.975 54795.13270394  3.90 127.643952  70.786527  5.230
 74     4.708 54795.13270459  3.68 127.639192  70.783567  5.230
 74     5.097 54795.13270523  2.89 127.634432  70.780607  5.230
 74     5.059 54795.13270587  3.41 127.629682  70.777647  5.230
 74     5.215 54795.13270652  3.40 127.624922  70.774687  5.230
 74     4.950 54795.13270716  4.87 127.620172  70.771727  5.230
 74     6.177 54795.13270781  4.25 127.615422  70.768767  5.230
 74     9.395 54795.13270845  3.60 127.610672  70.765807  5.230
 75     8.976 54830.13271837  2.59 127.663399  70.810346  4.815
 75     8.617 54830.13271902  2.26 127.658636  70.807378  4.460
 75     7.725 54830.13271966  2.46 127.653876  70.804428  4.460
 75     6.887 54830.13272031  3.20 127.649116  70.801468  4.460
 75     7.095 54830.13272095  2.58 127.644356  70.798508  4.460
 75     7.517 54830.13272160  1.54 127.639596  70.795548  4.460
 75     7.296 54830.13272224  1.62 127.634836  70.792588  4.460
 75     5.945 54830.13272288  1.47 127.630076  70.789628  4.460
 75     9.911 54830.13272353  1.08 127.625316  70.786668  4.460
 75     5.337 54830.13272417  1.65 127.620566  70.783708  4.460
 75     4.986 54830.13272482  1.37 127.615816  70.780748  4.460
 75     5.645 54830.13272546  1.94 127.611056  70.777788  4.460
 75     5.990 54830.13272611  2.44 127.606306  70.774828  4.460
 75     7.768 54830.13272675  2.70 127.601556  70.771868  4.460
 75    10.216 54830.13272740  1.88 127.596816  70.768908  4.460
 75    11.854 54830.13272804  2.84 127.592066  70.765948  4.460
 75    13.406 54830.13272869  3.97 127.587326  70.762988  4.460
 75    14.843 54830.13272933  2.64 127.582576  70.760028  4.460
 76     8.246 54865.13269484  1.34 127.669402  70.804449  3.417
 76     8.029 54865.13269549  1.31 127.664642  70.801489  3.417
 76     7.237 54865.13269613  1.10 127.659872  70.798539  3.417
 76     8.292 54865.13269678  0.60 127.655112  70.795579  3.417
 76    39.382 54865.13269742  0.27 127.650352  70.792619  3.417
 76    48.393 54865.13270129  0.16 127.621822  70.774859  3.417
 76    48.329 54865.13270193  0.23 127.617062  70.771899  3.417
 76    49.354 54865.13270387  0.78 127.602822  70.763019  3.417
 77    10.487 54900.13271685  0.95 127.662799  70.815708  4.886
 77     9.638 54900.13271750  1.75 127.658039  70.812758  4.886
 77     8.553 54900.13271814  1.08 127.653271  70.809790  3.649
 77     8.626 54900.13271879  0.87 127.648511  70.806840  3.649
 77     8.527 54900.13271943  0.96 127.643741  70.803880  3.649
 77     9.038 54900.13272008  1.15 127.638981  70.800920  3.649
 77     6.829 54900.13272072  0.72 127.634221  70.797960  3.649
 77     8.905 54900.13272137  0.77 127.629471  70.795000  3.649
 77    39.580 54900.13272201  0.54 127.624711  70.792040  3.649
 77    38.764 54900.13272266  0.29 127.619951  70.789080  3.649
 77    45.115 54900.13272330  0.09 127.615201  70.786120  3.649
 77    44.899 54900.13272394  0.17 127.610451  70.783160  3.649
 77    46.722 54900.13272459  0.16 127.605691  70.780200  3.649
 77    46.432 54900.13272652  0.04 127.591451  70.771320  3.649
 77    46.351 54900.13272781  0.54 127.581961  70.765400  3.649
 77    46.386 54900.13272846  0.83 127.577211  70.762440  3.649
 78    34.695 54935.13268715  0.80 127.662348  70.804255  3.119
 78    38.963 54935.13268780  0.35 127.657588  70.801305  3.119
 78    42.002 54935.13268973  0.06 127.643298  70.792425  3.119
 78    73.306 54935.13269618  0.07 127.595778  70.762825  3.119
 79     4.844 54970.13272462 19.05 127.624604  70.784572 20.598
 79     4.990 54970.13272526 18.38 127.619854  70.781612 20.598
 79     4.675 54970.13272591 15.84 127.615104  70.778652 20.598
 79     5.235 54970.13272655 16.63 127.610344  70.775692 20.598
 79     6.867 54970.13272720 16.14 127.605594  70.772732 20.598
 79     7.457 54970.13272784 14.20 127.600854  70.769772 20.598
 79     8.516 54970.13272849 16.39 127.596104  70.766812 20.598
 79     6.104 54970.13272913 17.38 127.591354  70.763852 20.598
 79     8.835 54970.13272978 19.40 127.586614  70.760892 20.598
 80    45.903 55005.13274527  4.18 127.613475  70.781353  5.247
 80    47.639 55005.13274592  2.00 127.608715  70.778393  5.247
 80    47.436 55005.13274656  5.25 127.603965  70.775433  5.247
 80    46.502 55005.13274721  7.22 127.599215  70.772473  5.247
 80    46.232 55005.13274785  8.67 127.594475  70.769513  5.247
 80    43.425 55005.13274850  9.30 127.589725  70.766553  5.247
 80    42.749 55005.13274914  9.90 127.584975  70.763593  5.247
 80    39.004 55005.13274979 10.67 127.580235  70.760633  5.247
 80    28.441 55005.13275043 14.00 127.575495  70.757673  5.247
 81     9.525 55040.13273340  8.72 127.611916  70.778331  5.853
 81    10.906 55040.13273404  8.24 127.607166  70.775371  5.853
 81    11.104 55040.13273469  8.38 127.602416  70.772411  5.853
 81    10.983 55040.13273533  8.27 127.597676  70.769451  5.853
 81    12.950 55040.13273598  8.18 127.592926  70.766491  5.853
 81    35.184 55040.13273662  7.18 127.588176  70.763531  5.853
 81    35.557 55040.13273727  8.07 127.583436  70.760571  5.853
 83    12.147 55110.13265932 10.56 127.670045  70.807467 10.558
 83    11.778 55110.13265996  9.74 127.665275  70.804507 10.558
 83     7.123 55110.13266061 10.31 127.660515  70.801547 10.558
 83     7.491 55110.13266125  9.43 127.655745  70.798597 10.558
 83     7.396 55110.13266190  9.02 127.650985  70.795637 10.558
 83     7.629 55110.13266254  8.08 127.646225  70.792677 10.558
 83     7.397 55110.13266319  9.02 127.641465  70.789717 10.558
 83     7.384 55110.13266383  7.86 127.636715  70.786757 10.558
 83     7.325 55110.13266448  8.12 127.631955  70.783797 10.558
 83     7.663 55110.13266512  7.36 127.627205  70.780837 10.558
 83     7.219 55110.13266576  8.44 127.622445  70.777877 10.558
 83     7.256 55110.13266641  9.32 127.617695  70.774917 10.558
 83     7.547 55110.13266705  9.53 127.612945  70.771957 10.558
 83     8.053 55110.13266770 10.42 127.608195  70.768997 10.558
 83     9.465 55110.13266834 10.79 127.603445  70.766037 10.558
 83    10.140 55110.13266899 12.74 127.598705  70.763077 10.558
 84     6.384 55145.13266133 15.12 127.664719  70.814605  9.162
 84     6.743 55145.13266197 17.34 127.659959  70.811645  9.162
 84     6.229 55145.13266262 15.10 127.655190  70.808678 12.756
 84     5.814 55145.13266326 14.89 127.650430  70.805728 12.756
 84     6.237 55145.13266391 13.76 127.645660  70.802768 12.756
 84     6.043 55145.13266455 13.74 127.640900  70.799808 12.756
 84     5.875 55145.13266520 13.51 127.636140  70.796848 12.756
 84     5.961 55145.13266584 14.27 127.631380  70.793888 12.756
 84     5.608 55145.13266649 13.95 127.626630  70.790928 12.756
 84     5.805 55145.13266713 13.48 127.621870  70.787968 12.756
 84     5.569 55145.13266778 14.03 127.617120  70.785008 12.756
 84     5.906 55145.13266842 14.22 127.612370  70.782048 12.756
 84     4.337 55145.13266907 17.56 127.607610  70.779088 12.756
 84     4.512 55145.13266971 19.16 127.602860  70.776128 12.756
 84     4.628 55145.13267035 19.13 127.598110  70.773168 12.756
 84     4.443 55145.13267100 18.65 127.593370  70.770208 12.756
 84     4.950 55145.13267164 18.18 127.588620  70.767248 12.756
 84     4.845 55145.13267229 18.22 127.583880  70.764288 12.756
 84     4.333 55145.13267293 16.79 127.579130  70.761328 12.756
 84    15.426 55145.13267358 15.90 127.574390  70.758368 12.756
 85     6.947 55180.13263573  2.91 127.673120  70.803976  5.678
 85     6.137 55180.13263638  3.22 127.668350  70.801016  5.678
 85     5.519 55180.13263702  3.29 127.663590  70.798056  5.678
 85     5.423 55180.13263766  3.35 127.658830  70.795106  5.678
 85     5.445 55180.13263831  2.88 127.654060  70.792146  5.678
 85     4.938 55180.13263895  3.28 127.649300  70.789186  5.678
 85     5.061 55180.13263960  2.97 127.644550  70.786226  5.678
 85     4.584 55180.13264024  3.10 127.639790  70.783266  5.678
 85     4.604 55180.13264089  2.75 127.635030  70.780306  5.678
 85     4.612 55180.13264153  4.15 127.630280  70.777346  5.678
 85     4.317 55180.13264218  5.00 127.625530  70.774386  5.678
 85     4.407 55180.13264282  5.72 127.620770  70.771426  5.678
 85     5.619 55180.13264347  3.77 127.616020  70.768466  5.678
 85     6.660 55180.13264411  4.24 127.611270  70.765506  5.678
 86    11.112 55215.13265564  1.48 127.667098  70.815368  4.283
 86    10.826 55215.13265629  1.28 127.662328  70.812408  4.283
 86     9.654 55215.13265693  1.94 127.657568  70.809458  4.283
 86     8.708 55215.13265758  1.26 127.652798  70.806498  4.283
 86     8.174 55215.13265822  2.13 127.648038  70.803538  4.283
 86     7.807 55215.13265886  1.96 127.643278  70.800578  4.283
 86     7.999 55215.13265951  1.99 127.638518  70.797618  4.283
 86     8.429 55215.13266015  1.68 127.633758  70.794658  4.283
 86     7.327 55215.13266080  1.52 127.629003  70.791698  4.160
 86     6.844 55215.13266144  1.72 127.624243  70.788738  4.160
 86     5.537 55215.13266209  2.30 127.619493  70.785778  4.160
 86     5.334 55215.13266273  2.20 127.614733  70.782818  4.160
 86     5.294 55215.13266338  2.89 127.609983  70.779858  4.160
 86     5.459 55215.13266402  3.34 127.605233  70.776898  4.160
 86     6.923 55215.13266467  3.23 127.600483  70.773938  4.160
 86     7.814 55215.13266531  2.87 127.595733  70.770978  4.160
 86     8.560 55215.13266596  3.84 127.590993  70.768018  4.160
 86     9.415 55215.13266660  4.20 127.586243  70.765058  4.160
 86    10.035 55215.13266725  4.19 127.581503  70.762098  4.160
 86    13.300 55215.13266789  2.84 127.576763  70.759138  4.160
 87     9.662 55250.13263274  0.50 127.670035  70.806247  3.602
 87     9.919 55250.13263339  0.52 127.665265  70.803287  3.602
 87     7.689 55250.13263403  0.71 127.660505  70.800327  3.602
 87    35.303 55250.13263468  0.71 127.655745  70.797377  3.602
 87    38.600 55250.13263532  0.64 127.650985  70.794417  3.602
 87     7.970 55250.13263597  1.06 127.646225  70.791457  3.602
 87    40.437 55250.13263661  0.85 127.641465  70.788497  3.602
 87    45.451 55250.13263726  0.25 127.636705  70.785537  3.602
 87    47.503 55250.13263790  0.28 127.631955  70.782577  3.602
 87    46.803 55250.13263855  0.82 127.627195  70.779617  3.602
 87    49.072 55250.13263919  0.38 127.622445  70.776657  3.602
 87    47.797 55250.13263984  1.65 127.617695  70.773697  3.602
 87    46.199 55250.13264048  0.93 127.612945  70.770737  3.602
 87    46.920 55250.13264112  1.28 127.608195  70.767777  3.602
 87    33.191 55250.13264177  1.46 127.603445  70.764817  3.602
 88    12.776 55285.13264917  0.32 127.663561  70.817136  3.578
 88    10.726 55285.13264981  0.57 127.658801  70.814176  3.578
 88     9.029 55285.13265046  0.94 127.654031  70.811216  3.578
 88    33.075 55285.13265110  0.31 127.649271  70.808256  3.578
 88    33.156 55285.13265174  0.57 127.644507  70.805301  3.524
 88     8.053 55285.13265239  1.31 127.639747  70.802341  3.524
 88     6.685 55285.13265303  1.44 127.634987  70.799381  3.524
 88    37.944 55285.13265368  1.44 127.630227  70.796421  3.524
 88    38.862 55285.13265432  0.39 127.625467  70.793461  3.524
 88    42.470 55285.13265497  0.64 127.620717  70.790501  3.524
 88    44.536 55285.13265561  0.42 127.615957  70.787541  3.524
 88    44.240 55285.13265626  1.09 127.611207  70.784581  3.524
 88    45.918 55285.13265690  0.65 127.606457  70.781621  3.524
 88    47.215 55285.13265755  1.01 127.601707  70.778661  3.524
 88    46.665 55285.13265819  0.97 127.596957  70.775701  3.524
 88    46.407 55285.13265884  0.89 127.592207  70.772741  3.524
 88    70.223 55285.13265948  0.71 127.587457  70.769781  3.524
 88    68.111 55285.13266013  1.48 127.582717  70.766821  3.524
 88    45.494 55285.13266077  1.78 127.577967  70.763861  3.524
 88    44.871 55285.13266142  1.59 127.573227  70.760901  3.524
 88    73.226 55285.13266206  1.36 127.568487  70.757941  3.524
 91     9.391 55390.13262683 22.93 127.648089  70.794444  9.391
 91     9.616 55390.13262748 21.99 127.643329  70.791484  9.391
 91    10.384 55390.13262812 21.82 127.638569  70.788524  9.391
 91    10.664 55390.13262876 22.17 127.633809  70.785564  9.391
 91    11.308 55390.13262941 21.09 127.629059  70.782604  9.391
 91    11.389 55390.13263005 19.85 127.624299  70.779644  9.391
 91    11.284 55390.13263070 21.36 127.619549  70.776684  9.391
 91    10.916 55390.13263134 21.44 127.614799  70.773724  9.391
 91    10.217 55390.13263199 22.53 127.610049  70.770764  9.391
 91     8.576 55390.13263263 23.50 127.605299  70.767804  9.391
 91     9.747 55390.13263328 24.26 127.600549  70.764844  9.391
 91    13.083 55390.13263392 25.32 127.595809  70.761884  9.391
 92     8.909 55425.13264200 14.68 127.655459  70.805555  8.965
 92     8.830 55425.13264264 13.24 127.650699  70.802595  8.965
 92    10.439 55425.13264329  9.65 127.645939  70.799635  8.965
 92    10.551 55425.13264393  8.88 127.641179  70.796675  8.965
 92    10.557 55425.13264458  7.02 127.636419  70.793715  8.965
 92    10.963 55425.13264522  7.23 127.631659  70.790755  8.965
 92    10.541 55425.13264586  6.39 127.626909  70.787795  8.965
 92    11.363 55425.13264651  6.24 127.622149  70.784835  8.965
 92    10.232 55425.13264715  6.98 127.617399  70.781875  8.965
 92    10.580 55425.13264780  6.32 127.612649  70.778915  8.965
 92    11.171 55425.13264844  7.06 127.607889  70.775955  8.965
 92    10.806 55425.13264909  6.79 127.603149  70.772995  8.965
 92    12.255 55425.13264973  7.66 127.598399  70.770035  8.965
 92    14.378 55425.13265038  8.64 127.593649  70.767075  8.965
 92    16.066 55425.13265102  9.30 127.588909  70.764115  8.965
 92    24.190 55425.13265167  9.35 127.584159  70.761155  8.965
 92    23.574 55425.13265231 12.65 127.579419  70.758195  8.965
 93    10.077 55460.13260918 16.26 127.661014  70.815765  7.915
 93    10.532 55460.13260982 12.86 127.656244  70.812805  7.915
 93    11.115 55460.13261047 12.13 127.651484  70.809845  7.915
 93     9.950 55460.13261111 11.93 127.646724  70.806885  7.915
 93    11.310 55460.13261176 10.38 127.641963  70.803928  8.091
 93    10.228 55460.13261240  9.85 127.637203  70.800968  8.091
 93    10.541 55460.13261304  8.72 127.632443  70.798008  8.091
 93    10.242 55460.13261369  8.66 127.627683  70.795048  8.091
 93     9.781 55460.13261433  7.45 127.622923  70.792088  8.091
 93     8.984 55460.13261498  7.81 127.618173  70.789128  8.091
 93     9.565 55460.13261562  6.93 127.613423  70.786168  8.091
 93     9.672 55460.13261627  6.81 127.608663  70.783208  8.091
 93     9.906 55460.13261691  6.71 127.603913  70.780248  8.091
 93     9.824 55460.13261756  7.77 127.599163  70.777288  8.091
 93     8.597 55460.13261820  8.90 127.594423  70.774328  8.091
 93     9.811 55460.13261885  7.82 127.589673  70.771368  8.091
 93     8.737 55460.13261949 10.72 127.584923  70.768408  8.091
 93    14.801 55460.13262014  9.61 127.580183  70.765448  8.091
 93     8.472 55460.13262078 14.04 127.575443  70.762488  8.091
 93    13.664 55460.13262143 12.58 127.570703  70.759528  8.091
 93    11.082 55460.13262207 15.76 127.565963  70.756568  8.091
