# NaN NaN NaN ;Mean Elev.(m), Avg Gradient(m/km), RMS Gradient(m/km) - SRTM1     
#   11.005  -0.011   2.785 ;Mean Elev.(m), Avg Gradient(m/km), RMS Gradient(m/km) - ASTER GDEM
#   21.000  -0.000   1.463 ;Mean Elev.(m), Avg Gradient(m/km), RMS Gradient(m/km) - GMTED2010 
  8 123.194724  67.254937    26.776    26.485 28 52499.51650314 28.320
 10 123.204422  67.234514    24.890    24.931 11 52569.51651622 38.534
 11 123.191937  67.255794    26.744    26.409 28 52604.51650248 18.913
 13 123.193225  67.254408    26.904    26.536 28 52674.51647944 14.130
 14 123.205754  67.229042    29.575    29.981  5 52709.51649060 12.410
 18 123.204349  67.228810    29.027    28.863  5 52849.51659170 27.086
 19 123.204475  67.236097    27.528    27.144 14 52884.51662840 28.720
 20 123.197822  67.253277    26.996    26.976 27 52919.51658790 20.207
 21 123.208559  67.227280    24.809    24.804  6 52954.51654630 19.878
 22 123.190547  67.256113    27.533    27.339 28 52989.51656163 15.896
 23 123.204018  67.252663    26.119    26.003 26 53024.51654187 15.482
 24 123.192019  67.253580    28.337    28.205 28 53059.51653991 11.823
 25 123.191142  67.254838    28.536    28.332 28 53094.51657800 10.720
 26 123.206165  67.234139    28.230    27.765 13 53129.51654586 10.382
 28 123.202863  67.238571    30.412    30.411 16 53199.51661671 31.290
 29 123.203707  67.252500    29.139    29.140 25 53234.51658911 42.570
 32 123.191332  67.254689    27.521    27.409 27 53339.51658533 13.172
 33 123.208947  67.251648    26.819    26.627 26 53374.51651581 11.465
 34 123.202922  67.238697    29.499    29.800 16 53409.51655611 10.667
 35 123.207569  67.252087    26.980    26.882 26 53444.51654170  9.772
 37 123.194546  67.247630    36.023    36.033 23 53514.51662777 52.713
 38 123.201158  67.240901    30.606    30.656 18 53549.51664524 48.637
 39 123.193606  67.255046    30.613    30.666 28 53584.51661041 19.904
 40 123.206093  67.251672    29.834    29.742 25 53619.51656627 18.310
 41 123.207279  67.229449    26.402    26.402  7 53654.51658828 44.922
 42 123.194628  67.247512    24.074    24.157 22 53689.51658698 26.389
 43 123.207944  67.253448    24.760    24.747 26 53724.51651215 19.467
 44 123.207738  67.231548    29.089    29.909 10 53759.51645071 14.100
 45 123.198316  67.254115    26.895    26.481 27 53794.51647401 13.415
 46 123.202893  67.229395    32.116    32.175  4 53829.51644534  9.676
 47 123.205430  67.228386    29.487    29.275  5 53864.51652452 19.015
 48 123.204002  67.236566    34.473    34.517 15 53899.51655163 50.475
 49 123.205568  67.229524    30.801    30.834  6 53934.51659392 21.671
 50 123.189344  67.253233    27.264    27.056 27 53969.51656862 26.380
 52 123.201919  67.238025    25.495    25.597 14 54039.51657179 32.979
 53 123.191284  67.254865    26.527    26.359 28 54074.51656952 34.398
 54 123.208594  67.251426    25.925    25.839 26 54109.51651352 19.525
 55 123.208200  67.228507    25.111    24.869  7 54144.51650244 16.272
 56 123.201733  67.252727    26.541    26.540 27 54179.51649872 14.955
 57 123.207292  67.229893    26.678    26.553  7 54214.51651053 13.082
 58 123.203877  67.235965    35.964    36.205 14 54249.51653946 26.747
 59 123.189951  67.254357    31.040    31.034 28 54284.51655061 18.026
 60 123.191621  67.253388    29.855    29.865 28 54319.51654777 48.076
 61 123.203320  67.251806    27.735    27.661 26 54354.51651032 25.565
 62 123.194672  67.247290    26.201    26.252 22 54389.51648685 46.631
 63 123.193133  67.254953    26.668    26.861 28 54424.51646098 18.162
 64 123.208500  67.227882    30.400    30.404  6 54459.51645854 12.925
 65 123.195734  67.254014    27.733    27.195 27 54494.51646562 12.616
 66 123.205204  67.235098    30.661    31.342 12 54529.51647273  9.101
 67 123.203601  67.251708    28.115    28.142 26 54564.51647188  8.619
 68 123.199973  67.241663    25.484    25.347 19 54599.51646972 30.507
 69 123.199868  67.241924    32.702    32.728 18 54634.51648220 28.010
 70 123.189439  67.253768    28.272    28.184 27 54669.51648932 31.937
 71 123.199778  67.253052    29.856    29.896 27 54704.51645235 20.148
 72 123.210121  67.228035    29.331    29.327  7 54739.51644672 50.608
 73 123.194226  67.255218    24.499    24.547 28 54774.51643386 39.937
 74 123.204946  67.228204    25.562    25.568  4 54809.51644039 18.637
 75 123.192148  67.255507    26.189    26.084 28 54844.51643253 16.874
 76 123.208555  67.230819    26.426    26.192 10 54879.51644395 14.759
 77 123.198753  67.253233    26.482    26.163 27 54914.51643578 12.131
 78 123.205276  67.233957    27.519    26.876 11 54949.51643728 36.019
 79 123.203413  67.237062    33.932    33.989 15 54984.51646285 28.866
 80 123.188981  67.254966    30.263    30.192 28 55019.51646204 19.520
 81 123.192951  67.253804    28.284    28.289 28 55054.51645811 23.780
 82 123.200083  67.253120    27.385    27.387 27 55089.51641797 50.825
 83 123.206783  67.234167    27.383    27.395 13 55124.51639138 48.985
 84 123.192804  67.255003    25.903    25.926 27 55159.51637944 32.899
 85 123.207251  67.227099    27.919    26.459  5 55194.51638037 18.789
 86 123.196037  67.255026    25.687    25.714 27 55229.51638163 17.821
 87 123.202186  67.239916    25.941    25.660 17 55264.51637793 16.126
 88 123.201264  67.252665    25.003    25.112 27 55299.51636400 15.407
 89 123.190710  67.253297    26.001    25.705 28 55334.51635812 42.684
 90 123.190678  67.254787    30.386    30.384 28 55369.51634930 22.730
 91 123.209203  67.229796    29.384    29.203  9 55404.51636153 26.142
 92 123.192963  67.255198    27.327    26.815 28 55439.51636780 37.825
 93 123.204083  67.252472    27.190    27.070 26 55474.51631281 20.340
