# NaN NaN NaN ;Mean Elev.(m), Avg Gradient(m/km), RMS Gradient(m/km) - SRTM1     
#   11.249   0.918  14.333 ;Mean Elev.(m), Avg Gradient(m/km), RMS Gradient(m/km) - ASTER GDEM
#   21.151  -1.436  12.788 ;Mean Elev.(m), Avg Gradient(m/km), RMS Gradient(m/km) - GMTED2010 
  7 123.135283  67.896034   107.778   107.928  7 52445.51467300  1.773
  8 123.140232  67.900776   108.727   108.799  7 52480.51466567  5.273
  9 123.143049  67.915287   111.096   111.896 11 52515.51461781  6.706
 10 123.136814  67.889408    23.021    23.009  6 52550.51465996 37.814
 11 123.148264  67.904668    21.339    21.309  7 52585.51463709 24.531
 12 123.138295  67.913307    23.213    23.238 12 52620.51462044 14.866
 15 123.129381  67.911290    28.041    27.485 11 52725.51464807  5.677
 17 123.129586  67.904235   109.213   109.350 11 52795.51462164  8.639
 18 123.133765  67.901532   108.416   108.509  8 52830.51468766  3.680
 19 123.142906  67.902661    22.741    22.868  8 52865.51473155 23.333
 20 123.135886  67.910109   109.260   109.543 12 52900.51476187  4.389
 21 123.150481  67.905731    21.615    21.769  6 52935.51470278 42.889
 22 123.140321  67.895683    22.007    21.990  5 52970.51472182 19.258
 28 123.134500  67.910683   109.567   109.526 13 53180.51474583  6.144
 29 123.130662  67.909417    28.878    28.879 12 53215.51476801 11.314
 30 123.155637  67.899896    23.167    22.446  3 53250.51474005 39.273
 31 123.136487  67.889626    24.182    24.304  6 53285.51473350 26.641
 32 123.146690  67.901097    22.665    22.641  6 53320.51471597 17.891
 33 123.120696  67.934162    41.675    42.643  4 53355.51469132  6.381
 35 123.116048  67.931585    43.887    43.887  2 53425.51469773  0.990
 37 123.137183  67.895732    22.177    22.376  6 53495.51478108 29.872
 38 123.136271  67.913348   109.901   110.346 12 53530.51476044  4.595
 39 123.132915  67.909163    27.675    27.792 13 53565.51478794 13.531
 41 123.132620  67.895310   107.904   108.311  9 53635.51472521  7.394
 42 123.141970  67.895040    21.171    21.213  5 53670.51474611 40.683
 43 123.141134  67.915254    22.469    22.436 12 53705.51468396 15.159
 44 123.135057  67.931556    29.286    24.519 12 53740.51459918 11.304
 47 123.130070  67.900489    25.598    25.841  9 53845.51464191  5.026
 48 123.133908  67.906334   109.147   109.192 12 53880.51466916 11.802
 49 123.140019  67.896544   108.112   108.097  6 53915.51472523  1.556
 50 123.147495  67.892523   108.735   108.735  2 53950.51473275  1.390
 51 123.153990  67.902509   108.105   107.354  4 53985.51467072  4.381
 52 123.141244  67.893883    25.100    25.224  5 54020.51470836 36.115
 53 123.146722  67.902538    21.353    21.343  6 54055.51470094 23.328
 54 123.148230  67.906503    22.740    22.735  6 54090.51468867 16.702
 55 123.126871  67.901943    22.734    22.694 11 54125.51461708 10.799
 56 123.132602  67.909943    22.230    21.936 12 54160.51465708  9.359
 57 123.129305  67.902180    24.693    24.907 11 54195.51461871  6.805
 59 123.133390  67.907957   110.413   110.021 11 54265.51468704  5.496
 60 123.135600  67.908451   108.534   108.741 11 54300.51469146  5.647
 61 123.135040  67.913864   109.169   109.281 12 54335.51468125  5.942
 63 123.148551  67.899395    21.197    21.484  4 54405.51462265 44.475
 64 123.134170  67.892822    22.558    22.582  8 54440.51457951 11.628
 65 123.131768  67.909611    22.739    22.774 12 54475.51461218 10.938
 69 123.134543  67.909696   110.395   110.465 12 54615.51461581  8.635
 70 123.140470  67.899716   107.776   107.895  8 54650.51462612  3.391
 72 123.137174  67.893711   107.718   107.560  7 54720.51456964  2.872
 73 123.146115  67.897801    23.589    23.580  5 54755.51459351 38.441
 74 123.138601  67.890979    22.642    22.655  5 54790.51456249 23.223
 75 123.144181  67.896147    22.721    22.676  4 54825.51458969 17.655
 77 123.144067  67.902916    20.763    20.915  7 54895.51459185 12.473
 78 123.127939  67.903018    21.771    21.611 11 54930.51455659  9.644
 79 123.140261  67.902584   109.589   109.534  9 54965.51459248  3.567
 80 123.135171  67.905329   108.043   109.002 11 55000.51461314  7.121
 81 123.140224  67.902422   107.427   107.099  8 55035.51459800  4.313
 82 123.148282  67.904516   108.095   108.714  6 55070.51458778  4.463
 83 123.131070  67.898485    28.234    28.105 10 55105.51452943 15.690
 84 123.148288  67.898013    21.841    21.880  5 55140.51453518 34.760
 85 123.129928  67.899164    21.979    22.057 10 55175.51449729 15.758
 86 123.132369  67.907956    21.915    21.863 12 55210.51453246 14.613
 87 123.129237  67.903612    22.274    22.722 11 55245.51450379 11.526
 88 123.134121  67.912281    21.844    21.889 13 55280.51452697 10.879
 89 123.130707  67.909223    24.506    24.380 12 55315.51449274 12.073
 90 123.134948  67.912211   109.753   110.291 13 55350.51449844  6.661
 91 123.130635  67.900318   107.732   107.974  9 55385.51449031  5.487
 92 123.148049  67.896781   107.664   107.851  3 55420.51451383  1.492
 93 123.152232  67.902460   107.722   106.374  5 55455.51449111  5.221
 94 123.157600  67.907556    21.211    21.217  4 55490.51440984 39.809
