# NaN NaN NaN ;Mean Elev.(m), Avg Gradient(m/km), RMS Gradient(m/km) - SRTM1     
#   57.189   0.348   3.748 ;Mean Elev.(m), Avg Gradient(m/km), RMS Gradient(m/km) - ASTER GDEM
#   34.268   1.072   9.364 ;Mean Elev.(m), Avg Gradient(m/km), RMS Gradient(m/km) - GMTED2010 
  8    64.792 52496.51176902 29.16 128.163962  63.721642 38.237
  8    66.059 52496.51176967 29.36 128.161222  63.724772 38.237
  9    68.425 52531.51175573 22.55 128.138583  63.720787 30.248
  9    67.722 52531.51175638 22.44 128.135853  63.723917 30.248
  9    65.833 52531.51175702 26.53 128.133113  63.727037 30.248
 11    68.162 52601.51178855 23.90 128.158231  63.720204  7.794
 11    67.419 52601.51178919 24.19 128.155491  63.723334  7.794
 12    68.511 52636.51175322 15.36 128.145742  63.718743  3.055
 12    68.146 52636.51175387 15.88 128.143002  63.721873  3.055
 12    67.592 52636.51175451 16.39 128.140272  63.724993  3.055
 12    67.098 52636.51175515 15.75 128.137532  63.728123  3.055
 16    64.050 52776.51173208 37.61 128.174737  63.720079 16.603
 16    63.982 52776.51173272 42.28 128.172007  63.723209 16.603
 17    67.162 52811.51181024 51.55 128.143765  63.718936 27.081
 17    67.252 52811.51181089 52.07 128.141035  63.722056 27.081
 17    67.232 52811.51181153 51.46 128.138295  63.725186 27.081
 17    67.164 52811.51181218 52.99 128.135565  63.728306 27.081
 18    65.481 52846.51186527 51.42 128.146590  63.718997 31.566
 18    65.532 52846.51186591 51.50 128.143860  63.722127 31.566
 18    65.533 52846.51186656 48.97 128.141120  63.725247 31.566
 18    65.318 52846.51186720 50.10 128.138380  63.728377 31.566
 19    68.183 52881.51190203 32.00 128.154190  63.719235 30.846
 19    64.853 52881.51190267 22.46 128.151460  63.722365 30.846
 20    65.098 52916.51185897 52.25 128.167800  63.720306 20.326
 20    65.195 52916.51185961 51.72 128.165070  63.723426 20.326
 21    68.362 52951.51182051 19.37 128.146407  63.721253  3.521
 21    67.165 52951.51182180 18.96 128.140927  63.727503  3.521
 28    66.738 53196.51188673 50.18 128.158618  63.720045 22.517
 28    66.872 53196.51188737 47.70 128.155888  63.723165 22.517
 30    69.431 53266.51183783 24.46 128.172167  63.719609 31.095
 30    69.032 53266.51183848 19.74 128.169437  63.722739 31.095
 31    65.157 53301.51189052 37.91 128.139077  63.721229 10.133
 31    64.972 53301.51189117 33.15 128.136337  63.724349 10.133
 31    64.999 53301.51189181 29.33 128.133607  63.727479 10.133
 32    68.696 53336.51186008 11.75 128.159427  63.719512  2.952
 32    68.026 53336.51186072 12.78 128.156697  63.722642  2.952
 35   102.367 53441.51181887  8.73 128.169278  63.721491  7.154
 35   103.387 53441.51181952  9.70 128.166548  63.724621  7.154
 36    68.215 53476.51188752  4.97 128.145389  63.720573  2.126
 36    67.817 53476.51188817  4.94 128.142649  63.723703  2.126
 36    67.114 53476.51188881  4.78 128.139919  63.726823  2.126
 39    67.810 53581.51188981 52.58 128.163143  63.719412 21.685
 39    67.882 53581.51189046 48.52 128.160403  63.722532 21.685
 40    68.847 53616.51184512 25.72 128.166991  63.720638 19.650
 40    66.668 53616.51184576 34.77 128.164261  63.723768 19.650
 42    68.388 53686.51186620 15.86 128.153679  63.720494  2.697
 42    67.823 53686.51186684 16.60 128.150939  63.723624  2.697
 45   101.846 53791.51174785 12.48 128.164863  63.719807  7.704
 45   102.917 53791.51174849 13.00 128.162133  63.722937  7.704
 46   102.266 53826.51171054 10.97 128.147374  63.720583  5.787
 46   103.375 53826.51171119 11.50 128.144644  63.723703  5.787
 46   104.296 53826.51171183 12.26 128.141904  63.726833  5.787
 47    64.248 53861.51179995 38.28 128.148162  63.719512 21.847
 47    64.292 53861.51180059 43.85 128.145429  63.722644 14.631
 47    64.311 53861.51180124 40.34 128.142689  63.725774 14.631
 49    68.198 53931.51187062 33.58 128.149462  63.718819 30.982
 49    65.872 53931.51187127 21.61 128.146730  63.721946 14.076
 50    65.700 53966.51184612 50.94 128.156789  63.718976 36.221
 50    65.736 53966.51184677 52.79 128.154059  63.722096 36.221
 51    67.854 54001.51180843 49.98 128.143855  63.718619 25.231
 51    67.740 54001.51180907 54.33 128.141125  63.721749 25.231
 51    67.813 54001.51180972 50.78 128.138385  63.724869 25.231
 51    67.796 54001.51181036 52.20 128.135655  63.727999 25.231
 52    68.531 54036.51184848 16.25 128.154878  63.720614  5.794
 52    68.061 54036.51184913 15.97 128.152138  63.723734  5.794
 57    63.846 54211.51178323 12.74 128.151605  63.719052 12.045
 57    63.891 54211.51178387 11.61 128.148865  63.722182 12.045
 60    66.590 54316.51182177 25.63 128.161305  63.720791 31.067
 60    66.838 54316.51182241 30.69 128.158575  63.723921 31.067
 61    65.550 54351.51178843 48.97 128.166998  63.719708 35.085
 61    65.416 54351.51178908 50.72 128.164268  63.722838 35.085
 62    64.681 54386.51176089 49.03 128.155566  63.719640 27.606
 62    64.723 54386.51176153 55.48 128.152836  63.722770 27.606
 64    68.556 54456.51173433 11.30 128.146428  63.720808  2.756
 64    68.366 54456.51173562 11.35 128.140958  63.727058  2.756
 66   103.019 54526.51174679  8.66 128.154004  63.720224  5.344
 66   103.842 54526.51174744  8.27 128.151274  63.723344  5.344
 67   103.701 54561.51174837  7.34 128.165265  63.720278  6.683
 67   104.517 54561.51174901  7.31 128.162535  63.723398  6.683
 69    69.215 54631.51175611 27.23 128.156488  63.719682 25.566
 69    67.822 54631.51175676 27.65 128.153758  63.722802 25.566
 71    68.874 54701.51173034 18.98 128.167594  63.721086  9.328
 71    66.808 54701.51173098 27.10 128.164854  63.724216  9.328
 72    65.904 54736.51172254 35.44 128.148556  63.720364 25.794
 72    66.116 54736.51172319 30.63 128.145826  63.723484 25.794
 72    66.373 54736.51172383 31.61 128.143086  63.726614 25.794
 73    64.249 54771.51171094 31.31 128.162258  63.720973  9.511
 73    63.946 54771.51171159 33.09 128.159528  63.724103  9.511
 74    68.457 54806.51171608 11.90 128.147970  63.719606  2.106
 74    67.998 54806.51171672 11.91 128.145240  63.722726  2.106
 74    67.177 54806.51171736 12.10 128.142500  63.725856  2.106
 77   101.773 54911.51171189  7.90 128.165393  63.720048  5.763
 77   103.309 54911.51171253  8.28 128.162663  63.723168  5.763
 80    67.191 55016.51173689 49.50 128.156851  63.721102 24.991
 80    67.028 55016.51173754 32.48 128.154121  63.724232 24.991
 81    65.469 55051.51173140 26.20 128.160395  63.719599 22.293
 81    65.322 55051.51173205 40.38 128.157655  63.722729 22.293
 82    69.205 55086.51169588 20.39 128.168783  63.719852 26.084
 82    65.196 55086.51169653 32.50 128.166053  63.722982 26.084
 83    68.552 55121.51166567 25.32 128.152721  63.719406 22.855
 83    65.691 55121.51166631 27.27 128.149981  63.722536 22.855
 84    68.005 55156.51165621 23.51 128.162122  63.720182  5.494
 84    67.305 55156.51165686 22.37 128.159382  63.723302  5.494
 85    68.652 55191.51165536 16.99 128.148731  63.719121  3.310
 85    68.044 55191.51165601 17.31 128.146001  63.722251  3.310
 85    67.537 55191.51165665 17.20 128.143261  63.725381  3.310
 86    68.078 55226.51165710 15.31 128.161168  63.721098  3.238
 86    66.332 55226.51165775 16.75 128.158428  63.724228  3.238
 89    64.431 55331.51163130 33.24 128.156862  63.719839 25.275
 89    64.320 55331.51163194 43.97 128.154132  63.722969 25.275
 90    66.747 55366.51162416 23.74 128.161310  63.721411 37.652
 90    66.945 55366.51162480 31.99 128.158570  63.724541 37.652
 91    65.330 55401.51163763 25.89 128.149720  63.720020 35.744
 91    65.184 55401.51163827 27.63 128.146980  63.723150 35.744
 92    64.816 55436.51164154 38.24 128.161600  63.721184 17.607
 92    66.382 55436.51164218 43.75 128.158870  63.724304 17.607
 93    64.758 55471.51159217 34.69 128.170820  63.719912 12.986
 93    65.511 55471.51159281 32.40 128.168090  63.723042 12.986
