# NaN NaN NaN ;Mean Elev.(m), Avg Gradient(m/km), RMS Gradient(m/km) - SRTM1     
#   96.064 -21.890  46.348 ;Mean Elev.(m), Avg Gradient(m/km), RMS Gradient(m/km) - ASTER GDEM
#   86.042 -13.711  38.037 ;Mean Elev.(m), Avg Gradient(m/km), RMS Gradient(m/km) - GMTED2010 
  8   111.862 52486.52122320  2.15 126.677208  61.093595 13.092
  8   113.427 52486.52122384  3.08 126.674878  61.096755 13.092
  8   102.814 52486.52122449 12.97 126.672548  61.099905 13.092
  8   129.618 52486.52122513 22.61 126.670218  61.103065 13.092
  8   112.805 52486.52122577 21.65 126.667878  61.106225 13.092
  9   102.130 52521.52119149 16.88 126.680784  61.093102  6.670
  9   103.686 52521.52119213 17.54 126.678446  61.096254 15.660
  9   104.328 52521.52119278 18.86 126.676116  61.099414 15.660
  9   103.669 52521.52119342 25.55 126.673786  61.102574 15.660
  9   102.697 52521.52119407 31.52 126.671456  61.105734 15.660
 11   106.470 52591.52123518 17.53 126.672149  61.092059 18.367
 11   105.843 52591.52123582 19.82 126.669819  61.095219 18.367
 11   105.201 52591.52123647 20.72 126.667489  61.098379 18.367
 11   106.378 52591.52123711 20.16 126.665159  61.101539 18.367
 12   107.062 52626.52115385 12.18 126.670604  61.092689 17.732
 12   106.616 52626.52115449 12.18 126.668274  61.095849 17.732
 12   106.660 52626.52115514 13.92 126.665934  61.098999 17.732
 12   107.476 52626.52115578 13.78 126.663604  61.102159 17.732
 13   100.183 52661.52119897 13.82 126.675272  61.091161  8.002
 13   100.839 52661.52119961 13.34 126.672943  61.094321  7.092
 13   100.926 52661.52120026 12.80 126.670613  61.097481  7.092
 13   101.385 52661.52120090 14.00 126.668273  61.100631  7.092
 13   101.301 52661.52120155 14.47 126.665943  61.103791  7.092
 14   122.929 52696.52117741  8.66 126.664689  61.091413  7.511
 14   105.564 52696.52117806  7.15 126.662359  61.094573  7.511
 14   105.935 52696.52117870  8.04 126.660029  61.097733  7.511
 14   105.925 52696.52117935  8.71 126.657689  61.100893  7.511
 15    99.643 52731.52120318 10.16 126.681746  61.093041  3.431
 15   100.013 52731.52120382 10.55 126.679416  61.096201  3.431
 15   100.174 52731.52120447 11.20 126.677086  61.099351  3.431
 15   100.568 52731.52120511 11.02 126.674756  61.102511  3.431
 15    99.985 52731.52120575 11.51 126.672426  61.105671  3.431
 15    99.816 52731.52120640 11.41 126.670086  61.108831  3.431
 18   165.060 52836.52128305  0.49 126.663845  61.099272  9.573
 18   198.254 52836.52128370  0.14 126.661505  61.102432  9.573
 24    99.297 53046.52126702  7.30 126.658632  61.100068  4.840
 24    99.253 53046.52126767  8.16 126.656292  61.103228  4.840
 27   166.930 53151.52131838  7.62 126.667968  61.091058  9.373
 27   174.021 53151.52131902  4.10 126.665638  61.094218  9.373
 27   176.231 53151.52131967  2.44 126.663308  61.097378  9.373
 27   178.677 53151.52132031  2.16 126.660968  61.100538  9.373
 28   107.635 53186.52130545 19.08 126.676536  61.097219  2.703
 28   108.028 53186.52130609 22.45 126.674201  61.100378  7.017
 28   108.066 53186.52130674 22.57 126.671871  61.103528  7.017
 28   109.775 53186.52130738 22.21 126.669541  61.106688  7.017
 29   107.979 53221.52133122 27.98 126.675637  61.097252  3.777
 29   108.362 53221.52133187 29.81 126.673298  61.100403 12.283
 29   109.141 53221.52133251 29.80 126.670968  61.103563 12.283
 29   108.507 53221.52133316 29.68 126.668638  61.106723 12.283
 30   107.099 53256.52130739 23.26 126.676777  61.096520  5.131
 30   108.290 53256.52130804 32.99 126.674447  61.099680  5.131
 30   107.277 53256.52130868 40.46 126.672118  61.102832 18.345
 30   100.134 53256.52130932 43.53 126.669788  61.105992 18.345
 31   106.626 53291.52132100 15.51 126.659495  61.088695 18.947
 31   106.628 53291.52132165 14.42 126.657155  61.091845 18.947
 31   107.264 53291.52132229 16.00 126.654825  61.095005 18.947
 31   108.120 53291.52132294 17.18 126.652495  61.098165 18.947
 31   108.645 53291.52132358 16.89 126.650155  61.101325 18.947
 32   108.796 53326.52129585 15.52 126.678353  61.093890 15.167
 32   108.117 53326.52129650 15.15 126.676023  61.097040 15.167
 32   107.377 53326.52129714 16.49 126.673693  61.100200 15.167
 32   107.612 53326.52129779 16.23 126.671363  61.103360 15.167
 32   106.547 53326.52129843 15.76 126.669023  61.106520 15.167
 35   104.397 53431.52126674  4.56 126.677096  61.102845  4.309
 35   104.521 53431.52126738  6.27 126.674766  61.106005  4.309
 35   103.640 53431.52126803  6.99 126.672426  61.109165  4.309
 37   175.945 53501.52135341  0.23 126.668268  61.092118 10.614
 37   176.651 53501.52135406  0.06 126.665938  61.095268 10.614
 37   176.143 53501.52135470  1.12 126.663608  61.098428 10.614
 37   178.494 53501.52135535  2.17 126.661278  61.101588 10.614
 38   109.026 53536.52134408 28.20 126.677000  61.092900 11.205
 38   110.452 53536.52134472 33.69 126.674670  61.096060 11.205
 38   111.427 53536.52134537 34.58 126.672340  61.099220 11.205
 38   109.977 53536.52134601 37.52 126.670000  61.102380 11.205
 38   110.006 53536.52134666 38.72 126.667670  61.105540 11.205
 39   109.647 53571.52135160 33.72 126.668991  61.096578 12.509
 39   108.085 53571.52135225 37.42 126.666661  61.099728 12.509
 39   109.769 53571.52135289 35.01 126.664331  61.102888 12.509
 40   164.277 53606.52129892  8.40 126.685392  61.093596 11.678
 40   169.666 53606.52129957 11.49 126.683062  61.096756 11.678
 40   188.979 53606.52130021 10.89 126.680732  61.099906 11.678
 40   162.094 53606.52130086 12.74 126.678402  61.103066 11.678
 40   161.564 53606.52130150  8.62 126.676072  61.106226 11.678
 41   104.642 53641.52130087 15.73 126.657230  61.098957  9.374
 41   106.434 53641.52130151 16.13 126.654900  61.102117  9.374
 42   108.491 53676.52131852 18.53 126.669001  61.092249 19.234
 42   106.883 53676.52131916 22.08 126.666661  61.095409 19.234
 42   108.418 53676.52131981 18.50 126.664331  61.098559 19.234
 42   109.084 53676.52132045 19.73 126.662001  61.101719 19.234
 43   103.741 53711.52124938  8.20 126.680977  61.101957  5.150
 43   103.688 53711.52125002  9.25 126.678647  61.105117  5.150
 43   104.969 53711.52125067  7.43 126.676317  61.108277  5.150
 47   103.249 53851.52122782  9.39 126.660367  61.094720  7.394
 47   104.512 53851.52122847  9.10 126.658027  61.097880  7.394
 47   105.816 53851.52122911 10.42 126.655697  61.101040  7.394
 48   175.817 53886.52123500  2.10 126.677670  61.097065  6.626
 48   175.875 53886.52123564  2.97 126.675330  61.100215  6.626
 48   180.606 53886.52123629  2.59 126.673000  61.103375  6.626
 48   181.798 53886.52123693  3.25 126.670670  61.106535  6.626
 49   108.464 53921.52130524 17.95 126.664504  61.091374 13.567
 49   108.198 53921.52130589 27.11 126.662174  61.094534 13.567
 49   108.423 53921.52130653 36.59 126.659844  61.097694 13.567
 49   108.275 53921.52130718 41.64 126.657514  61.100854 13.567
 50   107.023 53956.52130110 15.20 126.670148  61.090252 17.280
 50   106.771 53956.52130174 15.72 126.667818  61.093412 17.280
 50   107.628 53956.52130239 16.23 126.665478  61.096572 17.280
 50   108.367 53956.52130303 17.96 126.663148  61.099732 17.280
 50   105.349 53956.52130368 19.49 126.660818  61.102892 17.280
 51   104.704 53991.52122221 14.68 126.661694  61.092521  8.859
 51   105.649 53991.52122285 14.73 126.659364  61.095681  8.859
 51   106.577 53991.52122350 14.65 126.657024  61.098841  8.859
 51   108.868 53991.52122414 16.37 126.654694  61.102001  8.859
 52   111.621 54026.52128670 31.92 126.667953  61.090144 23.108
 52   107.721 54026.52128735 38.57 126.665623  61.093304 23.108
 52   110.090 54026.52128799 33.37 126.663283  61.096464 23.108
 52   108.242 54026.52128864 37.74 126.660953  61.099624 23.108
 52   105.570 54026.52128928 33.98 126.658623  61.102784 23.108
 53   105.649 54061.52127993  9.29 126.681075  61.091904  7.869
 53   106.398 54061.52128057  8.84 126.678745  61.095054  7.869
 53   108.028 54061.52128121  9.52 126.676405  61.098214  7.869
 53   108.832 54061.52128186  9.16 126.674075  61.101374  7.869
 53   107.096 54061.52128250 10.59 126.671745  61.104534  7.869
 53   105.932 54061.52128315 11.07 126.669405  61.107694  7.869
 54   104.021 54096.52125222  7.13 126.684462  61.091731  4.835
 54   104.574 54096.52125287  6.17 126.682122  61.094891  4.835
 54   105.115 54096.52125351  6.73 126.679792  61.098051  4.835
 54   104.618 54096.52125415  7.59 126.677462  61.101211  4.835
 54   105.754 54096.52125480  6.67 126.675132  61.104371  4.835
 54   104.533 54096.52125544  7.31 126.672802  61.107531  4.835
 58   237.376 54236.52124128  2.65 126.672113  61.093453  4.778
 58   236.869 54236.52124193  4.38 126.669783  61.096613  4.778
 58   240.125 54236.52124257  5.80 126.667453  61.099773  4.778
 59   166.328 54271.52126144  3.16 126.676217  61.092960  9.268
 59   107.759 54271.52126337 30.16 126.669217  61.102440  9.268
 59   109.007 54271.52126402 36.91 126.666887  61.105590  9.268
 60   106.087 54306.52126388 32.67 126.673569  61.092959 10.446
 60   105.931 54306.52126453 33.12 126.671229  61.096119 10.446
 60   106.635 54306.52126517 33.18 126.668899  61.099279 10.446
 60   106.810 54306.52126581 33.92 126.666569  61.102439 10.446
 61   105.579 54341.52124485 25.31 126.681563  61.093444 13.079
 61   105.550 54341.52124550 24.55 126.679233  61.096604 13.079
 61   104.398 54341.52124614 27.74 126.676893  61.099764 13.079
 61   105.307 54341.52124679 27.52 126.674563  61.102924 13.079
 61   106.025 54341.52124743 28.28 126.672233  61.106084 13.079
 63   105.497 54411.52119148 20.60 126.676195  61.091923  9.185
 63   105.436 54411.52119213 28.95 126.673865  61.095073  9.185
 63   100.869 54411.52119277 34.86 126.671535  61.098233  9.185
 63   104.026 54411.52119342 24.19 126.669205  61.101393  9.185
 63   103.916 54411.52119406 21.61 126.666865  61.104553  9.185
 64   104.169 54446.52116327  9.25 126.664751  61.092463  5.087
 64   104.672 54446.52116392 11.96 126.662421  61.095623  5.087
 64   104.349 54446.52116456 13.35 126.660081  61.098783  5.087
 64   104.630 54446.52116521 11.84 126.657751  61.101943  5.087
 69   107.402 54621.52119163 17.90 126.674647  61.092455 12.461
 69   106.725 54621.52119228 18.21 126.672317  61.095615 12.461
 69   107.260 54621.52119292 18.03 126.669977  61.098775 12.461
 69   108.914 54621.52119357 19.40 126.667647  61.101935 12.461
 69   110.765 54621.52119421 26.55 126.665317  61.105095 12.461
 70   111.885 54656.52120133 31.05 126.674282  61.091404 19.431
 70   110.345 54656.52120197 38.19 126.671942  61.094564 19.431
 70   109.639 54656.52120262 34.53 126.669612  61.097724 19.431
 70   109.371 54656.52120326 24.35 126.667282  61.100884 19.431
 70   105.879 54656.52120391 26.78 126.664952  61.104044 19.431
 71   105.868 54691.52118572 38.11 126.678333  61.092241 13.556
 71   107.994 54691.52118637 40.67 126.676003  61.095401 13.556
 71   108.348 54691.52118701 41.78 126.673673  61.098561 13.556
 71   108.262 54691.52118766 41.08 126.671343  61.101721 13.556
 71   105.146 54691.52118830 41.43 126.669013  61.104881 13.556
 72   107.382 54726.52115490 18.01 126.662525  61.099297 11.054
 72   107.784 54726.52115554 25.33 126.660195  61.102447 11.054
 73   109.328 54761.52116268 27.36 126.674456  61.092691 19.695
 73   108.670 54761.52116333 35.87 126.672126  61.095841 19.695
 73   107.500 54761.52116397 39.45 126.669796  61.099001 19.695
 73   109.606 54761.52116462 35.22 126.667466  61.102161 19.695
 73   106.222 54761.52116526 31.16 126.665126  61.105321 19.695
 74   108.030 54796.52114640 17.71 126.663685  61.090719 15.338
 74   105.927 54796.52114705 18.78 126.661345  61.093879 15.338
 74   107.172 54796.52114769 20.18 126.659015  61.097039 15.338
 74   101.826 54796.52114834 20.30 126.656685  61.100189 15.338
 74   104.069 54796.52114898 19.52 126.654345  61.103349 15.338
 75   102.741 54831.52116371 13.78 126.673941  61.093619  8.790
 75   103.067 54831.52116435 14.33 126.671611  61.096779  8.790
 75   102.703 54831.52116500 14.80 126.669271  61.099939  8.790
 75   102.337 54831.52116564 15.39 126.666941  61.103099  8.790
 76   102.669 54866.52114292  9.43 126.663166  61.096687  5.563
 76   102.674 54866.52114356 10.34 126.660826  61.099837  5.563
 76   103.683 54866.52114421  9.22 126.658496  61.102997  5.563
 77   106.803 54901.52116173  7.12 126.679110  61.091115  7.215
 77   106.703 54901.52116237  7.71 126.676780  61.094275  7.215
 77   102.761 54901.52116302  7.59 126.674450  61.097435  7.215
 77   104.523 54901.52116366  8.01 126.672120  61.100595  7.215
 77   104.596 54901.52116430  8.25 126.669790  61.103755  7.215
 77   104.461 54901.52116495  8.59 126.667460  61.106915  7.215
 79   115.607 54971.52116602 14.60 126.669661  61.097018 11.379
 79   114.481 54971.52116666 24.78 126.667331  61.100178 11.379
 79   113.231 54971.52116731 30.43 126.665001  61.103338 11.379
 81   109.705 55041.52117189 35.76 126.675563  61.092025 18.949
 81   110.176 55041.52117253 34.40 126.673233  61.095185 18.949
 81   104.771 55041.52117317 40.03 126.670893  61.098345 18.949
 81   105.343 55041.52117382 40.02 126.668563  61.101505 18.949
 81   101.838 55041.52117446 40.30 126.666233  61.104665 18.949
 82   105.625 55076.52115281 34.80 126.679247  61.093568 17.657
 82   106.475 55076.52115346 40.71 126.676917  61.096728 17.657
 82   109.782 55076.52115410 42.03 126.674587  61.099888 17.657
 82   105.592 55076.52115475 42.00 126.672257  61.103048 17.657
 82   109.282 55076.52115539 38.52 126.669927  61.106208 17.657
 83   106.989 55111.52110446 39.82 126.669624  61.091847 14.406
 83   107.307 55111.52110511 43.44 126.667294  61.095007 14.406
 83   106.847 55111.52110575 42.36 126.664964  61.098167 14.406
 83   106.810 55111.52110640 41.71 126.662624  61.101327 14.406
 84   108.062 55146.52110610  4.35 126.675123  61.091124 16.218
 84   107.295 55146.52110675 11.41 126.672793  61.094284 16.218
 84   106.414 55146.52110739 15.39 126.670463  61.097444 16.218
 84   108.375 55146.52110804 15.93 126.668123  61.100604 16.218
 84   107.720 55146.52110868 16.08 126.665793  61.103764 16.218
 85   105.656 55181.52108330 11.00 126.664085  61.092454 12.238
 85   107.096 55181.52108394 11.36 126.661755  61.095614 12.238
 85   107.930 55181.52108459 12.64 126.659425  61.098774 12.238
 85   104.388 55181.52108523 12.73 126.657085  61.101924 12.238
 86   106.417 55216.52110087  9.49 126.677118  61.092506 11.368
 86   106.823 55216.52110152 10.15 126.674788  61.095666 11.368
 86   106.591 55216.52110216 10.35 126.672458  61.098826 11.368
 86   107.376 55216.52110281 11.14 126.670118  61.101986 11.368
 86   102.916 55216.52110345 12.72 126.667788  61.105146 11.368
 87   102.973 55251.52107940  9.64 126.669891  61.091420  8.450
 87   101.755 55251.52108005 10.34 126.667561  61.094580  8.450
 87   102.245 55251.52108069 10.61 126.665231  61.097740  8.450
 87   101.647 55251.52108134 12.10 126.662891  61.100890  8.450
 88   102.013 55286.52109478  7.82 126.678996  61.093638  7.054
 88   102.130 55286.52109542  8.08 126.676666  61.096798  7.054
 88   102.364 55286.52109607  8.71 126.674326  61.099958  7.054
 88   102.984 55286.52109671  9.01 126.671996  61.103118  7.054
 88   102.747 55286.52109736  9.39 126.669666  61.106278  7.054
 90   106.848 55356.52107001 20.10 126.672208  61.096717 10.389
 90   107.705 55356.52107065 21.05 126.669868  61.099877 10.389
 90   108.677 55356.52107130 22.54 126.667538  61.103037 10.389
 91   109.203 55391.52107025 31.27 126.669382  61.090808 21.859
 91   111.154 55391.52107089 33.43 126.667042  61.093968 21.859
 91   111.006 55391.52107154 33.59 126.664712  61.097128 21.859
 91   113.290 55391.52107218 35.20 126.662382  61.100288 21.859
 91   107.329 55391.52107283 41.88 126.660042  61.103438 21.859
 92   102.401 55426.52108569 32.27 126.675369  61.091912 13.932
 92   102.513 55426.52108634 27.42 126.673039  61.095072 13.932
 92   101.798 55426.52108698 22.49 126.670709  61.098232 13.932
 92   101.497 55426.52108763 25.50 126.668379  61.101392 13.932
 92   102.467 55426.52108827 24.59 126.666039  61.104552 13.932
 93   113.844 55461.52105244 29.84 126.682629  61.093669 12.051
 93   110.819 55461.52105308 35.87 126.680299  61.096829 12.051
 93   109.249 55461.52105373 34.26 126.677959  61.099989 12.051
 93   112.861 55461.52105437 22.11 126.675629  61.103149 12.051
 93   110.760 55461.52105502 25.06 126.673299  61.106309 12.051
