# NaN NaN NaN ;Mean Elev.(m), Avg Gradient(m/km), RMS Gradient(m/km) - SRTM1     
#    9.540   0.092   1.118 ;Mean Elev.(m), Avg Gradient(m/km), RMS Gradient(m/km) - ASTER GDEM
#    1.000  -0.000   0.333 ;Mean Elev.(m), Avg Gradient(m/km), RMS Gradient(m/km) - GMTED2010 
 15 128.142759  72.212492     0.953     0.948  3 52736.48363666 24.706
 16 128.152668  72.212576     0.936     0.861  4 52771.48361107 34.901
 20 128.151685  72.213376     0.812     0.821  3 52911.48372086 39.458
 23 128.139804  72.213765     1.049     1.049  2 53016.48371038 28.199
 29 128.139217  72.213560     0.744     0.744  2 53226.48374537 40.291
 30 128.148140  72.212008     0.716     0.717  3 53261.48371864 43.254
 35 128.145881  72.213193     1.171     1.168  3 53436.48368785 28.688
 40 128.148252  72.213437     2.432     2.777  3 53611.48371760 15.736
 43 128.150088  72.212639     0.958     0.962  3 53716.48366544 22.301
 45 128.139438  72.213574     1.000     1.000  2 53786.48361447 21.677
 46 128.163887  72.212211     0.852     0.852  2 53821.48356965 21.913
 54 128.148194  72.212818     1.234     1.214  4 54101.48366877 25.989
 56 128.144442  72.212171     1.279     1.279  2 54171.48364519 18.699
 61 128.149810  72.212848     0.896     0.871  4 54346.48366156 35.145
 67 128.144054  72.212665     0.902     0.912  3 54556.48361769 15.981
 71 128.143532  72.213150     1.032     1.017  3 54696.48360348 27.478
 77 128.145411  72.213166     1.106     1.111  3 54906.48358234 22.262
 82 128.150481  72.212004     0.735     0.764  3 55081.48356932 32.637
 88 128.149157  72.211670     1.033     1.027  3 55291.48351374 21.503
 93 128.151949  72.213959     0.665     0.666  3 55466.48346748 42.364
