# NaN NaN NaN ;Mean Elev.(m), Avg Gradient(m/km), RMS Gradient(m/km) - SRTM1     
#   85.591  -8.744  33.464 ;Mean Elev.(m), Avg Gradient(m/km), RMS Gradient(m/km) - ASTER GDEM
#   84.000  -8.679  33.833 ;Mean Elev.(m), Avg Gradient(m/km), RMS Gradient(m/km) - GMTED2010 
  8    94.725 52499.51526826 40.06 128.690616  61.288582 23.150
  8    94.783 52499.51526891 47.88 128.688266  61.291742 23.150
 10    93.737 52569.51528489 43.30 128.682717  61.285483 18.694
 10    93.684 52569.51528554 50.14 128.680367  61.288643 18.694
 11    93.313 52604.51526695 20.19 128.690343  61.286363  6.359
 11    93.350 52604.51526760 20.19 128.687983  61.289523  6.359
 12    93.390 52639.51524905 15.46 128.675097  61.285300  5.450
 12    93.652 52639.51524969 15.64 128.672737  61.288460  5.450
 13    93.183 52674.51524457 13.50 128.689183  61.288137  4.259
 13    93.143 52674.51524521 13.93 128.686833  61.291287  4.259
 14    93.090 52709.51526056 13.09 128.678201  61.286127  2.360
 14    93.215 52709.51526120 12.96 128.675851  61.289277  2.360
 18    97.709 52849.51536166 23.09 128.677185  61.285976  6.244
 18    96.185 52849.51536231 35.82 128.674825  61.289136  6.244
 21    93.543 52954.51531658 29.81 128.680288  61.286207 11.809
 21    93.331 52954.51531723 29.28 128.677928  61.289357 11.809
 22    93.327 52989.51532611 19.64 128.691593  61.287235  3.556
 22    93.440 52989.51532675 19.69 128.689233  61.290385  3.556
 29    96.720 53234.51535456 28.13 128.697854  61.287768 10.830
 29    97.834 53234.51535520 24.91 128.695494  61.290928 10.830
 29    97.614 53234.51535585 25.56 128.693144  61.294078 10.830
 35    95.133 53444.51530747  8.96 128.697707  61.288522  4.486
 35    95.316 53444.51530812  8.85 128.695347  61.291682  4.486
 38    97.731 53549.51541294 26.64 128.683245  61.286743  7.748
 38    98.045 53549.51541358 22.26 128.680885  61.289903  7.748
 40    96.307 53619.51533236 47.59 128.694645  61.289531 17.155
 40    97.132 53619.51533301 41.43 128.692285  61.292691 17.155
 70    98.065 54669.51525412 41.83 128.687240  61.285971 16.550
 70    97.674 54669.51525476 43.70 128.684880  61.289131 16.550
 73    93.372 54774.51519898 32.57 128.690355  61.289114 19.089
 73    93.589 54774.51519963 33.91 128.688005  61.292274 19.089
 76    93.520 54879.51521359 14.18 128.681588  61.286355  2.565
 76    93.725 54879.51521423 13.50 128.679228  61.289505  2.565
 77    93.648 54914.51520122 12.49 128.691709  61.288417  5.281
 77    93.806 54914.51520187 11.77 128.689349  61.291577  5.281
 82   102.666 55089.51518341 41.05 128.693170  61.288048 26.674
 82   102.255 55089.51518406 37.86 128.690810  61.291198 26.674
 84    93.828 55159.51514425 23.42 128.689945  61.287232  7.479
 84    93.836 55159.51514489 23.92 128.687585  61.290382  7.479
 86    93.822 55229.51514643 15.25 128.692443  61.287103  3.512
 86    93.963 55229.51514707 15.71 128.690083  61.290253  3.512
 88    94.011 55299.51512944 11.15 128.694293  61.287614  3.415
 88    94.131 55299.51513009 11.12 128.691943  61.290764  3.415
 91    94.329 55404.51513149 36.15 128.681375  61.286864 16.480
 91    94.235 55404.51513214 32.15 128.679017  61.290019 11.079
 92    96.077 55439.51513292 47.30 128.689583  61.288812 19.431
 92    96.319 55439.51513356 43.97 128.687223  61.291972 19.431
 93    93.972 55474.51507857 33.72 128.695321  61.289019 20.728
 93    94.171 55474.51507922 35.95 128.692961  61.292179 20.728
