# NaN NaN NaN ;Mean Elev.(m), Avg Gradient(m/km), RMS Gradient(m/km) - SRTM1     
#    3.000  -0.418   6.018 ;Mean Elev.(m), Avg Gradient(m/km), RMS Gradient(m/km) - ASTER GDEM
#    1.653  -0.079   1.005 ;Mean Elev.(m), Avg Gradient(m/km), RMS Gradient(m/km) - GMTED2010 
  7 127.297078  72.642140     6.492     6.418  3 52456.48374721 21.706
 10 127.294943  72.637781     2.144     2.146  4 52561.48374782 48.431
 12 127.291524  72.637516     2.827     2.316  5 52631.48369970 20.850
 15 127.301794  72.645649     3.869     3.545  3 52736.48373336 11.568
 16 127.306249  72.648670     1.493     1.493  2 52771.48370841 27.101
 17 127.285279  72.637129     6.198     5.628  4 52806.48375613 33.276
 18 127.290825  72.638146     6.816     6.709  4 52841.48381570 21.487
 19 127.293127  72.639612     3.705     3.469  4 52876.48385463 26.507
 20 127.307919  72.647999     6.487     6.487  2 52911.48381789 20.395
 23 127.301683  72.645496     2.440     2.420  3 53016.48380676 12.355
 24 127.291203  72.637607     3.437     2.749  5 53051.48378331 11.938
 25 127.300743  72.643025     2.570     2.511  3 53086.48382051 10.289
 26 127.292926  72.637114     2.771     2.633  4 53121.48378991  8.210
 28 127.301065  72.643126     6.587     6.571  3 53191.48383747 19.893
 29 127.300966  72.645273     5.844     5.730  3 53226.48384174 21.024
 30 127.304614  72.646656     4.113     4.113  2 53261.48381567 24.219
 31 127.286414  72.637667     3.994     3.984  4 53296.48384815 36.781
 32 127.298497  72.641938     2.806     2.914  4 53331.48382081 22.922
 34 127.293716  72.639456     2.755     2.871  5 53401.48379425 18.047
 35 127.304993  72.646373     2.782     2.829  3 53436.48378455 18.753
 36 127.291254  72.637456     3.548     3.227  5 53471.48383378 15.294
 37 127.299619  72.639873     2.354     2.435  4 53506.48386739 41.646
 38 127.297149  72.641620     6.773     6.789  4 53541.48387247 25.131
 39 127.300357  72.645628     2.474     2.474  2 53576.48386259 25.058
 40 127.304645  72.648080     3.869     3.869  2 53611.48381463 25.461
 41 127.290853  72.637562     6.334     6.181  4 53646.48381747 21.372
 42 127.296980  72.642569     2.808     2.796  3 53681.48383430 19.628
 43 127.306420  72.647266     2.626     2.626  2 53716.48376246 16.903
 44 127.290473  72.638104     3.955     3.796  4 53751.48367973 14.392
 45 127.301181  72.645275     2.632     2.664  3 53786.48371085 17.349
 46 127.311980  72.651216     3.025     3.025  2 53821.48366764 14.176
 47 127.292000  72.637967     3.835     3.908  4 53856.48375470 11.039
 48 127.298057  72.641932     5.041     4.812  3 53891.48376732 34.043
 49 127.290823  72.638456     7.204     7.370  5 53926.48382892 23.428
 50 127.296659  72.644921     4.858     5.305  3 53961.48381555 23.100
 52 127.294002  72.638545     3.015     3.032  5 54031.48380888 33.395
 53 127.297789  72.646001     2.157     2.106  3 54066.48380379 21.661
 54 127.304563  72.647452     2.964     3.030  3 54101.48376579 17.982
 55 127.293070  72.637511     5.515     5.289  4 54136.48372976 13.126
 56 127.300761  72.646784     3.724     3.378  3 54171.48374221 10.950
 57 127.289582  72.637815     5.313     5.007  4 54206.48373499 10.210
 58 127.298645  72.641532     1.979     1.959  3 54241.48376843 32.064
 59 127.298278  72.641619     6.859     6.932  4 54276.48378321 20.972
 61 127.306176  72.647493     4.392     4.553  3 54346.48375859 22.737
 62 127.293843  72.638452     6.004     5.730  5 54381.48372051 21.250
 63 127.301553  72.644822     2.377     2.377  3 54416.48370716 19.094
 64 127.289999  72.637070     2.627     2.491  4 54451.48368917 13.927
 65 127.298171  72.643094     2.505     2.465  4 54486.48370344 11.728
 66 127.293427  72.640065     2.948     3.107  4 54521.48370288 10.684
 67 127.303181  72.645844     4.196     3.847  3 54556.48371440  9.011
 68 127.296159  72.640270     4.188     4.119  5 54591.48369897  9.089
 69 127.298162  72.643749     6.109     5.823  3 54626.48371532 29.339
 70 127.297006  72.640255     3.088     2.248  5 54661.48372266 29.500
 71 127.302581  72.646334     2.627     2.676  3 54696.48370018 44.511
 72 127.292225  72.638679     6.307     5.979  4 54731.48367849 22.233
 73 127.297520  72.642800     2.579     2.545  4 54766.48367847 35.233
 74 127.289032  72.638267     1.846     1.798  4 54801.48367232 23.549
 75 127.295819  72.643885     1.946     1.944  3 54836.48367091 22.496
 76 127.291733  72.638091     2.018     1.985  4 54871.48367042 20.946
 77 127.304617  72.646350     1.903     1.912  3 54906.48367904 17.879
 78 127.292559  72.638615     2.302     2.350  4 54941.48366311 15.559
 79 127.297886  72.640623     3.222     3.293  4 54976.48369169 34.803
 80 127.296538  72.644567     3.786     3.789  3 55011.48370166 46.827
 81 127.299596  72.640202     4.194     4.246  4 55046.48369252 23.645
 82 127.304034  72.648093     4.430     4.915  3 55081.48366667 23.742
 83 127.293509  72.639224     5.123     5.038  4 55116.48362440 23.329
 84 127.295492  72.644465     2.379     2.436  3 55151.48362368 16.363
 85 127.290477  72.638250     2.649     2.581  5 55186.48361040 12.342
 86 127.298344  72.644048     2.528     2.523  3 55221.48362191 12.955
 87 127.293608  72.640504     2.669     2.790  4 55256.48360665 11.677
 88 127.302725  72.647752     3.196     3.472  3 55291.48361108 10.414
 89 127.299304  72.639657     2.654     2.660  4 55326.48359131 15.966
 90 127.300068  72.644325     6.437     6.300  3 55361.48358857 23.591
 91 127.293306  72.638591     6.508     6.388  4 55396.48359449 23.077
 92 127.299315  72.641740     4.136     4.511  3 55431.48360338 21.036
 93 127.308309  72.648605     6.761     6.761  2 55466.48356450 20.739
