# NaN NaN NaN ;Mean Elev.(m), Avg Gradient(m/km), RMS Gradient(m/km) - SRTM1     
#   11.021  -1.000  11.446 ;Mean Elev.(m), Avg Gradient(m/km), RMS Gradient(m/km) - ASTER GDEM
#   22.373  -1.231  12.254 ;Mean Elev.(m), Avg Gradient(m/km), RMS Gradient(m/km) - GMTED2010 
  8 123.057260  67.447306    27.279    27.279  2 52485.13350256 41.266
  9 123.065194  67.457827    29.029    29.316  8 52520.13346461 30.912
 11 123.067934  67.455344    24.847    24.345  8 52590.13350382 21.938
 12 123.067930  67.457099    26.247    26.535  9 52625.13343629 15.375
 13 123.071399  67.453565    26.690    27.033  8 52660.13347023 13.103
 14 123.080259  67.444448    27.414    27.195  9 52695.13345162 11.221
 15 123.073511  67.451730    26.945    26.558  9 52730.13348191 10.316
 18 123.069705  67.438449    28.494    28.434  4 52835.13355223 20.857
 19 123.074303  67.449020    29.247    29.429  9 52870.13359177 19.352
 21 123.063855  67.464681    22.349    22.316  7 52940.13352493 46.558
 22 123.074449  67.450460    25.136    25.233  9 52975.13357187 16.752
 23 123.068037  67.456707    24.942    24.443  8 53010.13357578 12.468
 24 123.075361  67.448229    25.932    25.383  9 53045.13353871 12.048
 25 123.067205  67.458472    26.451    26.747  8 53080.13357120  9.524
 26 123.074573  67.449948    26.761    26.618  9 53115.13354293  8.715
 27 123.067507  67.452030    34.802    37.352  7 53150.13358941 22.987
 28 123.075915  67.448628    32.935    32.771  8 53185.13358095 17.907
 29 123.069019  67.454685    29.221    29.240  9 53220.13360571 26.579
 30 123.062440  67.462085    28.597    28.943  7 53255.13358150 24.256
 31 123.074283  67.450007    26.301    26.358  9 53290.13359231 34.769
 32 123.072192  67.452087    27.817    28.128  9 53325.13356714 13.986
 33 123.068305  67.455874    28.117    28.457  8 53360.13352662 10.439
 34 123.075717  67.448411    27.460    27.263 10 53395.13354607  9.519
 35 123.069112  67.457745    27.055    26.669  8 53430.13353758  9.579
 36 123.078349  67.446453    28.104    28.265 10 53465.13356622  7.204
 37 123.059122  67.448224    48.089    48.089  2 53500.13362844  7.238
 38 123.070408  67.454823    31.060    30.906  9 53535.13361413 23.992
 39 123.066145  67.457242    29.532    29.391  8 53570.13362541 28.951
 40 123.070709  67.465881    28.030    28.059  4 53605.13357095 18.608
 41 123.072306  67.445561    28.378    28.585  8 53640.13357380 43.368
 42 123.069361  67.454997    22.569    22.585  9 53675.13359213 38.923
 43 123.068186  67.458533    23.616    23.632  8 53710.13352174 22.487
 45 123.071445  67.449402    22.175    22.172  9 53780.13346368 16.439
 46 123.064513  67.463196    23.508    23.448  7 53815.13343191 11.500
 47 123.075557  67.450377    24.272    23.971  9 53850.13349788 10.951
 49 123.067517  67.457228    31.133    31.126  8 53920.13357622 23.120
 50 123.067421  67.459827    29.416    29.491  8 53955.13357491 23.449
 51 123.065987  67.460232    30.104    30.123  8 53990.13349322 22.102
 52 123.076570  67.446489    25.403    25.444  9 54025.13356023 48.667
 53 123.072725  67.448896    23.600    23.808  9 54060.13355317 31.925
 54 123.065227  67.460548    24.194    24.234  8 54095.13352698 24.256
 55 123.080281  67.446158    23.401    23.437  9 54130.13347311 20.354
 56 123.067484  67.456855    22.295    22.288  8 54165.13349884 18.764
 57 123.076009  67.448382    24.743    22.779 10 54200.13347582 15.979
 58 123.069254  67.446665    39.661    42.936  5 54235.13351479 32.684
 61 123.067883  67.456099    26.483    26.482  8 54340.13351935 45.513
 62 123.066401  67.443436    32.158    32.153  4 54375.13347285 16.813
 63 123.069460  67.453995    23.929    23.964  8 54410.13346601 24.791
 64 123.077938  67.445338    25.736    25.730  9 54445.13343524 14.242
 65 123.071818  67.452867    24.915    24.438  9 54480.13345693 12.941
 66 123.076958  67.444985    26.016    26.046  9 54515.13344982 10.433
 67 123.068016  67.457579    27.080    26.838  8 54550.13346941  7.290
 68 123.071552  67.450035    29.426    29.473  9 54585.13344456  6.203
 69 123.070346  67.451826    35.937    36.173  8 54620.13346386 25.451
 70 123.070351  67.454643    30.069    30.346  8 54655.13347410 21.297
 71 123.068921  67.456508    27.507    26.880  8 54690.13346010 30.225
 72 123.077265  67.446538    31.817    31.746  9 54725.13342530 17.003
 73 123.069483  67.454652    24.857    24.864  9 54760.13343705 42.301
 74 123.078009  67.445848    23.843    23.853  9 54795.13341889 22.359
 75 123.071252  67.453079    24.420    24.430  8 54830.13343686 15.723
 76 123.077418  67.447437    23.581    23.601 10 54865.13341333 16.043
 77 123.067996  67.457016    24.331    23.554  9 54900.13343567 10.630
 78 123.073017  67.448461    25.917    26.143  9 54935.13340532  9.644
 80 123.070633  67.455249    32.505    32.467  9 55005.13345700 16.702
 81 123.061341  67.444399    33.252    33.419  4 55040.13344673 17.658
 82 123.068271  67.457652    29.140    29.196  9 55075.13342687 23.576
 83 123.075619  67.448940    29.036    28.755  9 55110.13337813 19.444
 84 123.069785  67.455932    23.138    23.108  9 55145.13338014 33.337
 85 123.078729  67.445463    23.544    23.611  9 55180.13335454 24.217
 86 123.070090  67.455189    23.218    23.260  8 55215.13337478 21.709
 87 123.076085  67.447722    21.766    21.795  9 55250.13335156 20.520
 88 123.066571  67.456768    21.964    21.798  8 55285.13336830 18.524
 89 123.069983  67.454547    24.344    24.552  9 55320.13334107 16.893
 90 123.057555  67.444409    33.279    33.279  2 55355.13334441 30.025
 91 123.074871  67.449166    28.572    28.406 10 55390.13334274 20.016
 92 123.070711  67.452628    30.528    30.898  9 55425.13335952 16.930
 93 123.068640  67.458391    26.076    26.086  8 55460.13332767 41.485
