# NaN NaN NaN ;Mean Elev.(m), Avg Gradient(m/km), RMS Gradient(m/km) - SRTM1     
#   87.264  -2.168  17.118 ;Mean Elev.(m), Avg Gradient(m/km), RMS Gradient(m/km) - ASTER GDEM
#   70.158  -0.211  19.753 ;Mean Elev.(m), Avg Gradient(m/km), RMS Gradient(m/km) - GMTED2010 
 10 128.907016  61.358231   174.437   181.028  3 52566.10281421  1.013
 11 128.879778  61.353020    91.639    91.624 11 52601.10283194 25.840
 12 128.895731  61.351877    91.971    91.972 11 52636.10279404 17.865
 13 128.888202  61.354474    92.203    92.167  9 52671.10280012 15.072
 14 128.898834  61.351697    91.430    91.402 11 52706.10279571 17.848
 19 128.890879  61.355498    96.345    96.389  8 52881.10294252 24.908
 20 128.885723  61.353055    93.045    92.752  9 52916.10290043 32.024
 23 128.890432  61.355822    92.265    92.267  9 53021.10286995 18.269
 24 128.902247  61.352525    92.042    91.986 11 53056.10285924 16.859
 27 128.888253  61.355314    96.291    96.297  9 53161.10292916 23.541
 29 128.895341  61.354926    97.348    97.276  8 53231.10291070 21.259
 30 128.874082  61.351774    99.418    97.560 11 53266.10288187 18.000
 36 128.892622  61.355333   106.439   106.266  8 53476.10292698 12.221
 38 128.883619  61.354232    98.631    97.762 10 53546.10295863 24.383
 39 128.885321  61.353445    96.894    96.791  9 53581.10293255 31.320
 40 128.884433  61.364382   103.649   106.023  3 53616.10288543 20.035
 41 128.885697  61.338238    93.394    93.394  2 53651.10290379 38.404
 47 128.895059  61.356461    96.363    96.338  7 53861.10284000 21.373
 48 128.903192  61.362820   170.775   170.882  4 53896.10285822  1.400
 50 128.879763  61.353255    95.728    95.717 11 53966.10288859 46.363
 51 128.914352  61.359784   170.889   170.279  5 54001.10284659  1.168
 52 128.896868  61.352189   170.529   168.606 10 54036.10288980  3.778
 53 128.892554  61.354902   164.821   162.673  8 54071.10288383  2.622
 54 128.877634  61.354101   166.747   165.461 10 54106.10283659  2.154
 55 128.901993  61.360802   167.624   169.083  3 54141.10281534  0.789
 57 128.895975  61.355551   166.204   166.399  8 54211.10282337  4.344
 58 128.893227  61.354447    97.528    97.420  8 54246.10285338 39.426
 60 128.894475  61.359361   167.968   169.641  4 54316.10286205  0.819
 61 128.883875  61.354271    93.729    93.750  9 54351.10283072 50.394
 62 128.896248  61.354780   169.462   169.568  8 54386.10280186  3.197
 63 128.884701  61.354355   167.568   166.682 10 54421.10278054  2.789
 64 128.903992  61.355794   171.792   170.335  8 54456.10277407  1.960
 65 128.889462  61.355926   167.116   168.528  8 54491.10278136  2.040
 66 128.903342  61.361126   165.999   166.315  4 54526.10278599  1.319
 68 128.898769  61.363852    95.550    95.901  3 54596.10278126 25.020
 69 128.891563  61.355594    97.448    97.486  9 54631.10279692 40.773
 70 128.898173  61.365445    95.206    95.206  2 54666.10280115 20.261
 71 128.889839  61.361604   166.782   165.982  4 54701.10277082  2.252
 72 128.904238  61.360988   169.210   169.422  4 54736.10276142  0.839
 73 128.888754  61.354359   175.837   173.067  7 54771.10275304  0.629
 74 128.895661  61.351432   169.364   168.221 10 54806.10275720  3.376
 75 128.891351  61.354757    93.246    93.221  8 54841.10274830 19.294
 76 128.898393  61.360172   170.326   169.961  6 54876.10275678  1.093
 77 128.880969  61.353768    93.227    93.273 10 54911.10275431 13.201
 78 128.895719  61.355167   166.870   165.276  9 54946.10275017  3.864
 79 128.894220  61.360076    97.389    97.331  6 54981.10277556 29.540
 80 128.891868  61.355244    96.013    96.043  8 55016.10277802 32.829
 81 128.897573  61.362590   172.291   170.889  3 55051.10277092  1.121
 82 128.879346  61.352772    94.670    94.733 11 55086.10273862 43.701
 83 128.906034  61.363607   171.003   169.541  3 55121.10270454  3.789
 84 128.885432  61.354676    93.096    93.072  9 55156.10269831 22.955
 85 128.899391  61.355404   168.742   169.341  7 55191.10269552  1.682
 86 128.887478  61.355757   166.985   166.866  9 55226.10269855  0.874
 87 128.894452  61.355463    92.931    92.975  8 55261.10269149 14.145
 89 128.889709  61.355098   171.243   167.888  9 55331.10267210  2.834
 90 128.887992  61.354481    95.053    95.005  9 55366.10266561 39.603
 91 128.900560  61.357039   168.712   170.670  4 55401.10267746  0.547
 92 128.891347  61.355329    94.456    94.458  9 55436.10268234 45.359
 93 128.884603  61.359465    95.389    95.453  6 55471.10263394 26.819
