# NaN NaN NaN ;Mean Elev.(m), Avg Gradient(m/km), RMS Gradient(m/km) - SRTM1     
#  -17.876  -2.509   4.688 ;Mean Elev.(m), Avg Gradient(m/km), RMS Gradient(m/km) - ASTER GDEM
#    2.312  -0.361   2.661 ;Mean Elev.(m), Avg Gradient(m/km), RMS Gradient(m/km) - GMTED2010 
  7 127.238498  71.920842     7.303     5.890 21 52459.48756709 21.826
  9 127.225014  71.913711     6.739     4.408 22 52529.48753755 28.344
 10 127.236896  71.918408     3.418     3.460 20 52564.48756037 38.394
 11 127.238732  71.920130     0.883     0.915 20 52599.48758768 24.263
 12 127.232237  71.914154     5.685     3.614 22 52634.48754066 17.517
 13 127.237977  71.919828     3.201     3.159 20 52669.48755297 15.664
 14 127.237525  71.914617     5.147     3.383 19 52704.48753776 14.342
 15 127.243201  71.920823     4.870     3.440 19 52739.48757516 12.290
 16 127.236670  71.934452     3.401     3.052 26 52774.48752707 19.958
 17 127.229641  71.913625    11.188     9.463 21 52809.48759644 20.282
 18 127.230809  71.914710     7.685     5.664 21 52844.48765323 26.031
 19 127.236492  71.917093     7.758     4.418 21 52879.48769133 27.567
 20 127.242326  71.928508     6.707     3.621 23 52914.48765088 23.721
 21 127.229214  71.913592     1.607     1.667 22 52949.48760768 23.818
 22 127.238530  71.919588     1.245     1.186 20 52984.48763573 14.366
 23 127.241084  71.925203     1.778     1.510 21 53019.48762821 14.120
 24 127.239499  71.914103     2.789     1.545 19 53054.48761138 12.685
 25 127.244809  71.920594     2.662     2.740 19 53089.48764967 10.166
 26 127.236259  71.914114     5.186     4.905 21 53124.48761913  9.817
 27 127.235719  71.914651     6.018     6.099 21 53159.48767878 30.046
 28 127.240498  71.921001     9.963     9.033 21 53194.48767517 48.805
 29 127.240863  71.923730     4.927     4.760 21 53229.48766658 27.280
 30 127.235599  71.932815     6.055     5.022 24 53264.48763977 28.339
 31 127.228747  71.913695     5.922     5.945 22 53299.48768177 38.235
 32 127.241667  71.918635     2.552     2.534 20 53334.48765275 23.259
 33 127.231341  71.936908     3.255     2.987 27 53369.48759663 15.840
 34 127.239517  71.914848     6.310     4.931 20 53404.48762471 15.124
 35 127.241420  71.928207     5.287     4.272 23 53439.48761467 13.371
 36 127.232991  71.915073     6.076     5.196 22 53474.48767360 11.128
 37 127.237764  71.919146     4.850     4.855 21 53509.48769325 30.345
 38 127.239758  71.919110    10.282     7.149 21 53544.48770778 17.565
 40 127.243784  71.926267     5.909     5.825 22 53614.48764186 33.189
 41 127.235070  71.916872     7.431     5.039 20 53649.48764813 29.618
 42 127.240144  71.918031     2.638     2.575 19 53684.48766105 20.120
 43 127.238234  71.931338     2.991     2.760 24 53719.48759003 16.313
 44 127.239396  71.914363     4.050     3.133 20 53754.48751008 17.477
 45 127.243311  71.922200     4.600     3.699 20 53789.48754132 11.727
 46 127.227179  71.914374     7.124     5.150 23 53824.48749625 11.578
 47 127.236790  71.913922     6.300     4.921 20 53859.48758915  9.736
 49 127.237678  71.914867     8.079     5.911 19 53929.48766141 20.780
 50 127.240317  71.920368     7.629     5.621 21 53964.48764178 27.452
 51 127.224366  71.912186     6.969     4.707 22 53999.48759461 22.849
 52 127.235666  71.918309     5.970     5.562 20 54034.48764069 33.220
 53 127.239654  71.921561     7.235     4.341 20 54069.48763516 17.095
 54 127.238358  71.931085     8.754     5.905 24 54104.48759263 14.679
 55 127.239031  71.913630     8.641     4.637 20 54139.48756487 13.652
 56 127.241149  71.924681     9.282     5.119 21 54174.48757063  8.881
 57 127.234366  71.915728     8.292     5.146 20 54209.48757166  9.727
 58 127.240568  71.917738     4.816     4.788 19 54244.48760288 41.673
 59 127.238615  71.918981     9.963     7.795 21 54279.48761507 18.738
 60 127.241172  71.921348     6.324     5.126 20 54314.48761502 24.262
 61 127.241091  71.927055     5.655     4.904 22 54349.48758553 24.478
 62 127.239254  71.915548     6.909     4.266 19 54384.48755229 33.714
 63 127.242794  71.923724     2.871     2.493 20 54419.48753446 16.918
 64 127.231187  71.913901     5.273     3.737 22 54454.48752347 14.325
 65 127.244612  71.920462     5.209     4.065 19 54489.48753341 10.391
 66 127.237563  71.916981     5.699     5.310 21 54524.48753678 10.585
 67 127.243349  71.923736     5.970     5.456 21 54559.48754329  8.381
 68 127.238157  71.919465     6.511     5.456 21 54594.48753328  8.521
 69 127.237764  71.920699    15.263    16.417 21 54629.48754782 18.991
 70 127.240946  71.916624     6.194     5.623 20 54664.48755395 26.415
 71 127.242854  71.926852     7.913     6.110 22 54699.48752721 18.115
 72 127.234417  71.914374     8.768     7.412 21 54734.48751202 16.148
 73 127.244275  71.919853     5.590     4.929 20 54769.48750591 27.897
 74 127.233926  71.914576     6.100     4.663 20 54804.48750592 18.051
 75 127.239554  71.919983     6.184     4.637 20 54839.48750045 17.148
 76 127.237047  71.916052     6.462     4.911 20 54874.48750618 15.014
 77 127.241915  71.926027     6.230     4.903 22 54909.48750764 12.239
 78 127.236358  71.914469     7.502     5.488 21 54944.48749884  9.821
 79 127.238008  71.920235     7.601     7.880 20 54979.48752656 29.730
 80 127.241530  71.918904     8.668     5.778 19 55014.48753020 16.731
 81 127.241924  71.918516     4.092     4.288 20 55049.48752382 45.076
 82 127.241599  71.929025     4.604     5.047 23 55084.48749355 37.592
 83 127.235614  71.915700     5.366     4.733 21 55119.48745552 26.890
 84 127.243311  71.920941     4.716     3.372 19 55154.48745135 13.935
 85 127.234356  71.914527     5.510     4.025 20 55189.48744473 13.459
 86 127.239137  71.922349     5.322     3.953 21 55224.48745134 11.976
 87 127.239172  71.918261     6.283     4.686 20 55259.48744101  9.438
 88 127.242743  71.925647     6.728     5.407 22 55294.48743841  8.585
 89 127.237804  71.919004     4.636     3.513 21 55329.48742344 12.287
 91 127.235271  71.914581     7.808     5.830 21 55399.48742762 18.405
 92 127.243389  71.919903     7.805     5.659 20 55434.48743413 24.670
 93 127.237454  71.933073     7.383     6.119 25 55469.48739142 20.670
