# NaN NaN NaN ;Mean Elev.(m), Avg Gradient(m/km), RMS Gradient(m/km) - SRTM1     
#    0.624  -4.576  39.244 ;Mean Elev.(m), Avg Gradient(m/km), RMS Gradient(m/km) - ASTER GDEM
#   11.000  -4.129  44.339 ;Mean Elev.(m), Avg Gradient(m/km), RMS Gradient(m/km) - GMTED2010 
 20     6.873 52924.13491298 18.46 126.472535  70.524757  9.307
 20     7.533 52924.13491362 19.11 126.467895  70.521787  9.307
 20     8.367 52924.13491426 18.29 126.463265  70.518817  9.307
 20     7.878 52924.13491491 19.84 126.458635  70.515847  9.307
 28    13.409 53204.13495433 13.93 126.472912  70.514235  6.274
 28    13.575 53204.13495498 17.41 126.468282  70.511265  6.274
 29   101.301 53239.13492288  0.25 126.467421  70.514132  4.689
 29   102.688 53239.13492353  0.76 126.462791  70.511172  4.689
 30   103.585 53274.13488568  0.56 126.493567  70.509350  2.640
 30   104.472 53274.13488633  1.56 126.488927  70.506380  2.640
 31     7.392 53309.13493740 28.94 126.488997  70.523483 11.992
 31     7.329 53309.13493805 32.54 126.484357  70.520513 11.992
 31     7.449 53309.13493869 38.77 126.479717  70.517543 11.992
 31     7.457 53309.13493934 37.10 126.475077  70.514573 11.992
 31     7.336 53309.13493998 32.55 126.470447  70.511603 11.992
 32     4.963 53344.13490328 22.68 126.485511  70.526858  4.966
 32     5.304 53344.13490392 22.77 126.480871  70.523888  4.966
 32     5.370 53344.13490457 23.32 126.476241  70.520918  4.966
 32     5.376 53344.13490521 23.13 126.471601  70.517948  4.966
 32     5.684 53344.13490585 22.70 126.466971  70.514978  4.966
 32     5.448 53344.13490650 22.32 126.462341  70.512008  4.966
 40    99.966 53624.13490020  0.64 126.493115  70.516777  4.999
 40   102.265 53624.13490084  2.18 126.488475  70.513817  4.999
 40   103.216 53624.13490149  3.85 126.483835  70.510847  4.999
 40   104.987 53624.13490213  4.95 126.479205  70.507877  4.999
 41    94.124 53659.13492599  2.34 126.495519  70.523090  2.991
 41    93.586 53659.13492663  7.48 126.490889  70.520120  2.991
 43    12.226 53729.13482698 13.66 126.474179  70.525750  4.827
 43     6.876 53729.13482763 12.38 126.469539  70.522780  4.827
 43     8.133 53729.13482827 11.58 126.464909  70.519810  4.827
 43     8.807 53729.13482892 10.13 126.460279  70.516840  4.827
 43     9.361 53729.13482956  8.94 126.455649  70.513870  4.827
 44     5.952 53764.13478885 11.01 126.506806  70.522551  5.017
 44     8.927 53764.13478949 10.20 126.502166  70.519581  5.017
 44     9.467 53764.13479014  8.23 126.497526  70.516611  5.017
 44    10.812 53764.13479078  7.52 126.492896  70.513651  5.017
 44     9.444 53764.13479143  7.72 126.488256  70.510681  5.017
 44    11.036 53764.13479207  6.76 126.483626  70.507711  5.017
 45    11.288 53799.13479623  8.52 126.482410  70.526583  5.101
 45    11.564 53799.13479688  8.30 126.477780  70.523613  5.101
 45     9.906 53799.13479752  8.76 126.473140  70.520633  5.101
 45    11.594 53799.13479817  8.32 126.468510  70.517673  5.101
 45    10.950 53799.13479881  7.55 126.463880  70.514703  5.101
 52     6.898 54044.13489860 24.17 126.499092  70.521542  6.555
 52     6.700 54044.13489924 26.89 126.494452  70.518572  6.555
 52     6.676 54044.13489989 27.22 126.489812  70.515612  6.555
 52     6.796 54044.13490053 26.72 126.485182  70.512642  6.555
 52     6.719 54044.13490118 27.95 126.480542  70.509662  6.555
 54     8.092 54114.13482961 16.00 126.463213  70.521958  5.466
 54     9.406 54114.13483025 14.62 126.458583  70.518988  5.466
 54     9.969 54114.13483090 13.29 126.453953  70.516018  5.466
 59    14.590 54289.13487691 15.52 126.473843  70.514747  5.873
 59    14.491 54289.13487755 19.18 126.469203  70.511777  5.873
 69    98.136 54639.13481220  2.45 126.475968  70.518450  4.252
 69   100.700 54639.13481285  1.05 126.471338  70.515480  4.252
 69   102.329 54639.13481349  2.71 126.466698  70.512510  4.252
 71    98.953 54709.13477297  4.53 126.466840  70.517273  4.816
 71   101.188 54709.13477362  5.56 126.462200  70.514303  4.816
 72    11.262 54744.13478234 13.26 126.474893  70.512399  9.778
 72    11.584 54744.13478299 19.16 126.470263  70.509429  9.778
 77    11.029 54919.13475566  5.87 126.471730  70.527227  3.164
 77    14.663 54919.13475630  6.47 126.467090  70.524257  3.164
 77    14.165 54919.13475695  5.72 126.462460  70.521297  3.164
 77     9.276 54919.13475759  6.27 126.457820  70.518317  3.164
 77    10.414 54919.13475824  5.04 126.453190  70.515347  3.164
 82    14.460 55094.13473727 15.23 126.460168  70.517940  7.741
 82    19.205 55094.13473791 18.68 126.455528  70.514960  7.741
 83     6.696 55129.13472295 40.56 126.493766  70.525500 25.549
 83     6.856 55129.13472360 46.98 126.489126  70.522530 25.549
 83     6.855 55129.13472424 49.01 126.484486  70.519560 25.549
 83     7.037 55129.13472488 46.05 126.479856  70.516600 25.549
 83     6.902 55129.13472553 51.28 126.475216  70.513630 25.549
 83     6.917 55129.13472617 46.48 126.470586  70.510660 25.549
 84     4.751 55164.13469685 15.28 126.486265  70.526197  3.611
 84     4.836 55164.13469749 15.02 126.481625  70.523227  3.611
 84     5.157 55164.13469814 15.80 126.476985  70.520267  3.611
 84     5.087 55164.13469878 15.80 126.472355  70.517297  3.611
 84     5.193 55164.13469943 14.41 126.467715  70.514317  3.611
 84     6.751 55164.13470007 13.51 126.463085  70.511357  3.611
 91   101.383 55409.13469640  0.20 126.481065  70.514932  5.660
 91   102.567 55409.13469704  1.97 126.476425  70.511962  5.660
 91   103.770 55409.13469769  4.19 126.471795  70.508992  5.660
