# NaN NaN NaN ;Mean Elev.(m), Avg Gradient(m/km), RMS Gradient(m/km) - SRTM1     
#    5.000  -1.050   8.255 ;Mean Elev.(m), Avg Gradient(m/km), RMS Gradient(m/km) - ASTER GDEM
#   17.000  -0.973   7.961 ;Mean Elev.(m), Avg Gradient(m/km), RMS Gradient(m/km) - GMTED2010 
 20    16.874 52910.50506828 35.31 124.799117  69.403661 14.602
 20    16.795 52910.50506892 37.93 124.794927  69.406661 14.602
 35    47.160 53435.50503091  3.31 124.797703  69.402036  3.031
 35    54.885 53435.50503156  1.61 124.793513  69.405036  3.031
 39    18.669 53575.50511038 47.66 124.793024  69.400415 27.131
 39    18.898 53575.50511103 42.23 124.788834  69.403425 27.131
 40    58.419 53610.50506161  7.36 124.799186  69.402677  9.448
 40    57.100 53610.50506225  7.50 124.794996  69.405677  9.448
 43    48.692 53715.50500954  5.16 124.801498  69.401395  4.511
 43    56.041 53715.50501019  4.11 124.797308  69.404405  4.511
 46    58.482 53820.50491548  1.46 124.807247  69.404521  2.662
 46    57.904 53820.50491612  0.83 124.803055  69.407530  3.402
 54    40.268 54100.50501339 10.89 124.797095  69.402843  3.922
 54    36.820 54100.50501403 11.60 124.792909  69.405848  4.852
 61    59.091 54345.50500565 11.93 124.802041  69.400905 14.425
 61    57.104 54345.50500629 13.98 124.797851  69.403905 14.425
 61    55.175 54345.50500694 12.71 124.793661  69.406915 14.425
 63    42.846 54415.50495415 11.47 124.794408  69.399590  7.197
 63    45.080 54415.50495480  8.96 124.790218  69.402600  7.197
 67    60.368 54555.50496079  1.04 124.797862  69.400204  2.330
 67    60.195 54555.50496143  0.77 124.793672  69.403214  2.330
 71    20.545 54695.50494720 41.37 124.796835  69.400013 14.086
 71    18.499 54695.50494784 47.46 124.792645  69.403023 14.086
 80    21.977 55010.50494801 45.41 124.791928  69.399193 19.381
 80    22.863 55010.50494865 45.01 124.787738  69.402193 19.381
 82    18.910 55080.50491376 34.97 124.798854  69.401455 20.738
 82    17.688 55080.50491440 36.09 124.794664  69.404465 20.738
 86    37.078 55220.50486834 10.06 124.792266  69.399278  4.809
 86    40.612 55220.50486899  6.69 124.788076  69.402278  4.809
 93    57.110 55465.50481207  1.74 124.801137  69.403332  8.458
 93    56.586 55465.50481271  1.05 124.796947  69.406342  8.458
