# NaN NaN NaN ;Mean Elev.(m), Avg Gradient(m/km), RMS Gradient(m/km) - SRTM1     
#   40.060  -0.805   5.508 ;Mean Elev.(m), Avg Gradient(m/km), RMS Gradient(m/km) - ASTER GDEM
#   32.977  -0.609   6.156 ;Mean Elev.(m), Avg Gradient(m/km), RMS Gradient(m/km) - GMTED2010 
  8 126.113621  64.405362    53.545    53.545  2 52499.51590875 51.515
 10 126.104860  64.402036    52.500    52.500  2 52569.51592538 46.907
 11 126.112351  64.404705    56.277    55.661  3 52604.51590776 18.942
 12 126.098006  64.400182    57.479    57.684  3 52639.51588921 18.929
 13 126.112148  64.404878    56.085    56.085  2 52674.51588505 15.600
 14 126.101234  64.401132    57.582    57.623  3 52709.51590072 14.003
 16 126.095882  64.399391    52.519    52.518  3 52779.51586523 38.494
 17 126.095885  64.398658    58.981    58.334  3 52814.51594883 31.251
 18 126.100034  64.400943    55.831    54.797  3 52849.51600183 22.259
 19 126.105995  64.401919    54.210    54.210  2 52884.51603724 51.362
 20 126.114774  64.405220    57.020    57.020  2 52919.51599384 18.920
 21 126.102825  64.401059    54.881    52.714  3 52954.51595674 23.844
 22 126.112361  64.405307    56.805    56.931  3 52989.51596692 15.354
 23 126.105249  64.421753    55.565    55.992  6 53024.51595134 13.334
 24 126.112146  64.404237    56.428    56.428  2 53059.51594552 12.165
 25 126.109497  64.405240    56.330    56.330  2 53094.51598361 11.175
 26 126.107031  64.401654    53.199    53.199  2 53129.51595501 18.639
 28 126.106637  64.402903    55.958    55.934  3 53199.51602522 51.132
 29 126.103669  64.423193    55.756    55.805  4 53234.51599891 29.961
 30 126.094070  64.399550    59.502    59.836  3 53269.51596030 29.054
 31 126.095928  64.399379    53.679    53.679  2 53304.51602158 43.608
 32 126.111868  64.403620    55.007    55.007  2 53339.51599061 15.634
 33 126.094644  64.436162    56.166    56.166  6 53374.51592851  9.608
 34 126.107027  64.403123    57.446    57.448  3 53409.51596462  9.692
 35 126.104600  64.424120    56.090    56.108  4 53444.51595183  8.217
 36 126.098008  64.399862    57.904    57.904  2 53479.51602664 10.300
 37 126.108581  64.402671    58.193    58.193  2 53514.51603435 29.299
 38 126.106120  64.403558    55.980    55.980  2 53549.51605342 53.923
 39 126.112749  64.405519    56.726    56.726  2 53584.51601602 49.160
 40 126.094327  64.432974    56.217    56.224  5 53619.51597833 26.302
 41 126.102572  64.401551    53.398    53.493  3 53654.51599840 40.035
 42 126.106821  64.404181    55.168    55.168  2 53689.51599388 19.416
 43 126.098156  64.433289    54.578    54.060  7 53724.51592388 15.566
 44 126.105560  64.402251    59.020    58.982  3 53759.51586051 13.725
 45 126.115651  64.406127    55.561    55.561  2 53794.51587994 13.712
 46 126.099285  64.401649    58.875    58.875  2 53829.51585546 11.387
 47 126.100667  64.400450    54.108    52.290  3 53864.51593464 29.797
 48 126.106031  64.402443    59.099    59.142  3 53899.51596046 24.649
 49 126.100051  64.401377    59.037    59.037  2 53934.51600404 17.464
 50 126.108095  64.403630    56.498    55.681  3 53969.51597423 21.780
 51 126.098030  64.400491    56.477    56.487  3 54004.51594802 50.698
 52 126.106184  64.402454    52.917    52.929  3 54039.51598029 38.307
 53 126.110604  64.405434    55.626    55.626  2 54074.51597512 17.540
 54 126.105322  64.423397    55.983    56.098  4 54109.51592364 13.400
 55 126.102024  64.402112    58.096    58.096  2 54144.51591288 11.051
 56 126.115124  64.407734    55.960    55.960  2 54179.51590530 11.565
 57 126.104011  64.400438    57.499    57.499  2 54214.51592033 11.576
 58 126.105874  64.401773    59.609    59.609  2 54249.51594829 51.581
 59 126.109483  64.404843    56.774    56.774  2 54284.51595622 24.131
 60 126.110907  64.403911    55.651    55.651  2 54319.51595337 46.230
 61 126.116724  64.406751    57.464    57.793  3 54354.51591690 21.403
 62 126.107368  64.403999    53.468    53.468  2 54389.51589374 41.071
 63 126.112179  64.405433    54.407    54.407  2 54424.51586658 20.181
 64 126.102369  64.401551    58.602    59.462  3 54459.51586898 14.139
 65 126.113064  64.406038    55.578    55.578  2 54494.51587155 14.531
 66 126.105806  64.402631    57.484    57.264  3 54529.51588189 10.805
 67 126.116829  64.406639    56.379    56.108  3 54564.51587845  8.644
 68 126.107248  64.402863    52.893    52.893  2 54599.51587759 40.690
 69 126.106959  64.403182    58.502    58.556  3 54634.51589006 26.175
 70 126.110136  64.402708    56.746    56.746  2 54669.51589460 27.248
 71 126.115228  64.406483    54.570    55.994  3 54704.51585860 25.572
 72 126.103744  64.401635    55.469    55.469  2 54739.51585717 51.939
 73 126.113241  64.405770    52.980    52.980  2 54774.51583947 42.626
 74 126.100494  64.400395    57.362    57.362  2 54809.51585051 14.913
 75 126.111380  64.405963    54.654    54.654  2 54844.51583814 15.693
 76 126.103746  64.402916    57.018    57.018  2 54879.51585407 11.689
 77 126.115256  64.405185    56.027    56.027  2 54914.51584171  9.735
 78 126.105439  64.401312    52.171    52.171  2 54949.51584644 46.117
 79 126.105413  64.402874    58.846    59.136  3 54984.51587168 25.735
 80 126.110061  64.403980    56.979    56.151  3 55019.51586732 29.517
 81 126.112090  64.404237    56.809    56.809  2 55054.51586371 19.001
 82 126.115236  64.406508    57.074    57.223  3 55089.51582422 21.659
 83 126.107001  64.401669    54.236    54.236  2 55124.51580053 51.284
 84 126.111730  64.405505    55.621    55.667  3 55159.51578505 20.581
 85 126.101075  64.400755    57.661    57.661  2 55194.51579082 17.561
 86 126.113146  64.407008    54.934    54.934  2 55229.51578756 16.542
 87 126.106177  64.404379    56.055    56.055  2 55264.51578644 13.542
 88 126.114953  64.407617    54.993    54.993  2 55299.51577057 12.735
 89 126.109875  64.403695    53.903    53.903  2 55334.51576373 48.434
 90 126.110085  64.405313    57.845    57.845  2 55369.51575491 20.367
 91 126.104549  64.401871    57.349    57.610  3 55404.51577165 16.411
 92 126.112249  64.405615    53.981    53.981  2 55439.51577341 22.074
 93 126.104561  64.421454    56.203    56.623  6 55474.51572228 19.800
